time	V(n012)
0.000000000000000e+00	4.500006e-14
1.428571445265854e-08	-4.482769e-09
2.857142890531708e-08	-3.827207e-09
4.285714335797562e-08	1.966730e-09
5.714285781063416e-08	1.289904e-08
7.142857226329269e-08	2.896973e-08
8.571428671595124e-08	5.017880e-08
1.000000011686097e-07	7.652624e-08
1.702935979690717e-07	1.173553e-06
2.541831061297035e-07	6.749632e-06
3.446385872779563e-07	2.089326e-05
5.255495495744617e-07	7.086778e-05
8.038035460358760e-07	1.913554e-04
1.110997117934650e-06	3.843381e-04
1.529594315445729e-06	7.395354e-04
2.056854317427165e-06	1.319441e-03
2.808306034323672e-06	2.364784e-03
3.830642220675314e-06	4.116569e-03
5.336696969676576e-06	7.205475e-03
7.560062442838990e-06	1.247316e-02
1.114857118408496e-05	2.186983e-02
1.605769618559862e-05	3.528227e-02
2.383842025985482e-05	5.502158e-02
3.344378563306177e-05	7.052451e-02
4.163007922724191e-05	7.681981e-02
4.947812912027180e-05	8.114382e-02
5.924375412027181e-05	8.519626e-02
6.900937912027180e-05	8.849393e-02
7.877500412027181e-05	9.125392e-02
8.854062912027180e-05	9.367181e-02
9.830625412027180e-05	9.579615e-02
1.080718791202718e-04	9.770641e-02
1.178375041202718e-04	9.941482e-02
1.276031291202718e-04	1.009612e-01
1.373687541202718e-04	1.023476e-01
1.471343791202718e-04	1.035963e-01
1.569000041202718e-04	1.047059e-01
1.666656291202718e-04	1.056889e-01
1.764312541202718e-04	1.065446e-01
1.861968791202718e-04	1.072796e-01
1.959625041202718e-04	1.078933e-01
2.057281291202718e-04	1.083888e-01
2.154937541202718e-04	1.087665e-01
2.252593791202718e-04	1.090270e-01
2.350250041202718e-04	1.091714e-01
2.447906291202718e-04	1.091986e-01
2.545562541202718e-04	1.091104e-01
2.643218791202718e-04	1.089044e-01
2.740875041202718e-04	1.085830e-01
2.838531291202718e-04	1.081426e-01
2.936187541202718e-04	1.075858e-01
3.033843791202718e-04	1.069077e-01
3.131500041202718e-04	1.061108e-01
3.229156291202718e-04	1.051888e-01
3.326812541202718e-04	1.041431e-01
3.424468791202718e-04	1.029652e-01
3.522125041202718e-04	1.016542e-01
3.619781291202718e-04	1.001976e-01
3.717437541202718e-04	9.859004e-02
3.815093791202718e-04	9.681134e-02
3.912750041202718e-04	9.484545e-02
4.010406291202718e-04	9.265584e-02
4.108062541202718e-04	9.019785e-02
4.205718791202718e-04	8.739426e-02
4.303375041202718e-04	8.412284e-02
4.401031291202718e-04	8.014707e-02
4.498687541202718e-04	7.500615e-02
4.596343791202718e-04	6.762625e-02
4.694000041202718e-04	5.554327e-02
4.791656291202718e-04	3.582482e-02
4.889312541202718e-04	9.951165e-03
4.901519572452718e-04	6.500557e-03
4.904571330265218e-04	5.638127e-03
4.910674845890218e-04	3.913209e-03
4.911321037484260e-04	3.730571e-03
4.912613420672345e-04	3.365283e-03
4.913775988334208e-04	3.035792e-03
4.913946642053580e-04	2.987321e-03
4.914287949492324e-04	2.890503e-03
4.914970564369814e-04	2.697455e-03
4.916335794124794e-04	2.311685e-03
4.919066253634752e-04	1.539336e-03
4.923929297089447e-04	1.636929e-04
4.933655383998837e-04	-2.588629e-03
4.953107557817616e-04	-8.095944e-03
4.992011905455175e-04	-1.910587e-02
5.068866670493134e-04	-4.053340e-02
5.166522920493134e-04	-6.343491e-02
5.264179170493134e-04	-7.565597e-02
5.351759702912849e-04	-8.103441e-02
5.435739910094081e-04	-8.521032e-02
5.518597392206673e-04	-8.828628e-02
5.616253642206674e-04	-9.151286e-02
5.713909892206674e-04	-9.415255e-02
5.811566142206673e-04	-9.657466e-02
5.909222392206673e-04	-9.865901e-02
6.006878642206673e-04	-1.006008e-01
6.104534892206673e-04	-1.023037e-01
6.202191142206673e-04	-1.038995e-01
6.299847392206673e-04	-1.053038e-01
6.397503642206673e-04	-1.066127e-01
6.495159892206673e-04	-1.077566e-01
6.592816142206673e-04	-1.088083e-01
6.690472392206673e-04	-1.097109e-01
6.788128642206674e-04	-1.105208e-01
6.885784892206674e-04	-1.111915e-01
6.983441142206673e-04	-1.117675e-01
7.081097392206673e-04	-1.122108e-01
7.178753642206673e-04	-1.125566e-01
7.276409892206673e-04	-1.127743e-01
7.374066142206673e-04	-1.128915e-01
7.471722392206673e-04	-1.128840e-01
7.569378642206673e-04	-1.127731e-01
7.667034892206673e-04	-1.125397e-01
7.764691142206673e-04	-1.122002e-01
7.862347392206673e-04	-1.117398e-01
7.960003642206673e-04	-1.111703e-01
8.057659892206674e-04	-1.104802e-01
8.155316142206674e-04	-1.096774e-01
8.252972392206673e-04	-1.087529e-01
8.350628642206673e-04	-1.077103e-01
8.448284892206673e-04	-1.065421e-01
8.545941142206673e-04	-1.052474e-01
8.643597392206673e-04	-1.038178e-01
8.741253642206673e-04	-1.022468e-01
8.838909892206673e-04	-1.005222e-01
8.936566142206673e-04	-9.862766e-02
9.034222392206673e-04	-9.654055e-02
9.131878642206673e-04	-9.422471e-02
9.229534892206674e-04	-9.162559e-02
9.327191142206674e-04	-8.865952e-02
9.424847392206674e-04	-8.517887e-02
9.522503642206673e-04	-8.090615e-02
9.620159892206673e-04	-7.526223e-02
9.717816142206673e-04	-6.688172e-02
9.815472392206673e-04	-5.281728e-02
9.913128642206673e-04	-3.089277e-02
1.001078489220667e-03	-4.024531e-03
1.010844114220667e-03	2.363536e-02
1.020282822603955e-03	4.908274e-02
1.030048447603955e-03	6.776873e-02
1.039814072603955e-03	7.645356e-02
1.049579697603955e-03	8.164167e-02
1.059345322603955e-03	8.567465e-02
1.069110947603955e-03	8.884463e-02
1.078876572603955e-03	9.160915e-02
1.088642197603955e-03	9.396402e-02
1.098407822603955e-03	9.609664e-02
1.108173447603955e-03	9.797031e-02
1.117939072603955e-03	9.968709e-02
1.127704697603955e-03	1.012116e-01
1.137470322603955e-03	1.026051e-01
1.147235947603955e-03	1.038388e-01
1.157001572603955e-03	1.049549e-01
1.166767197603955e-03	1.059287e-01
1.176532822603955e-03	1.067902e-01
1.186298447603955e-03	1.075196e-01
1.196064072603955e-03	1.081382e-01
1.205829697603955e-03	1.086309e-01
1.215595322603955e-03	1.090128e-01
1.225360947603955e-03	1.092725e-01
1.235126572603955e-03	1.094205e-01
1.244892197603955e-03	1.094485e-01
1.254657822603955e-03	1.093635e-01
1.264423447603955e-03	1.091597e-01
1.274189072603955e-03	1.088412e-01
1.283954697603955e-03	1.084042e-01
1.293720322603955e-03	1.078501e-01
1.303485947603955e-03	1.071767e-01
1.313251572603955e-03	1.063828e-01
1.323017197603955e-03	1.054666e-01
1.332782822603955e-03	1.044244e-01
1.342548447603955e-03	1.032538e-01
1.352314072603955e-03	1.019475e-01
1.362079697603955e-03	1.005005e-01
1.371845322603955e-03	9.889973e-02
1.381610947603955e-03	9.713389e-02
1.391376572603955e-03	9.517910e-02
1.401142197603955e-03	9.300860e-02
1.410907822603955e-03	9.057333e-02
1.420673447603955e-03	8.780067e-02
1.430439072603955e-03	8.457229e-02
1.440204697603955e-03	8.067191e-02
1.449970322603955e-03	7.565960e-02
1.459735947603955e-03	6.854849e-02
1.469501572603955e-03	5.701628e-02
1.479267197603955e-03	3.798504e-02
1.489032822603955e-03	1.245108e-02
1.490253525728955e-03	9.009227e-03
1.490558701510205e-03	8.148220e-03
1.491169053072705e-03	6.425601e-03
1.491954024556229e-03	4.208847e-03
1.492150267427110e-03	3.654440e-03
1.492542753168873e-03	2.545502e-03
1.492920738912997e-03	1.476771e-03
1.492955743000403e-03	1.377621e-03
1.493025751175217e-03	1.179256e-03
1.493165767524844e-03	7.829512e-04
1.493445800224099e-03	-8.864771e-06
1.493725142931241e-03	-7.991490e-04
1.494283828345526e-03	-2.379769e-03
1.495401199174096e-03	-5.542439e-03
1.497635940831236e-03	-1.186989e-02
1.502105424145515e-03	-2.450080e-02
1.511044390774073e-03	-4.884848e-02
1.519261064440740e-03	-6.624109e-02
1.528046877979811e-03	-7.595827e-02
1.537812502979811e-03	-8.183058e-02
1.547578127979811e-03	-8.628987e-02
1.557343752979811e-03	-8.968427e-02
1.567109377979811e-03	-9.265103e-02
1.576875002979811e-03	-9.514139e-02
1.586640627979811e-03	-9.741829e-02
1.596406252979811e-03	-9.940468e-02
1.606171877979811e-03	-1.012452e-01
1.615937502979811e-03	-1.028720e-01
1.625703127979811e-03	-1.043853e-01
1.635468752979811e-03	-1.057227e-01
1.645234377979811e-03	-1.069585e-01
1.655000002979811e-03	-1.080393e-01
1.664765627979811e-03	-1.090228e-01
1.674531252979811e-03	-1.098638e-01
1.684296877979811e-03	-1.106080e-01
1.694062502979811e-03	-1.112173e-01
1.703828127979811e-03	-1.117288e-01
1.713593752979811e-03	-1.121102e-01
1.723359377979811e-03	-1.123920e-01
1.733125002979811e-03	-1.125471e-01
1.742890627979811e-03	-1.126003e-01
1.752656252979811e-03	-1.125293e-01
1.762421877979811e-03	-1.123542e-01
1.772187502979811e-03	-1.120564e-01
1.781953127979811e-03	-1.116521e-01
1.791718752979811e-03	-1.111259e-01
1.801484377979811e-03	-1.104905e-01
1.811250002979811e-03	-1.097327e-01
1.821015627979811e-03	-1.088621e-01
1.830781252979811e-03	-1.078668e-01
1.840546877979811e-03	-1.067528e-01
1.850312502979811e-03	-1.055086e-01
1.860078127979811e-03	-1.041357e-01
1.869843752979811e-03	-1.026209e-01
1.879609377979811e-03	-1.009592e-01
1.889375002979811e-03	-9.913170e-02
1.899140627979811e-03	-9.712181e-02
1.908906252979811e-03	-9.489585e-02
1.918671877979811e-03	-9.241126e-02
1.928437502979811e-03	-8.958886e-02
1.938203127979811e-03	-8.631591e-02
1.947968752979811e-03	-8.236860e-02
1.957734377979811e-03	-7.730915e-02
1.967500002979811e-03	-7.013129e-02
1.977265627979811e-03	-5.848556e-02
1.987031252979811e-03	-3.926354e-02
1.996796877979811e-03	-1.356257e-02
2.006562502979811e-03	1.409048e-02
2.015588083471788e-03	3.925845e-02
2.025353708471787e-03	6.196445e-02
2.035119333471788e-03	7.398985e-02
2.043894034468191e-03	7.932667e-02
2.052284293881872e-03	8.345935e-02
2.060255051554335e-03	8.638069e-02
2.070020676554335e-03	8.958214e-02
2.079786301554335e-03	9.218187e-02
2.089551926554335e-03	9.456584e-02
2.099317551554335e-03	9.659690e-02
2.109083176554335e-03	9.849352e-02
2.118848801554335e-03	1.001390e-01
2.128614426554335e-03	1.016798e-01
2.138380051554335e-03	1.030198e-01
2.148145676554335e-03	1.042659e-01
2.157911301554335e-03	1.053392e-01
2.167676926554335e-03	1.063215e-01
2.177442551554335e-03	1.071476e-01
2.187208176554335e-03	1.078821e-01
2.196973801554335e-03	1.084712e-01
2.206739426554335e-03	1.089660e-01
2.216505051554335e-03	1.093225e-01
2.226270676554335e-03	1.095821e-01
2.236036301554335e-03	1.097080e-01
2.245801926554335e-03	1.097341e-01
2.255567551554335e-03	1.096297e-01
2.265333176554335e-03	1.094225e-01
2.275098801554335e-03	1.090870e-01
2.284864426554335e-03	1.086452e-01
2.294630051554335e-03	1.080762e-01
2.304395676554335e-03	1.073970e-01
2.314161301554335e-03	1.065900e-01
2.323926926554335e-03	1.056673e-01
2.333692551554335e-03	1.046136e-01
2.343458176554335e-03	1.034359e-01
2.353223801554335e-03	1.021193e-01
2.362989426554335e-03	1.006649e-01
2.372755051554335e-03	9.905487e-02
2.382520676554335e-03	9.728120e-02
2.392286301554335e-03	9.531780e-02
2.402051926554335e-03	9.313887e-02
2.411817551554335e-03	9.069213e-02
2.421583176554335e-03	8.791210e-02
2.431348801554335e-03	8.467244e-02
2.441114426554335e-03	8.075698e-02
2.450880051554335e-03	7.572070e-02
2.460645676554335e-03	6.856743e-02
2.470411301554335e-03	5.694376e-02
2.480176926554335e-03	3.779126e-02
2.489942551554335e-03	1.219060e-02
2.491163254679335e-03	8.741386e-03
2.491468430460585e-03	7.879558e-03
2.492078782023085e-03	6.155683e-03
2.493299485148085e-03	2.705762e-03
2.493438812286338e-03	2.311812e-03
2.493717466562843e-03	1.523890e-03
2.493770939668589e-03	1.372656e-03
2.493877885880080e-03	1.068901e-03
2.493988618973642e-03	7.545463e-04
2.494093287107195e-03	4.594109e-04
2.494251505580305e-03	1.214530e-05
2.494464952809523e-03	-5.921422e-04
2.494718216502722e-03	-1.308631e-03
2.495193362828382e-03	-2.653834e-03
2.495738415801487e-03	-4.196844e-03
2.496650907417730e-03	-6.781162e-03
2.497924725695952e-03	-1.038892e-02
2.499715436582141e-03	-1.545950e-02
2.502908278833826e-03	-2.447931e-02
2.508863018870239e-03	-4.101209e-02
2.518628643870239e-03	-6.363928e-02
2.528242158366487e-03	-7.547019e-02
2.538007783366487e-03	-8.136375e-02
2.546845588423534e-03	-8.557859e-02
2.555770859996839e-03	-8.875947e-02
2.565536484996839e-03	-9.186270e-02
2.575302109996839e-03	-9.441043e-02
2.585067734996839e-03	-9.676190e-02
2.594833359996839e-03	-9.878340e-02
2.604598984996839e-03	-1.006729e-01
2.614364609996839e-03	-1.023250e-01
2.624130234996839e-03	-1.038757e-01
2.633895859996839e-03	-1.052339e-01
2.643661484996839e-03	-1.065005e-01
2.653427109996839e-03	-1.076002e-01
2.663192734996839e-03	-1.086105e-01
2.672958359996839e-03	-1.094695e-01
2.682723984996839e-03	-1.102378e-01
2.692489609996839e-03	-1.108648e-01
2.702255234996839e-03	-1.113986e-01
2.712020859996839e-03	-1.117977e-01
2.721786484996839e-03	-1.121005e-01
2.731552109996839e-03	-1.122732e-01
2.741317734996839e-03	-1.123465e-01
2.751083359996839e-03	-1.122931e-01
2.760848984996839e-03	-1.121372e-01
2.770614609996839e-03	-1.118570e-01
2.780380234996839e-03	-1.114713e-01
2.790145859996839e-03	-1.109627e-01
2.799911484996839e-03	-1.103453e-01
2.809677109996839e-03	-1.096052e-01
2.819442734996839e-03	-1.087521e-01
2.829208359996839e-03	-1.077747e-01
2.838973984996839e-03	-1.066780e-01
2.848739609996839e-03	-1.054520e-01
2.858505234996839e-03	-1.040968e-01
2.868270859996839e-03	-1.026011e-01
2.878036484996839e-03	-1.009582e-01
2.887802109996839e-03	-9.915197e-02
2.897567734996839e-03	-9.716386e-02
2.907333359996839e-03	-9.496406e-02
2.917098984996839e-03	-9.250879e-02
2.926864609996839e-03	-8.972505e-02
2.936630234996839e-03	-8.650293e-02
2.946395859996839e-03	-8.263327e-02
2.956161484996839e-03	-7.770517e-02
2.965927109996839e-03	-7.079057e-02
2.975692734996839e-03	-5.969494e-02
2.985458359996839e-03	-4.120658e-02
2.995223984996839e-03	-1.591623e-02
3.004989609996839e-03	1.169791e-02
3.014063058202869e-03	3.710812e-02
3.023828683202869e-03	6.054434e-02
3.033594308202869e-03	7.343744e-02
3.043359933202869e-03	7.953995e-02
3.052209636469102e-03	8.383792e-02
3.061200135811393e-03	8.707165e-02
3.070965760811393e-03	9.018673e-02
3.080731385811393e-03	9.272759e-02
3.090497010811393e-03	9.506871e-02
3.100262635811393e-03	9.706432e-02
3.110028260811393e-03	9.893426e-02
3.119793885811393e-03	1.005544e-01
3.129559510811393e-03	1.020759e-01
3.139325135811393e-03	1.033956e-01
3.149090760811393e-03	1.046264e-01
3.158856385811394e-03	1.056821e-01
3.168622010811393e-03	1.066512e-01
3.178387635811394e-03	1.074618e-01
3.188153260811393e-03	1.081842e-01
3.197918885811394e-03	1.087585e-01
3.207684510811393e-03	1.092424e-01
3.217450135811394e-03	1.095848e-01
3.227215760811393e-03	1.098340e-01
3.236981385811394e-03	1.099465e-01
3.246747010811393e-03	1.099624e-01
3.256512635811394e-03	1.098452e-01
3.266278260811393e-03	1.096282e-01
3.276043885811393e-03	1.092802e-01
3.285809510811393e-03	1.088290e-01
3.295575135811393e-03	1.082480e-01
3.305340760811393e-03	1.075596e-01
3.315106385811393e-03	1.067409e-01
3.324872010811393e-03	1.058092e-01
3.334637635811393e-03	1.047441e-01
3.344403260811393e-03	1.035576e-01
3.354168885811393e-03	1.022298e-01
3.363934510811393e-03	1.007664e-01
3.373700135811393e-03	9.914511e-02
3.383465760811393e-03	9.736194e-02
3.393231385811393e-03	9.538651e-02
3.402997010811394e-03	9.319656e-02
3.412762635811393e-03	9.073532e-02
3.422528260811394e-03	8.793991e-02
3.432293885811393e-03	8.467825e-02
3.442059510811394e-03	8.073297e-02
3.451825135811393e-03	7.564466e-02
3.461590760811394e-03	6.839120e-02
3.471356385811393e-03	5.655822e-02
3.481122010811394e-03	3.713823e-02
3.490887635811393e-03	1.139007e-02
3.492108338936394e-03	7.937174e-03
3.492413514717643e-03	7.074428e-03
3.493023866280144e-03	5.348773e-03
3.493936570586984e-03	2.767215e-03
3.494147453033402e-03	2.170552e-03
3.494569217926237e-03	9.771768e-04
3.494812970689909e-03	2.865390e-04
3.494855272195030e-03	1.665940e-04
3.494939875205271e-03	-7.314372e-05
3.495109081225754e-03	-5.522317e-04
3.495447493266720e-03	-1.510477e-03
3.496124317348651e-03	-3.427276e-03
3.497477965512514e-03	-7.261813e-03
3.500185261840240e-03	-1.492974e-02
3.505599854495692e-03	-3.018857e-02
3.515365479495693e-03	-5.565942e-02
3.523820385810528e-03	-7.041951e-02
3.532634336649036e-03	-7.787000e-02
3.540611604235377e-03	-8.235051e-02
3.550377229235376e-03	-8.655180e-02
3.560142854235377e-03	-8.990522e-02
3.569908479235376e-03	-9.275912e-02
3.579674104235377e-03	-9.522974e-02
3.589439729235376e-03	-9.743847e-02
3.599205354235377e-03	-9.940594e-02
3.608970979235376e-03	-1.011932e-01
3.618736604235376e-03	-1.028040e-01
3.628502229235376e-03	-1.042721e-01
3.638267854235376e-03	-1.055918e-01
3.648033479235376e-03	-1.067870e-01
3.657799104235376e-03	-1.078481e-01
3.667564729235376e-03	-1.087936e-01
3.677330354235376e-03	-1.096127e-01
3.687095979235376e-03	-1.103203e-01
3.696861604235376e-03	-1.109057e-01
3.706627229235376e-03	-1.113814e-01
3.716392854235376e-03	-1.117370e-01
3.726158479235376e-03	-1.119836e-01
3.735924104235376e-03	-1.121110e-01
3.745689729235376e-03	-1.121293e-01
3.755455354235376e-03	-1.120288e-01
3.765220979235376e-03	-1.118187e-01
3.774986604235376e-03	-1.114898e-01
3.784752229235377e-03	-1.110502e-01
3.794517854235376e-03	-1.104910e-01
3.804283479235377e-03	-1.098194e-01
3.814049104235376e-03	-1.090265e-01
3.823814729235377e-03	-1.081180e-01
3.833580354235376e-03	-1.070845e-01
3.843345979235377e-03	-1.059297e-01
3.853111604235376e-03	-1.046426e-01
3.862877229235377e-03	-1.032237e-01
3.872642854235376e-03	-1.016582e-01
3.882408479235376e-03	-9.994052e-02
3.892174104235376e-03	-9.804806e-02
3.901939729235376e-03	-9.596257e-02
3.911705354235376e-03	-9.364268e-02
3.921470979235377e-03	-9.103604e-02
3.931236604235376e-03	-8.805197e-02
3.941002229235376e-03	-8.454207e-02
3.950767854235376e-03	-8.021072e-02
3.960533479235377e-03	-7.445490e-02
3.970299104235376e-03	-6.582154e-02
3.980064729235376e-03	-5.129098e-02
3.989830354235376e-03	-2.893624e-02
3.999595979235377e-03	-1.933359e-03
4.009361604235376e-03	2.570598e-02
4.018979105934198e-03	5.137895e-02
4.028744730934198e-03	6.915289e-02
4.038510355934198e-03	7.730060e-02
4.047328561531030e-03	8.196867e-02
4.057094186531030e-03	8.599585e-02
4.066859811531031e-03	8.920185e-02
4.076625436531030e-03	9.197038e-02
4.086391061531030e-03	9.434991e-02
4.096156686531030e-03	9.649210e-02
4.105922311531031e-03	9.838668e-02
4.115687936531030e-03	1.001169e-01
4.125453561531030e-03	1.016602e-01
4.135219186531030e-03	1.030707e-01
4.144984811531031e-03	1.043241e-01
4.154750436531031e-03	1.054596e-01
4.164516061531030e-03	1.064537e-01
4.174281686531030e-03	1.073362e-01
4.184047311531031e-03	1.080865e-01
4.193812936531031e-03	1.087281e-01
4.203578561531030e-03	1.092425e-01
4.213344186531030e-03	1.096491e-01
4.223109811531031e-03	1.099314e-01
4.232875436531031e-03	1.101057e-01
4.242641061531030e-03	1.101573e-01
4.252406686531030e-03	1.101001e-01
4.262172311531030e-03	1.099211e-01
4.271937936531031e-03	1.096320e-01
4.281703561531030e-03	1.092212e-01
4.291469186531030e-03	1.086986e-01
4.301234811531030e-03	1.080533e-01
4.311000436531031e-03	1.072932e-01
4.320766061531030e-03	1.064081e-01
4.330531686531030e-03	1.054034e-01
4.340297311531030e-03	1.042683e-01
4.350062936531031e-03	1.030051e-01
4.359828561531030e-03	1.016009e-01
4.369594186531030e-03	1.000530e-01
4.379359811531030e-03	9.834318e-02
4.389125436531031e-03	9.645926e-02
4.398891061531031e-03	9.437050e-02
4.408656686531030e-03	9.204389e-02
4.418422311531030e-03	8.941251e-02
4.428187936531031e-03	8.638933e-02
4.437953561531031e-03	8.280129e-02
4.447719186531030e-03	7.833219e-02
4.457484811531030e-03	7.228998e-02
4.467250436531031e-03	6.303833e-02
4.477016061531031e-03	4.740324e-02
4.486781686531030e-03	2.413193e-02
4.488002389656030e-03	2.077170e-02
4.491054147468530e-03	1.230662e-02
4.492274850593531e-03	8.891708e-03
4.493615837999052e-03	5.126123e-03
4.493951084850433e-03	4.182461e-03
4.494621578553194e-03	2.294045e-03
4.494789201978885e-03	1.821542e-03
4.495124448830265e-03	8.763258e-04
4.495465033284629e-03	-8.479413e-05
4.495495329736294e-03	-1.704654e-04
4.495555922639624e-03	-3.419074e-04
4.495677108446285e-03	-6.844744e-04
4.495919480059606e-03	-1.368694e-03
4.496146624843076e-03	-2.010340e-03
4.496600914410017e-03	-3.293887e-03
4.497509493543900e-03	-5.862564e-03
4.499326651811665e-03	-1.100368e-02
4.502960968347194e-03	-2.127885e-02
4.510229601418255e-03	-4.146665e-02
4.519995226418255e-03	-6.387814e-02
4.528805020023978e-03	-7.478642e-02
4.537445696829604e-03	-8.027118e-02
4.545757140107130e-03	-8.444253e-02
4.554003395365044e-03	-8.756141e-02
4.563769020365044e-03	-9.079953e-02
4.573534645365044e-03	-9.346307e-02
4.583300270365044e-03	-9.588098e-02
4.593065895365044e-03	-9.797222e-02
4.602831520365044e-03	-9.990364e-02
4.612597145365044e-03	-1.016047e-01
4.622362770365044e-03	-1.031863e-01
4.632128395365044e-03	-1.045834e-01
4.641894020365044e-03	-1.058754e-01
4.651659645365044e-03	-1.070081e-01
4.661425270365044e-03	-1.080411e-01
4.671190895365044e-03	-1.089294e-01
4.680956520365044e-03	-1.097189e-01
4.690722145365044e-03	-1.103728e-01
4.700487770365044e-03	-1.109269e-01
4.710253395365044e-03	-1.113512e-01
4.720019020365044e-03	-1.116738e-01
4.729784645365044e-03	-1.118705e-01
4.739550270365044e-03	-1.119632e-01
4.749315895365044e-03	-1.119328e-01
4.759081520365045e-03	-1.117961e-01
4.768847145365044e-03	-1.115380e-01
4.778612770365044e-03	-1.111712e-01
4.788378395365044e-03	-1.106840e-01
4.798144020365045e-03	-1.100852e-01
4.807909645365044e-03	-1.093657e-01
4.817675270365044e-03	-1.085311e-01
4.827440895365044e-03	-1.075737e-01
4.837206520365044e-03	-1.064954e-01
4.846972145365044e-03	-1.052892e-01
4.856737770365044e-03	-1.039525e-01
4.866503395365044e-03	-1.024768e-01
4.876269020365044e-03	-1.008533e-01
4.886034645365044e-03	-9.906822e-02
4.895800270365044e-03	-9.710181e-02
4.905565895365044e-03	-9.492671e-02
4.915331520365044e-03	-9.249908e-02
4.925097145365044e-03	-8.974998e-02
4.934862770365044e-03	-8.657242e-02
4.944628395365044e-03	-8.276881e-02
4.954394020365044e-03	-7.794918e-02
4.964159645365044e-03	-7.124791e-02
4.973925270365044e-03	-6.060004e-02
4.983690895365044e-03	-4.274889e-02
4.993456520365044e-03	-1.785182e-02
5.003222145365045e-03	9.713420e-03
5.012350884837874e-03	3.535262e-02
5.022116509837874e-03	5.935881e-02
5.031882134837874e-03	7.301267e-02
5.040131332991000e-03	7.849628e-02
5.047882470837078e-03	8.259195e-02
5.055860197026652e-03	8.573934e-02
5.065625822026652e-03	8.909231e-02
5.075391447026652e-03	9.182219e-02
5.085157072026652e-03	9.428765e-02
5.094922697026653e-03	9.640299e-02
5.104688322026652e-03	9.835819e-02
5.114453947026652e-03	1.000697e-01
5.124219572026652e-03	1.016603e-01
5.133985197026652e-03	1.030580e-01
5.143750822026652e-03	1.043506e-01
5.153516447026652e-03	1.054778e-01
5.163282072026652e-03	1.065058e-01
5.173047697026652e-03	1.073841e-01
5.182813322026652e-03	1.081647e-01
5.192578947026652e-03	1.088053e-01
5.202344572026652e-03	1.093472e-01
5.212110197026652e-03	1.097553e-01
5.221875822026652e-03	1.100630e-01
5.231641447026652e-03	1.102409e-01
5.241407072026652e-03	1.103163e-01
5.251172697026652e-03	1.102648e-01
5.260938322026652e-03	1.101084e-01
5.270703947026652e-03	1.098267e-01
5.280469572026652e-03	1.094376e-01
5.290235197026652e-03	1.089240e-01
5.300000822026652e-03	1.082998e-01
5.309766447026652e-03	1.075506e-01
5.319532072026652e-03	1.066864e-01
5.329297697026652e-03	1.056946e-01
5.339063322026653e-03	1.045809e-01
5.348828947026652e-03	1.033333e-01
5.358594572026652e-03	1.019522e-01
5.368360197026652e-03	1.004237e-01
5.378125822026652e-03	9.874087e-02
5.387891447026652e-03	9.688304e-02
5.397657072026652e-03	9.482962e-02
5.407422697026652e-03	9.254244e-02
5.417188322026652e-03	8.996638e-02
5.426953947026652e-03	8.701473e-02
5.436719572026652e-03	8.353802e-02
5.446485197026652e-03	7.924711e-02
5.456250822026652e-03	7.354774e-02
5.466016447026652e-03	6.501716e-02
5.475782072026652e-03	5.067865e-02
5.485547697026652e-03	2.853193e-02
5.486768400151652e-03	2.523660e-02
5.489209806401652e-03	1.858527e-02
5.494092618901652e-03	4.998180e-03
5.494256287466099e-03	4.537375e-03
5.494583624594991e-03	3.615601e-03
5.495238298852777e-03	1.770558e-03
5.495370029158692e-03	1.399033e-03
5.495633489770523e-03	6.558781e-04
5.495944052291557e-03	-2.207907e-04
5.496130015070043e-03	-7.479663e-04
5.496332477209110e-03	-1.320012e-03
5.496538319624852e-03	-1.899540e-03
5.496758243968378e-03	-2.521614e-03
5.497099856770337e-03	-3.486806e-03
5.497454455975108e-03	-4.489477e-03
5.498037587969871e-03	-6.138823e-03
5.498721276158522e-03	-8.073171e-03
5.499675890490836e-03	-1.077499e-02
5.500912488604792e-03	-1.427453e-02
5.502726107658888e-03	-1.940345e-02
5.505680160874245e-03	-2.772744e-02
5.510773458680352e-03	-4.180122e-02
5.520539083680351e-03	-6.404076e-02
5.529580591854307e-03	-7.502072e-02
5.539346216854307e-03	-8.099954e-02
5.548180543662558e-03	-8.521258e-02
5.557151975399480e-03	-8.842917e-02
5.566917600399479e-03	-9.152425e-02
5.576683225399479e-03	-9.407680e-02
5.586448850399480e-03	-9.641863e-02
5.596214475399480e-03	-9.843916e-02
5.605980100399480e-03	-1.003183e-01
5.615745725399479e-03	-1.019660e-01
5.625511350399479e-03	-1.035053e-01
5.635276975399480e-03	-1.048568e-01
5.645042600399480e-03	-1.061112e-01
5.654808225399479e-03	-1.072024e-01
5.664573850399479e-03	-1.081996e-01
5.674339475399480e-03	-1.090485e-01
5.684105100399480e-03	-1.098031e-01
5.693870725399479e-03	-1.104186e-01
5.703636350399479e-03	-1.109380e-01
5.713401975399480e-03	-1.113243e-01
5.723167600399480e-03	-1.116120e-01
5.732933225399479e-03	-1.117709e-01
5.742698850399479e-03	-1.118284e-01
5.752464475399480e-03	-1.117601e-01
5.762230100399480e-03	-1.115877e-01
5.771995725399479e-03	-1.112916e-01
5.781761350399479e-03	-1.108884e-01
5.791526975399480e-03	-1.103626e-01
5.801292600399480e-03	-1.097266e-01
5.811058225399479e-03	-1.089678e-01
5.820823850399479e-03	-1.080945e-01
5.830589475399480e-03	-1.070961e-01
5.840355100399480e-03	-1.059768e-01
5.850120725399480e-03	-1.047266e-01
5.859886350399479e-03	-1.033448e-01
5.869651975399479e-03	-1.018195e-01
5.879417600399480e-03	-1.001430e-01
5.889183225399480e-03	-9.829760e-02
5.898948850399479e-03	-9.626274e-02
5.908714475399479e-03	-9.400479e-02
5.918480100399480e-03	-9.147463e-02
5.928245725399480e-03	-8.858788e-02
5.938011350399479e-03	-8.521637e-02
5.947776975399479e-03	-8.110885e-02
5.957542600399480e-03	-7.575517e-02
5.967308225399480e-03	-6.796631e-02
5.977073850399479e-03	-5.505986e-02
5.986839475399479e-03	-3.434910e-02
5.996605100399480e-03	-7.951437e-03
6.006370725399480e-03	1.971938e-02
6.015579211763795e-03	4.506046e-02
6.025344836763795e-03	6.574435e-02
6.035110461763795e-03	7.585124e-02
6.044876086763795e-03	8.128273e-02
6.054641711763795e-03	8.559030e-02
6.064407336763795e-03	8.882788e-02
6.074172961763795e-03	9.172636e-02
6.083938586763795e-03	9.411703e-02
6.093704211763795e-03	9.634233e-02
6.103469836763795e-03	9.824439e-02
6.113235461763795e-03	1.000379e-01
6.123001086763795e-03	1.015900e-01
6.132766711763795e-03	1.030514e-01
6.142532336763795e-03	1.043146e-01
6.152297961763795e-03	1.054959e-01
6.162063586763795e-03	1.065024e-01
6.171829211763795e-03	1.074271e-01
6.181594836763795e-03	1.081918e-01
6.191360461763795e-03	1.088732e-01
6.201126086763795e-03	1.094041e-01
6.210891711763795e-03	1.098487e-01
6.220657336763795e-03	1.101496e-01
6.230422961763795e-03	1.103606e-01
6.240188586763795e-03	1.104326e-01
6.249954211763795e-03	1.104114e-01
6.259719836763795e-03	1.102545e-01
6.269485461763795e-03	1.100009e-01
6.279251086763795e-03	1.096141e-01
6.289016711763795e-03	1.091268e-01
6.298782336763795e-03	1.085073e-01
6.308547961763795e-03	1.077831e-01
6.318313586763795e-03	1.069262e-01
6.328079211763795e-03	1.059586e-01
6.337844836763795e-03	1.048550e-01
6.347610461763795e-03	1.036317e-01
6.357376086763795e-03	1.022642e-01
6.367141711763795e-03	1.007618e-01
6.376907336763795e-03	9.909745e-02
6.386672961763795e-03	9.727017e-02
6.396438586763795e-03	9.524391e-02
6.406204211763795e-03	9.299787e-02
6.415969836763795e-03	9.046683e-02
6.425735461763795e-03	8.758459e-02
6.435501086763795e-03	8.420029e-02
6.445266711763795e-03	8.006915e-02
6.455032336763795e-03	7.465135e-02
6.464797961763795e-03	6.672891e-02
6.474563586763795e-03	5.353980e-02
6.484329211763795e-03	3.254502e-02
6.494094836763795e-03	6.060004e-03
6.494747811577040e-03	4.205270e-03
6.494911055280351e-03	3.742106e-03
6.495237542686974e-03	2.816028e-03
6.495890517500220e-03	9.641432e-04
6.495972680346655e-03	7.311287e-04
6.496137006039526e-03	2.651346e-04
6.496309564289722e-03	-2.244806e-04
6.496476329773486e-03	-6.990376e-04
6.496650470202692e-03	-1.193331e-03
6.496842553239675e-03	-1.736911e-03
6.497084723517749e-03	-2.424268e-03
6.497512639492634e-03	-3.637844e-03
6.497948477972135e-03	-4.874111e-03
6.498799712506637e-03	-7.288389e-03
6.499849194066801e-03	-1.026422e-02
6.501416520408816e-03	-1.470591e-02
6.503822327334151e-03	-2.151106e-02
6.508027476543949e-03	-3.331121e-02
6.516433833433198e-03	-5.512656e-02
6.526199458433198e-03	-7.147478e-02
6.534546495244309e-03	-7.804988e-02
6.542596786348973e-03	-8.250009e-02
6.552362411348973e-03	-8.658789e-02
6.562128036348973e-03	-8.990893e-02
6.571893661348974e-03	-9.270917e-02
6.581659286348973e-03	-9.516187e-02
6.591424911348973e-03	-9.733492e-02
6.601190536348973e-03	-9.928741e-02
6.610956161348974e-03	-1.010461e-01
6.620721786348973e-03	-1.026426e-01
6.630487411348973e-03	-1.040851e-01
6.640253036348973e-03	-1.053900e-01
6.650018661348973e-03	-1.065609e-01
6.659784286348973e-03	-1.076062e-01
6.669549911348973e-03	-1.085280e-01
6.679315536348973e-03	-1.093301e-01
6.689081161348973e-03	-1.100142e-01
6.698846786348973e-03	-1.105814e-01
6.708612411348973e-03	-1.110335e-01
6.718378036348973e-03	-1.113699e-01
6.728143661348973e-03	-1.115926e-01
6.737909286348973e-03	-1.116997e-01
6.747674911348973e-03	-1.116938e-01
6.757440536348973e-03	-1.115720e-01
6.767206161348973e-03	-1.113371e-01
6.776971786348973e-03	-1.109857e-01
6.786737411348973e-03	-1.105207e-01
6.796503036348973e-03	-1.099378e-01
6.806268661348973e-03	-1.092397e-01
6.816034286348974e-03	-1.084213e-01
6.825799911348973e-03	-1.074847e-01
6.835565536348973e-03	-1.064233e-01
6.845331161348973e-03	-1.052376e-01
6.855096786348974e-03	-1.039187e-01
6.864862411348973e-03	-1.024641e-01
6.874628036348973e-03	-1.008601e-01
6.884393661348973e-03	-9.909800e-02
6.894159286348973e-03	-9.715470e-02
6.903924911348973e-03	-9.500736e-02
6.913690536348973e-03	-9.261091e-02
6.923456161348973e-03	-8.990249e-02
6.933221786348973e-03	-8.677750e-02
6.942987411348973e-03	-8.305386e-02
6.952753036348973e-03	-7.836485e-02
6.962518661348973e-03	-7.192132e-02
6.972284286348973e-03	-6.181632e-02
6.982049911348973e-03	-4.478606e-02
6.991815536348973e-03	-2.043737e-02
7.001581161348973e-03	7.043556e-03
7.010881903571818e-03	3.323320e-02
7.020647528571818e-03	5.783100e-02
7.030413153571818e-03	7.238781e-02
7.038061119598760e-03	7.779854e-02
7.045902007488298e-03	8.210304e-02
7.054162331330298e-03	8.549006e-02
7.063927956330298e-03	8.889591e-02
7.073693581330298e-03	9.168717e-02
7.083459206330298e-03	9.417813e-02
7.093224831330298e-03	9.633332e-02
7.102990456330297e-03	9.830575e-02
7.112756081330298e-03	1.000484e-01
7.122521706330298e-03	1.016533e-01
7.132287331330298e-03	1.030781e-01
7.142052956330297e-03	1.043844e-01
7.151818581330298e-03	1.055364e-01
7.161584206330298e-03	1.065781e-01
7.171349831330298e-03	1.074805e-01
7.181115456330297e-03	1.082751e-01
7.190881081330298e-03	1.089388e-01
7.200646706330298e-03	1.094955e-01
7.210412331330298e-03	1.099265e-01
7.220177956330297e-03	1.102497e-01
7.229943581330298e-03	1.104505e-01
7.239709206330298e-03	1.105421e-01
7.249474831330298e-03	1.105134e-01
7.259240456330297e-03	1.103740e-01
7.269006081330298e-03	1.101154e-01
7.278771706330298e-03	1.097440e-01
7.288537331330298e-03	1.092539e-01
7.298302956330298e-03	1.086485e-01
7.308068581330298e-03	1.079235e-01
7.317834206330298e-03	1.070795e-01
7.327599831330298e-03	1.061130e-01
7.337365456330298e-03	1.050217e-01
7.347131081330297e-03	1.038016e-01
7.356896706330298e-03	1.024462e-01
7.366662331330298e-03	1.009494e-01
7.376427956330298e-03	9.929825e-02
7.386193581330297e-03	9.748004e-02
7.395959206330298e-03	9.546987e-02
7.405724831330298e-03	9.323887e-02
7.415490456330298e-03	9.073182e-02
7.425256081330297e-03	8.787715e-02
7.435021706330298e-03	8.453873e-02
7.444787331330298e-03	8.047487e-02
7.454552956330298e-03	7.518729e-02
7.464318581330297e-03	6.752416e-02
7.474084206330298e-03	5.486697e-02
7.483849831330298e-03	3.445230e-02
7.493615456330298e-03	8.205037e-03
7.494836159455297e-03	4.746748e-03
7.495141335236548e-03	3.881766e-03
7.495751686799047e-03	2.151694e-03
7.495904274689672e-03	1.719169e-03
7.496209450470923e-03	8.541476e-04
7.496285744416235e-03	6.378980e-04
7.496438332306860e-03	2.054030e-04
7.496650328879540e-03	-3.957597e-04
7.496803807992799e-03	-8.326935e-04
7.496974951543628e-03	-1.318504e-03
7.497149507110381e-03	-1.811747e-03
7.497358768372768e-03	-2.405486e-03
7.497677895161026e-03	-3.310259e-03
7.498010797830157e-03	-4.254165e-03
7.498597346816797e-03	-5.917524e-03
7.499278094290345e-03	-7.847581e-03
7.500270444875994e-03	-1.066104e-02
7.501587288672127e-03	-1.439216e-02
7.503551885272164e-03	-1.995151e-02
7.506856107993319e-03	-2.925527e-02
7.512784638649245e-03	-4.546043e-02
7.522550263649245e-03	-6.625275e-02
7.531492552320149e-03	-7.589095e-02
7.541258177320148e-03	-8.157481e-02
7.551023802320149e-03	-8.598197e-02
7.560659688070480e-03	-8.926912e-02
7.570425313070480e-03	-9.221566e-02
7.580190938070479e-03	-9.466770e-02
7.589956563070480e-03	-9.692753e-02
7.599722188070480e-03	-9.887978e-02
7.609487813070480e-03	-1.006991e-01
7.619253438070480e-03	-1.022950e-01
7.629019063070480e-03	-1.037852e-01
7.638784688070480e-03	-1.050914e-01
7.648550313070480e-03	-1.063017e-01
7.658315938070480e-03	-1.073505e-01
7.668081563070480e-03	-1.083062e-01
7.677847188070480e-03	-1.091139e-01
7.687612813070480e-03	-1.098282e-01
7.697378438070480e-03	-1.104029e-01
7.707144063070480e-03	-1.108823e-01
7.716909688070480e-03	-1.112279e-01
7.726675313070480e-03	-1.114756e-01
7.736440938070480e-03	-1.115935e-01
7.746206563070480e-03	-1.116108e-01
7.755972188070480e-03	-1.115011e-01
7.765737813070480e-03	-1.112881e-01
7.775503438070480e-03	-1.109499e-01
7.785269063070479e-03	-1.105056e-01
7.795034688070480e-03	-1.099369e-01
7.804800313070480e-03	-1.092587e-01
7.814565938070480e-03	-1.084556e-01
7.824331563070479e-03	-1.075384e-01
7.834097188070479e-03	-1.064934e-01
7.843862813070479e-03	-1.053273e-01
7.853628438070481e-03	-1.040264e-01
7.863394063070480e-03	-1.025922e-01
7.873159688070480e-03	-1.010090e-01
7.882925313070480e-03	-9.926988e-02
7.892690938070480e-03	-9.735213e-02
7.902456563070480e-03	-9.523411e-02
7.912222188070479e-03	-9.287339e-02
7.921987813070479e-03	-9.021021e-02
7.931753438070481e-03	-8.714671e-02
7.941519063070480e-03	-8.351494e-02
7.951284688070480e-03	-7.897805e-02
7.961050313070480e-03	-7.282966e-02
7.970815938070480e-03	-6.335137e-02
7.980581563070480e-03	-4.733632e-02
7.990347188070479e-03	-2.373729e-02
8.000112813070479e-03	3.598094e-03
8.009800785696963e-03	3.093333e-02
8.019566410696963e-03	5.607447e-02
8.029332035696963e-03	7.159279e-02
8.039097660696963e-03	7.864837e-02
8.047802344570781e-03	8.309934e-02
8.056850977669628e-03	8.662823e-02
8.066616602669628e-03	8.982950e-02
8.076382227669628e-03	9.251922e-02
8.086147852669628e-03	9.490325e-02
8.095913477669629e-03	9.700134e-02
8.105679102669629e-03	9.890196e-02
8.115444727669629e-03	1.006046e-01
8.125210352669629e-03	1.021537e-01
8.134975977669628e-03	1.035460e-01
8.144741602669628e-03	1.048047e-01
8.154507227669628e-03	1.059278e-01
8.164272852669628e-03	1.069266e-01
8.174038477669629e-03	1.078012e-01
8.183804102669629e-03	1.085557e-01
8.193569727669629e-03	1.091927e-01
8.203335352669629e-03	1.097108e-01
8.213100977669629e-03	1.101150e-01
8.222866602669628e-03	1.104008e-01
8.232632227669628e-03	1.105747e-01
8.242397852669628e-03	1.106297e-01
8.252163477669628e-03	1.105737e-01
8.261929102669629e-03	1.103983e-01
8.271694727669629e-03	1.101119e-01
8.281460352669629e-03	1.097049e-01
8.291225977669629e-03	1.091864e-01
8.300991602669628e-03	1.085455e-01
8.310757227669628e-03	1.077912e-01
8.320522852669628e-03	1.069113e-01
8.330288477669628e-03	1.059144e-01
8.340054102669629e-03	1.047860e-01
8.349819727669629e-03	1.035331e-01
8.359585352669629e-03	1.021382e-01
8.369350977669629e-03	1.006043e-01
8.379116602669628e-03	9.890825e-02
8.388882227669628e-03	9.704475e-02
8.398647852669628e-03	9.497829e-02
8.408413477669628e-03	9.268451e-02
8.418179102669629e-03	9.009437e-02
8.427944727669629e-03	8.713347e-02
8.437710352669629e-03	8.363792e-02
8.447475977669629e-03	7.932768e-02
8.457241602669629e-03	7.358693e-02
8.467007227669628e-03	6.498218e-02
8.476772852669628e-03	5.049652e-02
8.486538477669628e-03	2.821170e-02
8.487759180794629e-03	2.490599e-02
8.490200587044628e-03	1.823710e-02
8.495083399544629e-03	4.630666e-03
8.495249260925652e-03	4.163301e-03
8.495580983687702e-03	3.228457e-03
8.496244429211800e-03	1.357442e-03
8.496365796849913e-03	1.014932e-03
8.496608532126138e-03	3.298389e-04
8.496894942284063e-03	-4.790729e-04
8.497072798744881e-03	-9.835244e-04
8.497285890102365e-03	-1.585881e-03
8.497479434061882e-03	-2.130974e-03
8.497704816189659e-03	-2.768723e-03
8.498042046391959e-03	-3.721898e-03
8.498393993407292e-03	-4.717400e-03
8.498973345793179e-03	-6.356548e-03
8.499646448739632e-03	-8.261391e-03
8.500588426169294e-03	-1.092791e-02
8.501803018161383e-03	-1.436548e-02
8.503579470733940e-03	-1.938936e-02
8.506460112898802e-03	-2.750632e-02
8.511409696078377e-03	-4.119433e-02
8.521175321078376e-03	-6.358960e-02
8.530236095212040e-03	-7.474474e-02
8.538962897303111e-03	-8.020022e-02
8.547308478236754e-03	-8.435380e-02
8.555611644612809e-03	-8.745819e-02
8.565377269612809e-03	-9.067342e-02
8.575142894612808e-03	-9.331209e-02
8.584908519612808e-03	-9.571490e-02
8.594674144612810e-03	-9.778740e-02
8.604439769612809e-03	-9.970555e-02
8.614205394612809e-03	-1.013900e-01
8.623971019612809e-03	-1.029585e-01
8.633736644612809e-03	-1.043395e-01
8.643502269612809e-03	-1.056180e-01
8.653267894612808e-03	-1.067345e-01
8.663033519612808e-03	-1.077533e-01
8.672799144612810e-03	-1.086250e-01
8.682564769612809e-03	-1.093995e-01
8.692330394612809e-03	-1.100364e-01
8.702096019612809e-03	-1.105747e-01
8.711861644612809e-03	-1.109815e-01
8.721627269612809e-03	-1.112874e-01
8.731392894612808e-03	-1.114660e-01
8.741158519612808e-03	-1.115414e-01
8.750924144612808e-03	-1.114922e-01
8.760689769612810e-03	-1.113373e-01
8.770455394612809e-03	-1.110597e-01
8.780221019612809e-03	-1.106738e-01
8.789986644612809e-03	-1.101662e-01
8.799752269612809e-03	-1.095472e-01
8.809517894612809e-03	-1.088063e-01
8.819283519612808e-03	-1.079498e-01
8.829049144612808e-03	-1.069691e-01
8.838814769612810e-03	-1.058667e-01
8.848580394612809e-03	-1.046343e-01
8.858346019612809e-03	-1.032697e-01
8.868111644612809e-03	-1.017630e-01
8.877877269612809e-03	-1.001050e-01
8.887642894612809e-03	-9.828006e-02
8.897408519612808e-03	-9.626683e-02
8.907174144612808e-03	-9.403405e-02
8.916939769612810e-03	-9.153313e-02
8.926705394612809e-03	-8.868428e-02
8.936471019612809e-03	-8.536393e-02
8.946236644612809e-03	-8.133538e-02
8.956002269612809e-03	-7.611912e-02
8.965767894612809e-03	-6.861114e-02
8.975533519612808e-03	-5.627263e-02
8.985299144612808e-03	-3.621511e-02
8.995064769612808e-03	-1.011474e-02
9.004830394612810e-03	1.754963e-02
9.013951004069050e-03	4.282762e-02
9.023716629069050e-03	6.445537e-02
9.033482254069049e-03	7.537157e-02
9.043247879069049e-03	8.097067e-02
9.053013504069049e-03	8.540370e-02
9.062629601198002e-03	8.864311e-02
9.072395226198002e-03	9.160131e-02
9.082160851198002e-03	9.402335e-02
9.091926476198001e-03	9.628522e-02
9.101692101198001e-03	9.821299e-02
9.111457726198001e-03	1.000314e-01
9.121223351198001e-03	1.016010e-01
9.130988976198002e-03	1.030877e-01
9.140754601198002e-03	1.043689e-01
9.150520226198002e-03	1.055723e-01
9.160285851198002e-03	1.065964e-01
9.170051476198001e-03	1.075423e-01
9.179817101198001e-03	1.083256e-01
9.189582726198001e-03	1.090275e-01
9.199348351198001e-03	1.095773e-01
9.209113976198001e-03	1.100424e-01
9.218879601198002e-03	1.103626e-01
9.228645226198002e-03	1.105943e-01
9.238410851198002e-03	1.106863e-01
9.248176476198001e-03	1.106860e-01
9.257942101198001e-03	1.105498e-01
9.267707726198001e-03	1.103174e-01
9.277473351198001e-03	1.099519e-01
9.287238976198001e-03	1.094863e-01
9.297004601198002e-03	1.088892e-01
9.306770226198002e-03	1.081876e-01
9.316535851198002e-03	1.073542e-01
9.326301476198002e-03	1.064107e-01
9.336067101198001e-03	1.053327e-01
9.345832726198001e-03	1.041359e-01
9.355598351198001e-03	1.027972e-01
9.365363976198001e-03	1.013256e-01
9.375129601198002e-03	9.969604e-02
9.384895226198002e-03	9.790759e-02
9.394660851198002e-03	9.592761e-02
9.404426476198002e-03	9.373699e-02
9.414192101198001e-03	9.127760e-02
9.423957726198001e-03	8.849067e-02
9.433723351198001e-03	8.524493e-02
9.443488976198001e-03	8.133255e-02
9.453254601198001e-03	7.630771e-02
9.463020226198002e-03	6.919354e-02
9.472785851198002e-03	5.765142e-02
9.482551476198002e-03	3.859346e-02
9.492317101198001e-03	1.301848e-02
9.493537804323002e-03	9.566575e-03
9.495979210573002e-03	2.662773e-03
9.496042554629758e-03	2.483558e-03
9.496169242743272e-03	2.125042e-03
9.496422618970300e-03	1.407853e-03
9.496734869444617e-03	5.239910e-04
9.496799047318193e-03	3.423102e-04
9.496927403065347e-03	-2.105415e-05
9.497039892399368e-03	-3.400414e-04
9.497057974888515e-03	-3.914090e-04
9.497094139866808e-03	-4.941036e-04
9.497166469823393e-03	-6.992004e-04
9.497311129736563e-03	-1.108944e-03
9.497576455907413e-03	-1.860529e-03
9.498107108249111e-03	-3.363834e-03
9.499168412932508e-03	-6.370935e-03
9.501291022299302e-03	-1.238494e-02
9.505536241032888e-03	-2.438211e-02
9.514014326399192e-03	-4.751160e-02
9.522274545039972e-03	-6.522664e-02
9.531107388831957e-03	-7.520575e-02
9.540873013831956e-03	-8.111184e-02
9.550638638831956e-03	-8.559218e-02
9.560404263831956e-03	-8.898468e-02
9.570169888831958e-03	-9.194949e-02
9.579935513831957e-03	-9.442882e-02
9.589701138831957e-03	-9.669733e-02
9.599466763831957e-03	-9.866623e-02
9.609232388831957e-03	-1.004905e-01
9.618998013831957e-03	-1.020984e-01
9.628763638831956e-03	-1.035920e-01
9.638529263831956e-03	-1.049074e-01
9.648294888831958e-03	-1.061205e-01
9.658060513831957e-03	-1.071768e-01
9.667826138831957e-03	-1.081349e-01
9.677591763831957e-03	-1.089491e-01
9.687357388831957e-03	-1.096656e-01
9.697123013831957e-03	-1.102460e-01
9.706888638831956e-03	-1.107275e-01
9.716654263831956e-03	-1.110782e-01
9.726419888831958e-03	-1.113280e-01
9.736185513831958e-03	-1.114504e-01
9.745951138831957e-03	-1.114699e-01
9.755716763831957e-03	-1.113643e-01
9.765482388831957e-03	-1.111534e-01
9.775248013831957e-03	-1.108189e-01
9.785013638831956e-03	-1.103767e-01
9.794779263831956e-03	-1.098113e-01
9.804544888831956e-03	-1.091351e-01
9.814310513831958e-03	-1.083349e-01
9.824076138831957e-03	-1.074196e-01
9.833841763831957e-03	-1.063772e-01
9.843607388831957e-03	-1.052126e-01
9.853373013831957e-03	-1.039139e-01
9.863138638831957e-03	-1.024810e-01
9.872904263831956e-03	-1.008994e-01
9.882669888831956e-03	-9.916113e-02
9.892435513831958e-03	-9.724430e-02
9.902201138831957e-03	-9.512635e-02
9.911966763831957e-03	-9.276543e-02
9.921732388831957e-03	-9.010077e-02
9.931498013831957e-03	-8.703478e-02
9.941263638831957e-03	-8.339768e-02
9.951029263831956e-03	-7.885125e-02
9.960794888831956e-03	-7.268219e-02
9.970560513831958e-03	-6.315956e-02
9.980326138831958e-03	-4.707005e-02
9.990091763831957e-03	-2.341595e-02
9.999857388831957e-03	3.928930e-03
1.000000000000000e-02	4.331848e-03
