time	V(n012)
0.000000000000000e+00	4.500007e-14
1.428571445265854e-08	-3.911187e-09
2.857142890531708e-08	-3.340370e-09
4.285714335797562e-08	1.712496e-09
5.714285781063416e-08	1.124741e-08
7.142857226329269e-08	2.526438e-08
8.571428671595124e-08	4.376339e-08
1.000000011686097e-07	6.674446e-08
1.697739414162920e-07	1.009204e-06
2.535030712273712e-07	5.849524e-06
3.426201471729182e-07	1.799169e-05
5.208542990640121e-07	6.122315e-05
7.952583576814177e-07	1.672213e-04
1.093390863387680e-06	3.372937e-04
1.495698041233866e-06	6.543919e-04
1.989858598808762e-06	1.173257e-03
2.676161671894498e-06	2.117513e-03
3.571604700564755e-06	3.706270e-03
4.821853477296433e-06	6.526865e-03
6.520841389618366e-06	1.131702e-02
8.950118817812667e-06	1.968707e-02
1.245522587941860e-05	3.387121e-02
1.688589436264742e-05	5.158574e-02
2.192461501185511e-05	6.285594e-02
2.445861505235592e-05	6.466985e-02
2.737596510936452e-05	6.656396e-02
3.050015200969467e-05	6.827873e-02
3.674852581035499e-05	7.109866e-02
4.423292852201175e-05	7.384244e-02
5.399855352201175e-05	7.677661e-02
6.376417852201174e-05	7.926653e-02
7.352980352201175e-05	8.142599e-02
8.329542852201175e-05	8.336263e-02
9.306105352201174e-05	8.509256e-02
1.028266785220118e-04	8.667785e-02
1.125923035220117e-04	8.810465e-02
1.223579285220117e-04	8.941916e-02
1.321235535220117e-04	9.059955e-02
1.418891785220118e-04	9.168348e-02
1.516548035220117e-04	9.264465e-02
1.614204285220117e-04	9.351706e-02
1.711860535220118e-04	9.427256e-02
1.809516785220117e-04	9.494290e-02
1.907173035220117e-04	9.549934e-02
2.004829285220118e-04	9.597208e-02
2.102485535220117e-04	9.633248e-02
2.200141785220117e-04	9.660953e-02
2.297798035220118e-04	9.677503e-02
2.395454285220118e-04	9.685700e-02
2.493110535220117e-04	9.682788e-02
2.590766785220118e-04	9.671472e-02
2.688423035220118e-04	9.649073e-02
2.786079285220118e-04	9.618198e-02
2.883735535220117e-04	9.576239e-02
2.981391785220117e-04	9.525698e-02
3.079048035220117e-04	9.464023e-02
3.176704285220118e-04	9.393588e-02
3.274360535220118e-04	9.311873e-02
3.372016785220118e-04	9.221082e-02
3.469673035220118e-04	9.118669e-02
3.567329285220117e-04	9.006596e-02
3.664985535220117e-04	8.882186e-02
3.762641785220117e-04	8.747012e-02
3.860298035220118e-04	8.598052e-02
3.957954285220118e-04	8.436167e-02
4.055610535220118e-04	8.257493e-02
4.153266785220117e-04	8.061370e-02
4.250923035220117e-04	7.841489e-02
4.348579285220117e-04	7.593388e-02
4.446235535220118e-04	7.303569e-02
4.543891785220118e-04	6.951657e-02
4.641548035220118e-04	6.486590e-02
4.739204285220118e-04	5.770535e-02
4.836860535220117e-04	4.295590e-02
4.915347972877697e-04	1.925868e-02
4.921134608763526e-04	1.691178e-02
4.932707880535181e-04	1.210029e-02
4.935601198478096e-04	1.085386e-02
4.941387834363923e-04	8.334009e-03
4.949453183886361e-04	4.736195e-03
4.951469521266969e-04	3.819101e-03
4.955502196028188e-04	1.974000e-03
4.957749591902361e-04	9.349903e-04
4.958111142853138e-04	7.670932e-04
4.958834244754693e-04	4.312652e-04
4.960280448557805e-04	-2.418925e-04
4.963172856164026e-04	-1.596645e-03
4.968957671376470e-04	-4.335819e-03
4.978328815005454e-04	-8.851177e-03
4.997071102263421e-04	-1.812463e-02
5.034555676779356e-04	-3.711929e-02
5.070343254838913e-04	-5.348061e-02
5.103896581328034e-04	-6.277873e-02
5.125079708056169e-04	-6.519547e-02
5.149644629102981e-04	-6.700791e-02
5.181860637716519e-04	-6.896195e-02
5.215135835643859e-04	-7.067679e-02
5.281686231498539e-04	-7.354288e-02
5.379342481498539e-04	-7.688887e-02
5.476998731498539e-04	-7.965302e-02
5.574654981498539e-04	-8.202523e-02
5.672311231498539e-04	-8.413499e-02
5.769967481498539e-04	-8.602341e-02
5.867623731498539e-04	-8.774938e-02
5.965279981498539e-04	-8.931825e-02
6.062936231498539e-04	-9.076485e-02
6.160592481498539e-04	-9.208184e-02
6.258248731498539e-04	-9.329669e-02
6.355904981498539e-04	-9.439571e-02
6.453561231498538e-04	-9.540158e-02
6.551217481498539e-04	-9.629849e-02
6.648873731498539e-04	-9.710637e-02
6.746529981498539e-04	-9.780867e-02
6.844186231498539e-04	-9.842356e-02
6.941842481498539e-04	-9.893446e-02
7.039498731498539e-04	-9.935832e-02
7.137154981498539e-04	-9.967886e-02
7.234811231498539e-04	-9.991217e-02
7.332467481498539e-04	-1.000424e-01
7.430123731498539e-04	-1.000850e-01
7.527779981498539e-04	-1.000248e-01
7.625436231498539e-04	-9.987637e-02
7.723092481498539e-04	-9.962521e-02
7.820748731498539e-04	-9.928542e-02
7.918404981498539e-04	-9.884290e-02
8.016061231498539e-04	-9.831107e-02
8.113717481498539e-04	-9.767623e-02
8.211373731498539e-04	-9.695090e-02
8.309029981498539e-04	-9.612155e-02
8.406686231498539e-04	-9.519944e-02
8.504342481498539e-04	-9.417072e-02
8.601998731498539e-04	-9.304481e-02
8.699654981498539e-04	-9.180663e-02
8.797311231498539e-04	-9.046261e-02
8.894967481498540e-04	-8.899470e-02
8.992623731498539e-04	-8.740384e-02
9.090279981498539e-04	-8.566522e-02
9.187936231498539e-04	-8.376829e-02
9.285592481498539e-04	-8.166996e-02
9.383248731498539e-04	-7.933276e-02
9.480904981498539e-04	-7.666485e-02
9.578561231498539e-04	-7.352818e-02
9.676217481498539e-04	-6.961841e-02
9.773873731498538e-04	-6.422792e-02
9.871529981498538e-04	-5.506368e-02
9.969186231498538e-04	-3.454074e-02
1.005811743682270e-03	-5.861616e-05
1.014639769256585e-03	4.314188e-02
1.019577382607620e-03	6.034752e-02
1.022823108366992e-03	6.439929e-02
1.026558769353902e-03	6.665800e-02
1.029408007842625e-03	6.826475e-02
1.032762166118017e-03	6.984279e-02
1.039217356542820e-03	7.246009e-02
1.047249167129665e-03	7.513037e-02
1.057014792129665e-03	7.786831e-02
1.066780417129665e-03	8.020636e-02
1.076546042129665e-03	8.227880e-02
1.086311667129665e-03	8.412600e-02
1.096077292129665e-03	8.580726e-02
1.105842917129665e-03	8.732633e-02
1.115608542129665e-03	8.872001e-02
1.125374167129665e-03	8.998299e-02
1.135139792129665e-03	9.113740e-02
1.144905417129665e-03	9.217619e-02
1.154671042129665e-03	9.311558e-02
1.164436667129665e-03	9.394653e-02
1.174202292129665e-03	9.468242e-02
1.183967917129665e-03	9.531351e-02
1.193733542129665e-03	9.585142e-02
1.203499167129665e-03	9.628632e-02
1.213264792129665e-03	9.662868e-02
1.223030417129665e-03	9.686883e-02
1.232796042129665e-03	9.701648e-02
1.242561667129665e-03	9.706226e-02
1.252327292129665e-03	9.701528e-02
1.262092917129665e-03	9.686653e-02
1.271858542129665e-03	9.662460e-02
1.281624167129665e-03	9.628075e-02
1.291389792129665e-03	9.584308e-02
1.301155417129665e-03	9.530297e-02
1.310921042129665e-03	9.466790e-02
1.320686667129665e-03	9.392912e-02
1.330452292129665e-03	9.309318e-02
1.340217917129665e-03	9.215077e-02
1.349983542129665e-03	9.110694e-02
1.359749167129665e-03	8.995101e-02
1.369514792129665e-03	8.868541e-02
1.379280417129665e-03	8.729646e-02
1.389046042129665e-03	8.578170e-02
1.398811667129665e-03	8.412089e-02
1.408577292129665e-03	8.230121e-02
1.418342917129665e-03	8.028684e-02
1.428108542129665e-03	7.803656e-02
1.437874167129665e-03	7.547250e-02
1.447639792129665e-03	7.246948e-02
1.457405417129665e-03	6.876156e-02
1.467171042129665e-03	6.375611e-02
1.476936667129665e-03	5.563854e-02
1.486702292129665e-03	3.798720e-02
1.487922995254665e-03	3.452080e-02
1.490364401504665e-03	2.685823e-02
1.495247214004665e-03	7.677051e-03
1.495647845144048e-03	5.883739e-03
1.496449107422813e-03	2.252371e-03
1.496485373311337e-03	2.085808e-03
1.496557905088387e-03	1.752331e-03
1.496702968642485e-03	1.083305e-03
1.496855661877214e-03	3.757441e-04
1.497013951944198e-03	-3.622215e-04
1.497175292534388e-03	-1.116443e-03
1.497350969996353e-03	-1.939838e-03
1.497589690794247e-03	-3.066685e-03
1.498067132390035e-03	-5.339093e-03
1.498501575039115e-03	-7.428879e-03
1.499370460337274e-03	-1.166539e-02
1.500490103212328e-03	-1.722353e-02
1.501997667391926e-03	-2.484467e-02
1.504884551578054e-03	-3.949917e-02
1.508192923086249e-03	-5.425835e-02
1.511757819766196e-03	-6.336306e-02
1.513912588752930e-03	-6.546855e-02
1.516355531461145e-03	-6.718736e-02
1.519667556708859e-03	-6.914718e-02
1.523750699837196e-03	-7.117205e-02
1.531916986093870e-03	-7.447324e-02
1.541682611093870e-03	-7.761023e-02
1.551448236093870e-03	-8.024799e-02
1.561213861093870e-03	-8.252694e-02
1.570979486093870e-03	-8.456823e-02
1.580745111093870e-03	-8.639712e-02
1.590510736093870e-03	-8.807573e-02
1.600276361093870e-03	-8.959734e-02
1.610041986093870e-03	-9.100367e-02
1.619807611093870e-03	-9.228045e-02
1.629573236093870e-03	-9.345875e-02
1.639338861093870e-03	-9.452009e-02
1.649104486093870e-03	-9.549093e-02
1.658870111093870e-03	-9.635115e-02
1.668635736093870e-03	-9.712446e-02
1.678401361093870e-03	-9.779032e-02
1.688166986093870e-03	-9.837056e-02
1.697932611093870e-03	-9.884487e-02
1.707698236093870e-03	-9.923377e-02
1.717463861093870e-03	-9.951743e-02
1.727229486093870e-03	-9.971537e-02
1.736995111093870e-03	-9.980842e-02
1.746760736093870e-03	-9.981522e-02
1.756526361093870e-03	-9.971739e-02
1.766291986093870e-03	-9.953275e-02
1.776057611093870e-03	-9.924366e-02
1.785823236093870e-03	-9.886715e-02
1.795588861093870e-03	-9.838621e-02
1.805354486093870e-03	-9.781703e-02
1.815120111093870e-03	-9.714305e-02
1.824885736093870e-03	-9.637939e-02
1.834651361093870e-03	-9.550966e-02
1.844416986093870e-03	-9.454751e-02
1.854182611093870e-03	-9.347618e-02
1.863948236093870e-03	-9.230717e-02
1.873713861093870e-03	-9.102229e-02
1.883479486093870e-03	-8.962952e-02
1.893245111093870e-03	-8.810715e-02
1.903010736093870e-03	-8.645664e-02
1.912776361093870e-03	-8.464810e-02
1.922541986093870e-03	-8.266765e-02
1.932307611093870e-03	-8.046592e-02
1.942073236093870e-03	-7.799242e-02
1.951838861093870e-03	-7.512832e-02
1.961604486093870e-03	-7.168516e-02
1.971370111093869e-03	-6.721465e-02
1.981135736093870e-03	-6.054069e-02
1.990901361093869e-03	-4.738510e-02
1.998986534445032e-03	-2.492571e-02
2.007208715672429e-03	1.092549e-02
2.007857132276186e-03	1.420156e-02
2.009153965483698e-03	2.080399e-02
2.011747631898724e-03	3.413160e-02
2.015062115624914e-03	4.985042e-02
2.018983576606050e-03	6.129546e-02
2.021082732362507e-03	6.367124e-02
2.023687851283804e-03	6.557474e-02
2.026668288231397e-03	6.737234e-02
2.030086812569266e-03	6.912763e-02
2.036923861245004e-03	7.204517e-02
2.046160247773904e-03	7.518598e-02
2.055925872773904e-03	7.793731e-02
2.065691497773904e-03	8.028652e-02
2.075457122773904e-03	8.236907e-02
2.085222747773904e-03	8.422399e-02
2.094988372773904e-03	8.591483e-02
2.104753997773904e-03	8.744134e-02
2.114519622773904e-03	8.884395e-02
2.124285247773904e-03	9.011316e-02
2.134050872773904e-03	9.127773e-02
2.143816497773904e-03	9.232301e-02
2.153582122773904e-03	9.327292e-02
2.163347747773904e-03	9.411071e-02
2.173113372773904e-03	9.485754e-02
2.182878997773904e-03	9.549589e-02
2.192644622773904e-03	9.604514e-02
2.202410247773904e-03	9.648773e-02
2.212175872773904e-03	9.684178e-02
2.221941497773904e-03	9.709006e-02
2.231707122773904e-03	9.724975e-02
2.241472747773904e-03	9.730408e-02
2.251238372773904e-03	9.726946e-02
2.261003997773904e-03	9.712971e-02
2.270769622773904e-03	9.690047e-02
2.280535247773904e-03	9.656612e-02
2.290300872773904e-03	9.614152e-02
2.300066497773904e-03	9.561151e-02
2.309832122773904e-03	9.499004e-02
2.319597747773904e-03	9.426214e-02
2.329363372773904e-03	9.344058e-02
2.339128997773904e-03	9.251020e-02
2.348894622773904e-03	9.148202e-02
2.358660247773904e-03	9.033992e-02
2.368425872773904e-03	8.909215e-02
2.378191497773904e-03	8.772010e-02
2.387957122773904e-03	8.622711e-02
2.397722747773904e-03	8.458884e-02
2.407488372773904e-03	8.279869e-02
2.417253997773904e-03	8.081841e-02
2.427019622773904e-03	7.861528e-02
2.436785247773904e-03	7.611391e-02
2.446550872773904e-03	7.320742e-02
2.456316497773904e-03	6.965989e-02
2.466082122773904e-03	6.497999e-02
2.475847747773904e-03	5.772594e-02
2.485613372773904e-03	4.271433e-02
2.493429899808895e-03	1.879656e-02
2.493991824140824e-03	1.650178e-02
2.495115672804682e-03	1.179815e-02
2.495396634970646e-03	1.058130e-02
2.495958559302575e-03	8.122897e-03
2.497082407966433e-03	3.065154e-03
2.497318646863912e-03	1.975551e-03
2.497791124658870e-03	-2.179609e-04
2.497995715337843e-03	-1.179993e-03
2.498027287781762e-03	-1.328951e-03
2.498090432669599e-03	-1.626135e-03
2.498216722445273e-03	-2.220137e-03
2.498360670076573e-03	-2.900716e-03
2.498648565339175e-03	-4.270266e-03
2.498941155125280e-03	-5.671969e-03
2.499526334697492e-03	-8.502866e-03
2.500173168391252e-03	-1.167105e-02
2.501466835778771e-03	-1.811396e-02
2.503324225512896e-03	-2.754628e-02
2.506278529427664e-03	-4.245152e-02
2.508951720061913e-03	-5.422502e-02
2.512592215783588e-03	-6.336960e-02
2.514763926008264e-03	-6.542572e-02
2.517181095405029e-03	-6.711546e-02
2.520406943872748e-03	-6.902140e-02
2.524862792777994e-03	-7.121915e-02
2.533774490588485e-03	-7.474609e-02
2.543540115588485e-03	-7.781048e-02
2.553305740588485e-03	-8.040050e-02
2.563071365588485e-03	-8.264530e-02
2.572836990588485e-03	-8.465858e-02
2.582602615588485e-03	-8.646475e-02
2.592368240588485e-03	-8.812116e-02
2.602133865588485e-03	-8.962528e-02
2.611899490588485e-03	-9.101296e-02
2.621665115588485e-03	-9.227333e-02
2.631430740588485e-03	-9.343427e-02
2.641196365588485e-03	-9.447958e-02
2.650961990588485e-03	-9.543357e-02
2.660727615588485e-03	-9.627761e-02
2.670493240588485e-03	-9.703393e-02
2.680258865588485e-03	-9.768344e-02
2.690024490588485e-03	-9.824642e-02
2.699790115588485e-03	-9.870412e-02
2.709555740588485e-03	-9.907540e-02
2.719321365588485e-03	-9.934214e-02
2.729086990588485e-03	-9.952210e-02
2.738852615588485e-03	-9.959789e-02
2.748618240588485e-03	-9.958639e-02
2.758383865588485e-03	-9.947097e-02
2.768149490588485e-03	-9.926768e-02
2.777915115588485e-03	-9.896065e-02
2.787680740588485e-03	-9.856512e-02
2.797446365588485e-03	-9.806584e-02
2.807211990588485e-03	-9.747714e-02
2.816977615588485e-03	-9.678423e-02
2.826743240588485e-03	-9.600033e-02
2.836508865588485e-03	-9.511074e-02
2.846274490588485e-03	-9.412720e-02
2.856040115588485e-03	-9.303448e-02
2.865805740588485e-03	-9.184204e-02
2.875571365588485e-03	-9.053306e-02
2.885336990588485e-03	-8.911288e-02
2.895102615588485e-03	-8.756165e-02
2.904868240588485e-03	-8.587654e-02
2.914633865588485e-03	-8.402931e-02
2.924399490588485e-03	-8.200023e-02
2.934165115588485e-03	-7.973663e-02
2.943930740588485e-03	-7.717843e-02
2.953696365588485e-03	-7.418961e-02
2.963461990588485e-03	-7.054011e-02
2.973227615588485e-03	-6.566589e-02
2.982993240588485e-03	-5.795917e-02
2.992758865588485e-03	-4.154404e-02
3.000775527179993e-03	-1.517752e-02
3.008070470636818e-03	1.886994e-02
3.009021777404812e-03	2.377021e-02
3.010924390940800e-03	3.357265e-02
3.014729618012777e-03	5.129912e-02
3.018283272038241e-03	6.137891e-02
3.020329955602199e-03	6.371456e-02
3.022894674891227e-03	6.560823e-02
3.025860664091459e-03	6.740840e-02
3.029221535948179e-03	6.914544e-02
3.035943279661620e-03	7.203744e-02
3.044810939159980e-03	7.508734e-02
3.054576564159980e-03	7.787395e-02
3.064342189159980e-03	8.024732e-02
3.074107814159980e-03	8.234976e-02
3.083873439159980e-03	8.422053e-02
3.093639064159980e-03	8.592631e-02
3.103404689159980e-03	8.746571e-02
3.113170314159980e-03	8.888132e-02
3.122935939159980e-03	9.016234e-02
3.132701564159980e-03	9.133925e-02
3.142467189159980e-03	9.239604e-02
3.152232814159980e-03	9.335816e-02
3.161998439159980e-03	9.420752e-02
3.171764064159980e-03	9.496666e-02
3.181529689159980e-03	9.561681e-02
3.191295314159980e-03	9.617861e-02
3.201060939159980e-03	9.663329e-02
3.210826564159980e-03	9.700017e-02
3.220592189159980e-03	9.726085e-02
3.230357814159980e-03	9.743364e-02
3.240123439159980e-03	9.750070e-02
3.249889064159980e-03	9.747949e-02
3.259654689159980e-03	9.735280e-02
3.269420314159980e-03	9.713728e-02
3.279185939159980e-03	9.681636e-02
3.288951564159980e-03	9.640586e-02
3.298717189159980e-03	9.588973e-02
3.308482814159980e-03	9.528286e-02
3.318248439159980e-03	9.456948e-02
3.328014064159980e-03	9.376328e-02
3.337779689159980e-03	9.284841e-02
3.347545314159980e-03	9.183683e-02
3.357310939159980e-03	9.071187e-02
3.367076564159980e-03	8.948282e-02
3.376842189159980e-03	8.813079e-02
3.386607814159980e-03	8.666040e-02
3.396373439159980e-03	8.504753e-02
3.406139064159980e-03	8.328758e-02
3.415904689159980e-03	8.134381e-02
3.425670314159980e-03	7.918793e-02
3.435435939159980e-03	7.675024e-02
3.445201564159980e-03	7.393751e-02
3.454967189159980e-03	7.054308e-02
3.464732814159980e-03	6.615838e-02
3.474498439159980e-03	5.964118e-02
3.484264064159980e-03	4.697698e-02
3.492449423444296e-03	2.487099e-02
3.493166184066223e-03	2.216080e-02
3.494599705310077e-03	1.653267e-02
3.497466747797784e-03	4.185440e-03
3.497587545142106e-03	3.634676e-03
3.497829139830749e-03	2.529124e-03
3.498208726097241e-03	7.764696e-04
3.498275314044713e-03	4.668242e-04
3.498408489939657e-03	-1.535702e-04
3.498542954319411e-03	-7.825314e-04
3.498674149908773e-03	-1.399771e-03
3.498811340968334e-03	-2.046486e-03
3.498962066632085e-03	-2.757530e-03
3.499156392292043e-03	-3.680120e-03
3.499464352389573e-03	-5.150739e-03
3.499783940525119e-03	-6.687569e-03
3.500388344276668e-03	-9.623280e-03
3.501113732274122e-03	-1.319201e-02
3.502165072743270e-03	-1.844201e-02
3.503733773388143e-03	-2.640252e-02
3.506251162471287e-03	-3.920332e-02
3.509453155422408e-03	-5.360804e-02
3.512992047271411e-03	-6.292941e-02
3.515060130728517e-03	-6.506953e-02
3.517526969144770e-03	-6.684758e-02
3.520880338316513e-03	-6.885031e-02
3.524621195061180e-03	-7.073043e-02
3.532102908550515e-03	-7.383020e-02
3.541868533550516e-03	-7.704753e-02
3.551634158550515e-03	-7.973135e-02
3.561399783550516e-03	-8.204260e-02
3.571165408550515e-03	-8.410489e-02
3.580931033550516e-03	-8.595087e-02
3.590696658550515e-03	-8.764090e-02
3.600462283550516e-03	-8.917281e-02
3.610227908550515e-03	-9.058570e-02
3.619993533550516e-03	-9.186912e-02
3.629759158550515e-03	-9.305129e-02
3.639524783550516e-03	-9.411705e-02
3.649290408550515e-03	-9.509000e-02
3.659056033550516e-03	-9.595314e-02
3.668821658550515e-03	-9.672736e-02
3.678587283550516e-03	-9.739504e-02
3.688352908550515e-03	-9.797531e-02
3.698118533550516e-03	-9.845062e-02
3.707884158550515e-03	-9.883883e-02
3.717649783550515e-03	-9.912279e-02
3.727415408550515e-03	-9.931944e-02
3.737181033550515e-03	-9.941218e-02
3.746946658550515e-03	-9.941716e-02
3.756712283550515e-03	-9.931844e-02
3.766477908550515e-03	-9.913146e-02
3.776243533550515e-03	-9.884090e-02
3.786009158550516e-03	-9.846147e-02
3.795774783550515e-03	-9.797844e-02
3.805540408550516e-03	-9.740568e-02
3.815306033550515e-03	-9.672884e-02
3.825071658550516e-03	-9.596077e-02
3.834837283550515e-03	-9.508719e-02
3.844602908550516e-03	-9.411952e-02
3.854368533550515e-03	-9.304296e-02
3.864134158550516e-03	-9.186679e-02
3.873899783550515e-03	-9.057461e-02
3.883665408550516e-03	-8.917208e-02
3.893431033550515e-03	-8.763904e-02
3.903196658550516e-03	-8.597431e-02
3.912962283550515e-03	-8.414894e-02
3.922727908550515e-03	-8.214549e-02
3.932493533550516e-03	-7.991391e-02
3.942259158550516e-03	-7.739702e-02
3.952024783550515e-03	-7.446820e-02
3.961790408550515e-03	-7.091532e-02
3.971556033550515e-03	-6.623098e-02
3.981321658550516e-03	-5.901445e-02
3.991087283550515e-03	-4.412498e-02
3.998917037600841e-03	-2.030984e-02
4.006238687470315e-03	1.258245e-02
4.006991053294049e-03	1.639535e-02
4.008495784941519e-03	2.407930e-02
4.011505248236457e-03	3.941773e-02
4.015164159031326e-03	5.503514e-02
4.018536801359273e-03	6.267934e-02
4.020657345696274e-03	6.451497e-02
4.023150675569819e-03	6.621186e-02
4.025899675142233e-03	6.782219e-02
4.031391003182403e-03	7.048263e-02
4.039689909370276e-03	7.368770e-02
4.049455534370276e-03	7.671717e-02
4.059221159370276e-03	7.927211e-02
4.068986784370275e-03	8.148760e-02
4.078752409370276e-03	8.346833e-02
4.088518034370276e-03	8.524387e-02
4.098283659370276e-03	8.686721e-02
4.108049284370275e-03	8.833683e-02
4.117814909370276e-03	8.968793e-02
4.127580534370276e-03	9.091103e-02
4.137346159370276e-03	9.203201e-02
4.147111784370276e-03	9.303682e-02
4.156877409370276e-03	9.394746e-02
4.166643034370276e-03	9.474790e-02
4.176408659370276e-03	9.545790e-02
4.186174284370276e-03	9.606069e-02
4.195939909370276e-03	9.657457e-02
4.205705534370276e-03	9.698268e-02
4.215471159370276e-03	9.730230e-02
4.225236784370276e-03	9.751680e-02
4.235002409370275e-03	9.764269e-02
4.244768034370276e-03	9.766378e-02
4.254533659370276e-03	9.759590e-02
4.264299284370276e-03	9.742334e-02
4.274064909370275e-03	9.716132e-02
4.283830534370276e-03	9.679458e-02
4.293596159370276e-03	9.633763e-02
4.303361784370276e-03	9.577557e-02
4.313127409370275e-03	9.512207e-02
4.322893034370276e-03	9.436233e-02
4.332658659370276e-03	9.350886e-02
4.342424284370276e-03	9.254653e-02
4.352189909370275e-03	9.148607e-02
4.361955534370276e-03	9.031124e-02
4.371721159370276e-03	8.902986e-02
4.381486784370276e-03	8.762293e-02
4.391252409370276e-03	8.609304e-02
4.401018034370276e-03	8.441482e-02
4.410783659370276e-03	8.258007e-02
4.420549284370276e-03	8.054794e-02
4.430314909370276e-03	7.828100e-02
4.440080534370276e-03	7.569593e-02
4.449846159370276e-03	7.266901e-02
4.459611784370276e-03	6.892435e-02
4.469377409370276e-03	6.385423e-02
4.479143034370275e-03	5.556709e-02
4.488908659370276e-03	3.742817e-02
4.490129362495276e-03	3.386872e-02
4.492570768745276e-03	2.602628e-02
4.497453581245276e-03	6.551729e-03
4.497820878651558e-03	4.892082e-03
4.498555473464123e-03	1.536287e-03
4.498678869429773e-03	9.644735e-04
4.498925661361073e-03	-1.829890e-04
4.499181474673756e-03	-1.380806e-03
4.499340482876407e-03	-2.131522e-03
4.499506990720529e-03	-2.919151e-03
4.499677538106784e-03	-3.726518e-03
4.499862754609640e-03	-4.609886e-03
4.500119067613480e-03	-5.837983e-03
4.500390827632028e-03	-7.147663e-03
4.500817739684406e-03	-9.220891e-03
4.501309947363055e-03	-1.163259e-02
4.501974836695379e-03	-1.492515e-02
4.502810235039889e-03	-1.911060e-02
4.503966257432384e-03	-2.497428e-02
4.505775081695987e-03	-3.421843e-02
4.508594849697276e-03	-4.795368e-02
4.512176014942942e-03	-6.028272e-02
4.514483966355968e-03	-6.400013e-02
4.517296284342770e-03	-6.629658e-02
4.520039966147226e-03	-6.801098e-02
4.523002311530542e-03	-6.962457e-02
4.528927002297171e-03	-7.232041e-02
4.538692627297171e-03	-7.583745e-02
4.548458252297172e-03	-7.868966e-02
4.558223877297172e-03	-8.112554e-02
4.567989502297171e-03	-8.327063e-02
4.577755127297171e-03	-8.519135e-02
4.587520752297172e-03	-8.693340e-02
4.597286377297172e-03	-8.852101e-02
4.607052002297172e-03	-8.997447e-02
4.616817627297171e-03	-9.130277e-02
4.626583252297172e-03	-9.251925e-02
4.636348877297172e-03	-9.362510e-02
4.646114502297172e-03	-9.462927e-02
4.655880127297171e-03	-9.552993e-02
4.665645752297171e-03	-9.633383e-02
4.675411377297172e-03	-9.703761e-02
4.685177002297172e-03	-9.764685e-02
4.694942627297171e-03	-9.815744e-02
4.704708252297171e-03	-9.857432e-02
4.714473877297172e-03	-9.889307e-02
4.724239502297172e-03	-9.911828e-02
4.734005127297171e-03	-9.924546e-02
4.743770752297171e-03	-9.927898e-02
4.753536377297172e-03	-9.921440e-02
4.763302002297172e-03	-9.905595e-02
4.773067627297171e-03	-9.879927e-02
4.782833252297171e-03	-9.844840e-02
4.792598877297172e-03	-9.799902e-02
4.802364502297172e-03	-9.745491e-02
4.812130127297171e-03	-9.681164e-02
4.821895752297171e-03	-9.607249e-02
4.831661377297172e-03	-9.523267e-02
4.841427002297172e-03	-9.429459e-02
4.851192627297172e-03	-9.325258e-02
4.860958252297171e-03	-9.210748e-02
4.870723877297172e-03	-9.085178e-02
4.880489502297172e-03	-8.948343e-02
4.890255127297172e-03	-8.799111e-02
4.900020752297171e-03	-8.636699e-02
4.909786377297171e-03	-8.459157e-02
4.919552002297172e-03	-8.264418e-02
4.929317627297172e-03	-8.048334e-02
4.939083252297171e-03	-7.805637e-02
4.948848877297171e-03	-7.526109e-02
4.958614502297172e-03	-7.191629e-02
4.968380127297172e-03	-6.763052e-02
4.978145752297171e-03	-6.138203e-02
4.987911377297171e-03	-4.958458e-02
4.996255073749164e-03	-2.830504e-02
5.004612635088695e-03	6.770202e-03
5.005029504693314e-03	8.837781e-03
5.005863243902554e-03	1.300075e-02
5.007530722321033e-03	2.146822e-02
5.010865679157992e-03	3.849445e-02
5.014602757146488e-03	5.469226e-02
5.018110446552610e-03	6.279134e-02
5.020218474248928e-03	6.459411e-02
5.022717674555931e-03	6.629296e-02
5.025467674331614e-03	6.790332e-02
5.030967673882981e-03	7.056542e-02
5.038723308615558e-03	7.358104e-02
5.048488933615558e-03	7.664455e-02
5.058254558615557e-03	7.922187e-02
5.068020183615558e-03	8.145386e-02
5.077785808615558e-03	8.344826e-02
5.087551433615558e-03	8.523502e-02
5.097317058615557e-03	8.686904e-02
5.107082683615558e-03	8.834789e-02
5.116848308615558e-03	8.970848e-02
5.126613933615558e-03	9.094003e-02
5.136379558615557e-03	9.207010e-02
5.146145183615558e-03	9.308312e-02
5.155910808615558e-03	9.400278e-02
5.165676433615558e-03	9.481145e-02
5.175442058615557e-03	9.553056e-02
5.185207683615558e-03	9.614170e-02
5.194973308615558e-03	9.666486e-02
5.204738933615558e-03	9.708149e-02
5.214504558615557e-03	9.741057e-02
5.224270183615557e-03	9.763379e-02
5.234035808615558e-03	9.776935e-02
5.243801433615558e-03	9.779937e-02
5.253567058615558e-03	9.774135e-02
5.263332683615557e-03	9.757794e-02
5.273098308615558e-03	9.732598e-02
5.282863933615558e-03	9.696864e-02
5.292629558615558e-03	9.652200e-02
5.302395183615557e-03	9.596965e-02
5.312160808615558e-03	9.532682e-02
5.321926433615558e-03	9.457725e-02
5.331692058615558e-03	9.373497e-02
5.341457683615557e-03	9.278352e-02
5.351223308615558e-03	9.173516e-02
5.360988933615558e-03	9.057240e-02
5.370754558615558e-03	8.930470e-02
5.380520183615557e-03	8.791199e-02
5.390285808615558e-03	8.639865e-02
5.400051433615558e-03	8.473872e-02
5.409817058615558e-03	8.292632e-02
5.419582683615557e-03	8.092101e-02
5.429348308615558e-03	7.868968e-02
5.439113933615558e-03	7.615297e-02
5.448879558615558e-03	7.319932e-02
5.458645183615557e-03	6.957803e-02
5.468410808615557e-03	6.475983e-02
5.478176433615558e-03	5.715330e-02
5.487942058615558e-03	4.105116e-02
5.495934919656397e-03	1.513435e-02
5.496407631321563e-03	1.312366e-02
5.497589410484477e-03	7.976241e-03
5.498062122149643e-03	5.858321e-03
5.499007545479975e-03	1.529427e-03
5.499186255418292e-03	6.957510e-04
5.499543675294927e-03	-9.793112e-04
5.499703155654595e-03	-1.734789e-03
5.499728114167192e-03	-1.853482e-03
5.499778031192385e-03	-2.090228e-03
5.499877865242771e-03	-2.562437e-03
5.499990491967437e-03	-3.096962e-03
5.500215745416770e-03	-4.172008e-03
5.500468351541768e-03	-5.384477e-03
5.500973563791763e-03	-7.830204e-03
5.501493203856815e-03	-1.037197e-02
5.502532483986917e-03	-1.552704e-02
5.504413683254783e-03	-2.504487e-02
5.507377859230953e-03	-4.009158e-02
5.510096090334748e-03	-5.250403e-02
5.513338118237375e-03	-6.184162e-02
5.515420184275273e-03	-6.445108e-02
5.517825756420474e-03	-6.630594e-02
5.520827566544308e-03	-6.817146e-02
5.523997751579359e-03	-6.985509e-02
5.530338121649460e-03	-7.266325e-02
5.540103746649459e-03	-7.608861e-02
5.549869371649460e-03	-7.889136e-02
5.559634996649460e-03	-8.128851e-02
5.569400621649460e-03	-8.340900e-02
5.579166246649460e-03	-8.530531e-02
5.588931871649460e-03	-8.703217e-02
5.598697496649460e-03	-8.859972e-02
5.608463121649460e-03	-9.003963e-02
5.618228746649460e-03	-9.135164e-02
5.627994371649460e-03	-9.255602e-02
5.637759996649460e-03	-9.364659e-02
5.647525621649460e-03	-9.463919e-02
5.657291246649460e-03	-9.552498e-02
5.667056871649460e-03	-9.631740e-02
5.676822496649460e-03	-9.700643e-02
5.686588121649460e-03	-9.760408e-02
5.696353746649460e-03	-9.809989e-02
5.706119371649460e-03	-9.850498e-02
5.715884996649460e-03	-9.880886e-02
5.725650621649460e-03	-9.902205e-02
5.735416246649460e-03	-9.913424e-02
5.745181871649460e-03	-9.915549e-02
5.754947496649460e-03	-9.907581e-02
5.764713121649460e-03	-9.890484e-02
5.774478746649460e-03	-9.863291e-02
5.784244371649459e-03	-9.826925e-02
5.794009996649460e-03	-9.780444e-02
5.803775621649460e-03	-9.724720e-02
5.813541246649460e-03	-9.658821e-02
5.823306871649460e-03	-9.583545e-02
5.833072496649460e-03	-9.497941e-02
5.842838121649460e-03	-9.402695e-02
5.852603746649460e-03	-9.296781e-02
5.862369371649460e-03	-9.180699e-02
5.872134996649460e-03	-9.053249e-02
5.881900621649460e-03	-8.914600e-02
5.891666246649460e-03	-8.763169e-02
5.901431871649460e-03	-8.598486e-02
5.911197496649460e-03	-8.418106e-02
5.920963121649460e-03	-8.220018e-02
5.930728746649460e-03	-7.999755e-02
5.940494371649460e-03	-7.751563e-02
5.950259996649460e-03	-7.463778e-02
5.960025621649460e-03	-7.116318e-02
5.969791246649460e-03	-6.662931e-02
5.979556871649460e-03	-5.978476e-02
5.989322496649460e-03	-4.607781e-02
5.997309333095928e-03	-2.320281e-02
6.005307684128586e-03	1.205359e-02
6.006011080214950e-03	1.561704e-02
6.007417872387676e-03	2.279785e-02
6.010231456733130e-03	3.721876e-02
6.013606926159149e-03	5.257087e-02
6.017207073861964e-03	6.209509e-02
6.019233481908049e-03	6.416243e-02
6.021728421576105e-03	6.595373e-02
6.025229090451302e-03	6.803117e-02
6.028901544738855e-03	6.985718e-02
6.036246453313962e-03	7.288624e-02
6.046012078313962e-03	7.609037e-02
6.055777703313962e-03	7.876097e-02
6.065543328313962e-03	8.105613e-02
6.075308953313961e-03	8.310182e-02
6.085074578313962e-03	8.492859e-02
6.094840203313962e-03	8.659884e-02
6.104605828313962e-03	8.810851e-02
6.114371453313961e-03	8.949861e-02
6.124137078313962e-03	9.075689e-02
6.133902703313962e-03	9.191341e-02
6.143668328313962e-03	9.295132e-02
6.153433953313961e-03	9.389598e-02
6.163199578313962e-03	9.472877e-02
6.172965203313962e-03	9.547225e-02
6.182730828313962e-03	9.610729e-02
6.192496453313961e-03	9.665461e-02
6.202262078313962e-03	9.709518e-02
6.212027703313962e-03	9.744842e-02
6.221793328313962e-03	9.769574e-02
6.231558953313962e-03	9.785555e-02
6.241324578313962e-03	9.790987e-02
6.251090203313962e-03	9.787626e-02
6.260855828313962e-03	9.773737e-02
6.270621453313962e-03	9.751001e-02
6.280387078313962e-03	9.717745e-02
6.290152703313962e-03	9.675568e-02
6.299918328313962e-03	9.622852e-02
6.309683953313962e-03	9.561097e-02
6.319449578313962e-03	9.488720e-02
6.329215203313962e-03	9.407100e-02
6.338980828313962e-03	9.314644e-02
6.348746453313962e-03	9.212559e-02
6.358512078313961e-03	9.099172e-02
6.368277703313962e-03	8.975424e-02
6.378043328313962e-03	8.839415e-02
6.387808953313962e-03	8.691624e-02
6.397574578313961e-03	8.529629e-02
6.407340203313962e-03	8.352985e-02
6.417105828313962e-03	8.158013e-02
6.426871453313962e-03	7.941904e-02
6.436637078313961e-03	7.697687e-02
6.446402703313962e-03	7.416075e-02
6.456168328313962e-03	7.076447e-02
6.465933953313962e-03	6.638093e-02
6.475699578313962e-03	5.987265e-02
6.485465203313962e-03	4.724370e-02
6.493657732797677e-03	2.516361e-02
6.494377160531995e-03	2.244659e-02
6.495816016000631e-03	1.680280e-02
6.498693726937904e-03	4.414122e-03
6.498885453596896e-03	3.538139e-03
6.499268906914882e-03	1.776283e-03
6.499669137780653e-03	-8.305869e-05
6.499745838576325e-03	-4.420359e-04
6.499899240167670e-03	-1.161409e-03
6.499998521456340e-03	-1.629386e-03
6.500015234844714e-03	-1.708432e-03
6.500048661621462e-03	-1.866462e-03
6.500115515174959e-03	-2.182255e-03
6.500249222281952e-03	-2.814968e-03
6.500466548865999e-03	-3.848380e-03
6.500887763374539e-03	-5.866006e-03
6.501730192391620e-03	-9.956399e-03
6.503415050425781e-03	-1.832457e-02
6.506483928099033e-03	-3.391738e-02
6.509587599016969e-03	-4.891285e-02
6.512679254904608e-03	-5.966311e-02
6.514966435342232e-03	-6.361653e-02
6.517694914705384e-03	-6.595893e-02
6.520496625335888e-03	-6.772956e-02
6.523451112915531e-03	-6.936289e-02
6.529258268585901e-03	-7.203602e-02
6.539023893585900e-03	-7.558848e-02
6.548789518585901e-03	-7.845874e-02
6.558555143585901e-03	-8.090675e-02
6.568320768585901e-03	-8.305886e-02
6.578086393585900e-03	-8.498503e-02
6.587852018585901e-03	-8.673008e-02
6.597617643585901e-03	-8.832022e-02
6.607383268585901e-03	-8.977467e-02
6.617148893585900e-03	-9.110387e-02
6.626914518585901e-03	-9.232014e-02
6.636680143585901e-03	-9.342588e-02
6.646445768585901e-03	-9.442905e-02
6.656211393585900e-03	-9.532886e-02
6.665977018585901e-03	-9.613117e-02
6.675742643585901e-03	-9.683356e-02
6.685508268585901e-03	-9.744074e-02
6.695273893585900e-03	-9.794949e-02
6.705039518585901e-03	-9.836394e-02
6.714805143585901e-03	-9.868048e-02
6.724570768585901e-03	-9.890294e-02
6.734336393585900e-03	-9.902757e-02
6.744102018585900e-03	-9.905804e-02
6.753867643585901e-03	-9.899062e-02
6.763633268585901e-03	-9.882881e-02
6.773398893585901e-03	-9.856897e-02
6.783164518585900e-03	-9.821444e-02
6.792930143585901e-03	-9.776156e-02
6.802695768585901e-03	-9.721342e-02
6.812461393585901e-03	-9.656622e-02
6.822227018585900e-03	-9.582259e-02
6.831992643585901e-03	-9.497829e-02
6.841758268585901e-03	-9.403507e-02
6.851523893585901e-03	-9.298778e-02
6.861289518585900e-03	-9.183656e-02
6.871055143585901e-03	-9.057433e-02
6.880820768585901e-03	-8.919826e-02
6.890586393585901e-03	-8.769731e-02
6.900352018585900e-03	-8.606267e-02
6.910117643585901e-03	-8.427473e-02
6.919883268585901e-03	-8.231128e-02
6.929648893585901e-03	-8.012960e-02
6.939414518585900e-03	-7.767358e-02
6.949180143585901e-03	-7.483567e-02
6.958945768585901e-03	-7.142087e-02
6.968711393585901e-03	-6.700308e-02
6.978477018585900e-03	-6.043649e-02
6.988242643585900e-03	-4.762311e-02
6.996315806717188e-03	-2.570187e-02
7.004009539160578e-03	7.225176e-03
7.004461678949169e-03	9.467166e-03
7.005365958526353e-03	1.398344e-02
7.007174517680720e-03	2.317652e-02
7.010791635989454e-03	4.149252e-02
7.014177363657482e-03	5.566414e-02
7.017662814875716e-03	6.316638e-02
7.019912354550148e-03	6.496022e-02
7.022427691244256e-03	6.663022e-02
7.025082331079912e-03	6.815806e-02
7.030391610751224e-03	7.071050e-02
7.038836502468950e-03	7.395849e-02
7.048602127468950e-03	7.697561e-02
7.058367752468950e-03	7.952427e-02
7.068133377468950e-03	8.173694e-02
7.077899002468950e-03	8.371672e-02
7.087664627468951e-03	8.549307e-02
7.097430252468950e-03	8.711787e-02
7.107195877468950e-03	8.859029e-02
7.116961502468950e-03	8.994440e-02
7.126727127468951e-03	9.117159e-02
7.136492752468950e-03	9.229668e-02
7.146258377468950e-03	9.330658e-02
7.156024002468950e-03	9.422218e-02
7.165789627468951e-03	9.502852e-02
7.175555252468950e-03	9.574421e-02
7.185320877468950e-03	9.635356e-02
7.195086502468950e-03	9.687375e-02
7.204852127468950e-03	9.728900e-02
7.214617752468950e-03	9.761547e-02
7.224383377468950e-03	9.783763e-02
7.234149002468950e-03	9.797089e-02
7.243914627468950e-03	9.800012e-02
7.253680252468950e-03	9.794009e-02
7.263445877468950e-03	9.777615e-02
7.273211502468950e-03	9.752248e-02
7.282977127468950e-03	9.716487e-02
7.292742752468950e-03	9.671684e-02
7.302508377468950e-03	9.616452e-02
7.312274002468950e-03	9.552066e-02
7.322039627468950e-03	9.477149e-02
7.331805252468951e-03	9.392864e-02
7.341570877468950e-03	9.297806e-02
7.351336502468950e-03	9.192972e-02
7.361102127468950e-03	9.076850e-02
7.370867752468951e-03	8.950166e-02
7.380633377468950e-03	8.811150e-02
7.390399002468950e-03	8.660036e-02
7.400164627468950e-03	8.494465e-02
7.409930252468951e-03	8.313674e-02
7.419695877468950e-03	8.113885e-02
7.429461502468950e-03	7.891686e-02
7.439227127468950e-03	7.639506e-02
7.448992752468950e-03	7.346360e-02
7.458758377468950e-03	6.988201e-02
7.468524002468950e-03	6.514329e-02
7.478289627468950e-03	5.774944e-02
7.488055252468950e-03	4.230778e-02
7.495911258480068e-03	1.771197e-02
7.496440973318372e-03	1.551400e-02
7.497500402994978e-03	1.101948e-02
7.499318431297871e-03	2.896089e-03
7.499477546807033e-03	2.160557e-03
7.499795777825355e-03	6.829500e-04
7.499875335579936e-03	3.111403e-04
7.500034451089098e-03	-4.340032e-04
7.500352682107420e-03	-1.933822e-03
7.500378455674102e-03	-2.056023e-03
7.500430002807466e-03	-2.300704e-03
7.500533097074194e-03	-2.790683e-03
7.500701899058952e-03	-3.594492e-03
7.500879544190596e-03	-4.444059e-03
7.501234834453886e-03	-6.153406e-03
7.501945414980464e-03	-9.610472e-03
7.503272611593863e-03	-1.618882e-02
7.505927004820660e-03	-2.965972e-02
7.510221362289503e-03	-5.019500e-02
7.513598577328235e-03	-6.101258e-02
7.515864108472495e-03	-6.422836e-02
7.518569090424910e-03	-6.632052e-02
7.521354456586667e-03	-6.803412e-02
7.524409247744521e-03	-6.966721e-02
7.530518830060229e-03	-7.239936e-02
7.540284455060229e-03	-7.585835e-02
7.550050080060228e-03	-7.867990e-02
7.559815705060229e-03	-8.108870e-02
7.569581330060229e-03	-8.321755e-02
7.579346955060229e-03	-8.511908e-02
7.589112580060228e-03	-8.685049e-02
7.598878205060229e-03	-8.842047e-02
7.608643830060229e-03	-8.986302e-02
7.618409455060229e-03	-9.117599e-02
7.628175080060228e-03	-9.238192e-02
7.637940705060228e-03	-9.347253e-02
7.647706330060229e-03	-9.446596e-02
7.657471955060229e-03	-9.535118e-02
7.667237580060229e-03	-9.614392e-02
7.677003205060228e-03	-9.683193e-02
7.686768830060229e-03	-9.742950e-02
7.696534455060229e-03	-9.792393e-02
7.706300080060229e-03	-9.832863e-02
7.716065705060228e-03	-9.863085e-02
7.725831330060229e-03	-9.884335e-02
7.735596955060229e-03	-9.895363e-02
7.745362580060229e-03	-9.897394e-02
7.755128205060228e-03	-9.889212e-02
7.764893830060229e-03	-9.871995e-02
7.774659455060229e-03	-9.844565e-02
7.784425080060229e-03	-9.808052e-02
7.794190705060228e-03	-9.761309e-02
7.803956330060229e-03	-9.705405e-02
7.813721955060228e-03	-9.639213e-02
7.823487580060230e-03	-9.563718e-02
7.833253205060229e-03	-9.477779e-02
7.843018830060229e-03	-9.382258e-02
7.852784455060229e-03	-9.275948e-02
7.862550080060229e-03	-9.159514e-02
7.872315705060228e-03	-9.031572e-02
7.882081330060228e-03	-8.892445e-02
7.891846955060228e-03	-8.740362e-02
7.901612580060228e-03	-8.574981e-02
7.911378205060229e-03	-8.393649e-02
7.921143830060229e-03	-8.194428e-02
7.930909455060229e-03	-7.972571e-02
7.940675080060229e-03	-7.722229e-02
7.950440705060229e-03	-7.431111e-02
7.960206330060228e-03	-7.078175e-02
7.969971955060228e-03	-6.613958e-02
7.979737580060228e-03	-5.902169e-02
7.989503205060229e-03	-4.444018e-02
7.997445696131896e-03	-2.057765e-02
8.004691172797340e-03	1.181282e-02
8.005385892220825e-03	1.532044e-02
8.006775331067795e-03	2.239149e-02
8.009554208761736e-03	3.662377e-02
8.012895689459365e-03	5.200129e-02
8.016585691083862e-03	6.204724e-02
8.018624254069656e-03	6.418852e-02
8.021142493766656e-03	6.600919e-02
8.024960075101093e-03	6.826349e-02
8.028416523783916e-03	6.996938e-02
8.035329421149559e-03	7.283558e-02
8.045095046149559e-03	7.606952e-02
8.054860671149560e-03	7.875885e-02
8.064626296149560e-03	8.106827e-02
8.074391921149560e-03	8.312508e-02
8.084157546149559e-03	8.496180e-02
8.093923171149559e-03	8.664076e-02
8.103688796149559e-03	8.815885e-02
8.113454421149559e-03	8.955678e-02
8.123220046149559e-03	9.082298e-02
8.132985671149558e-03	9.198711e-02
8.142751296149560e-03	9.303284e-02
8.152516921149560e-03	9.398518e-02
8.162282546149559e-03	9.482590e-02
8.172048171149559e-03	9.557724e-02
8.181813796149559e-03	9.622040e-02
8.191579421149559e-03	9.677581e-02
8.201345046149559e-03	9.722471e-02
8.211110671149558e-03	9.758629e-02
8.220876296149560e-03	9.784217e-02
8.230641921149560e-03	9.801057e-02
8.240407546149560e-03	9.807368e-02
8.250173171149559e-03	9.804889e-02
8.259938796149559e-03	9.791904e-02
8.269704421149559e-03	9.770074e-02
8.279470046149559e-03	9.737747e-02
8.289235671149559e-03	9.696504e-02
8.299001296149560e-03	9.644748e-02
8.308766921149560e-03	9.583966e-02
8.318532546149560e-03	9.512593e-02
8.328298171149559e-03	9.432000e-02
8.338063796149559e-03	9.340614e-02
8.347829421149559e-03	9.239644e-02
8.357595046149559e-03	9.127439e-02
8.367360671149559e-03	9.004950e-02
8.377126296149558e-03	8.870318e-02
8.386891921149560e-03	8.724049e-02
8.396657546149560e-03	8.563791e-02
8.406423171149559e-03	8.389179e-02
8.416188796149559e-03	8.196680e-02
8.425954421149559e-03	7.983723e-02
8.435720046149559e-03	7.743745e-02
8.445485671149559e-03	7.468260e-02
8.455251296149558e-03	7.138462e-02
8.465016921149560e-03	6.718406e-02
8.474782546149560e-03	6.110888e-02
8.484548171149560e-03	4.985440e-02
8.493139024989483e-03	2.865592e-02
8.493963132167760e-03	2.571428e-02
8.495611346524315e-03	1.953832e-02
8.498907775237425e-03	5.652890e-03
8.499234962877108e-03	4.165444e-03
8.499889338156473e-03	1.161837e-03
8.500052931976315e-03	4.004029e-04
8.500380119615998e-03	-1.129007e-03
8.500421521360421e-03	-1.323601e-03
8.500504324849268e-03	-1.714398e-03
8.500580710125410e-03	-2.075927e-03
8.500663238393593e-03	-2.465278e-03
8.500781727131609e-03	-3.025666e-03
8.500915521745037e-03	-3.661659e-03
8.501101633866553e-03	-4.549230e-03
8.501413765116121e-03	-6.046604e-03
8.501775950530357e-03	-7.796967e-03
8.502410103858205e-03	-1.089304e-02
8.503260299359803e-03	-1.510074e-02
8.504462992802804e-03	-2.114615e-02
8.506716460319192e-03	-3.263182e-02
8.510578425527647e-03	-5.087603e-02
8.514471933564869e-03	-6.223494e-02
8.516644314590413e-03	-6.469589e-02
8.519280747122332e-03	-6.660439e-02
8.522538530419817e-03	-6.854360e-02
8.525951653881520e-03	-7.027344e-02
8.532777900804931e-03	-7.316138e-02
8.542023024499515e-03	-7.629181e-02
8.551788649499514e-03	-7.904175e-02
8.561554274499514e-03	-8.139557e-02
8.571319899499514e-03	-8.348868e-02
8.581085524499514e-03	-8.535627e-02
8.590851149499514e-03	-8.706395e-02
8.600616774499513e-03	-8.860831e-02
8.610382399499513e-03	-9.003231e-02
8.620148024499515e-03	-9.132338e-02
8.629913649499514e-03	-9.251300e-02
8.639679274499514e-03	-9.358352e-02
8.649444899499514e-03	-9.456163e-02
8.659210524499514e-03	-9.542763e-02
8.668976149499514e-03	-9.620541e-02
8.678741774499513e-03	-9.687460e-02
8.688507399499513e-03	-9.745725e-02
8.698273024499515e-03	-9.793304e-02
8.708038649499514e-03	-9.832270e-02
8.717804274499514e-03	-9.860631e-02
8.727569899499514e-03	-9.880361e-02
8.737335524499514e-03	-9.889528e-02
8.747101149499514e-03	-9.890019e-02
8.756866774499513e-03	-9.879974e-02
8.766632399499513e-03	-9.861197e-02
8.776398024499513e-03	-9.831897e-02
8.786163649499515e-03	-9.793801e-02
8.795929274499514e-03	-9.745178e-02
8.805694899499514e-03	-9.687662e-02
8.815460524499514e-03	-9.619567e-02
8.825226149499514e-03	-9.542413e-02
8.834991774499514e-03	-9.454523e-02
8.844757399499513e-03	-9.357264e-02
8.854523024499513e-03	-9.248909e-02
8.864288649499515e-03	-9.130590e-02
8.874054274499514e-03	-9.000418e-02
8.883819899499514e-03	-8.859137e-02
8.893585524499514e-03	-8.704460e-02
8.903351149499514e-03	-8.536395e-02
8.913116774499514e-03	-8.351715e-02
8.922882399499513e-03	-8.148665e-02
8.932648024499513e-03	-7.921711e-02
8.942413649499515e-03	-7.664698e-02
8.952179274499514e-03	-7.363484e-02
8.961944899499514e-03	-6.994041e-02
8.971710524499514e-03	-6.496747e-02
8.981476149499514e-03	-5.698385e-02
8.991241774499514e-03	-3.972333e-02
8.999449058157579e-03	-1.162469e-02
9.007603262035958e-03	2.735517e-02
9.013287638341751e-03	5.343748e-02
9.018049613691192e-03	6.428733e-02
9.020341824300560e-03	6.561326e-02
9.022688430264417e-03	6.712310e-02
9.025142680023832e-03	6.849779e-02
9.030051179542659e-03	7.082184e-02
9.034970409094737e-03	7.280894e-02
9.042476418827486e-03	7.536108e-02
9.052242043827485e-03	7.817119e-02
9.062007668827487e-03	8.055519e-02
9.071773293827487e-03	8.267786e-02
9.081538918827486e-03	8.455706e-02
9.091304543827486e-03	8.628304e-02
9.101070168827486e-03	8.783093e-02
9.110835793827486e-03	8.926751e-02
9.120601418827486e-03	9.055790e-02
9.130367043827485e-03	9.175682e-02
9.140132668827485e-03	9.282410e-02
9.149898293827487e-03	9.380934e-02
9.159663918827486e-03	9.467041e-02
9.169429543827486e-03	9.545374e-02
9.179195168827486e-03	9.611680e-02
9.188960793827486e-03	9.670378e-02
9.198726418827486e-03	9.717253e-02
9.208492043827485e-03	9.756549e-02
9.218257668827485e-03	9.784136e-02
9.228023293827487e-03	9.804107e-02
9.237788918827487e-03	9.812437e-02
9.247554543827486e-03	9.813086e-02
9.257320168827486e-03	9.802146e-02
9.267085793827486e-03	9.783445e-02
9.276851418827486e-03	9.753193e-02
9.286617043827486e-03	9.715084e-02
9.296382668827485e-03	9.665442e-02
9.306148293827487e-03	9.607812e-02
9.315913918827487e-03	9.538613e-02
9.325679543827486e-03	9.461219e-02
9.335445168827486e-03	9.372108e-02
9.345210793827486e-03	9.274438e-02
9.354976418827486e-03	9.164685e-02
9.364742043827486e-03	9.045707e-02
9.374507668827485e-03	8.913856e-02
9.384273293827485e-03	8.771522e-02
9.394038918827487e-03	8.614677e-02
9.403804543827486e-03	8.444870e-02
9.413570168827486e-03	8.257094e-02
9.423335793827486e-03	8.050911e-02
9.433101418827486e-03	7.818791e-02
9.442867043827486e-03	7.555279e-02
9.452632668827485e-03	7.242966e-02
9.462398293827485e-03	6.855101e-02
9.472163918827487e-03	6.317744e-02
9.481929543827487e-03	5.406644e-02
9.491695168827486e-03	3.363921e-02
9.498601205570414e-03	8.023718e-03
9.498873096101883e-03	6.799845e-03
9.499416877164822e-03	4.334762e-03
9.499552822430557e-03	3.711365e-03
9.499824712962027e-03	2.459266e-03
9.500368494024967e-03	-7.370101e-05
9.500443793841944e-03	-4.276432e-04
9.500594393475902e-03	-1.136890e-03
9.500735912467464e-03	-1.806163e-03
9.500861674563566e-03	-2.404406e-03
9.500997491850691e-03	-3.051541e-03
9.501139456882114e-03	-3.727918e-03
9.501319971601000e-03	-4.593188e-03
9.501586620908950e-03	-5.877760e-03
9.501861971687382e-03	-7.211605e-03
9.502942246585594e-03	-1.251602e-02
9.503775700793646e-03	-1.667670e-02
9.504901708015195e-03	-2.237298e-02
9.506627292905396e-03	-3.120082e-02
9.509768779583825e-03	-4.668065e-02
9.513353248391402e-03	-5.952353e-02
9.515894903016311e-03	-6.382456e-02
9.518833727409212e-03	-6.617039e-02
9.521876382614336e-03	-6.804086e-02
9.524687158110100e-03	-6.954389e-02
9.530308709101626e-03	-7.208405e-02
9.540074334101626e-03	-7.559927e-02
9.549839959101625e-03	-7.844559e-02
9.559605584101625e-03	-8.087824e-02
9.569371209101625e-03	-8.301638e-02
9.579136834101625e-03	-8.493266e-02
9.588902459101625e-03	-8.666808e-02
9.598668084101624e-03	-8.824898e-02
9.608433709101624e-03	-8.969315e-02
9.618199334101626e-03	-9.101511e-02
9.627964959101626e-03	-9.222151e-02
9.637730584101625e-03	-9.331996e-02
9.647496209101625e-03	-9.431323e-02
9.657261834101625e-03	-9.520555e-02
9.667027459101625e-03	-9.599780e-02
9.676793084101624e-03	-9.669238e-02
9.686558709101624e-03	-9.728928e-02
9.696324334101626e-03	-9.778988e-02
9.706089959101626e-03	-9.819379e-02
9.715855584101625e-03	-9.850185e-02
9.725621209101625e-03	-9.871352e-02
9.735386834101625e-03	-9.882934e-02
9.745152459101625e-03	-9.884879e-02
9.754918084101625e-03	-9.877223e-02
9.764683709101624e-03	-9.859916e-02
9.774449334101626e-03	-9.832984e-02
9.784214959101626e-03	-9.796377e-02
9.793980584101625e-03	-9.750104e-02
9.803746209101625e-03	-9.694102e-02
9.813511834101625e-03	-9.628348e-02
9.823277459101625e-03	-9.552747e-02
9.833043084101625e-03	-9.467213e-02
9.842808709101624e-03	-9.371574e-02
9.852574334101624e-03	-9.265631e-02
9.862339959101626e-03	-9.149058e-02
9.872105584101626e-03	-9.021438e-02
9.881871209101625e-03	-8.882143e-02
9.891636834101625e-03	-8.730321e-02
9.901402459101625e-03	-8.564723e-02
9.911168084101625e-03	-8.383565e-02
9.920933709101624e-03	-8.184032e-02
9.930699334101624e-03	-7.962193e-02
9.940464959101626e-03	-7.711328e-02
9.950230584101626e-03	-7.419854e-02
9.959996209101625e-03	-7.065717e-02
9.969761834101625e-03	-6.599603e-02
9.979527459101625e-03	-5.882135e-02
9.989293084101625e-03	-4.406609e-02
9.997136752098026e-03	-2.035983e-02
1.000000000000000e-02	-8.333237e-03
