time	V(n012)
0.000000000000000e+00	4.500005e-14
1.428571445265854e-08	-5.092295e-09
2.857142890531708e-08	-4.346445e-09
4.285714335797562e-08	2.237597e-09
5.714285781063416e-08	1.465983e-08
7.142857226329269e-08	3.292025e-08
8.571428671595124e-08	5.701887e-08
1.000000011686097e-07	8.695567e-08
1.710339669857848e-07	1.361209e-06
2.551606150153423e-07	7.747971e-06
3.475678022296853e-07	2.420915e-05
5.323821766583712e-07	8.174391e-05
7.917279407678942e-07	2.034003e-04
1.122087695147368e-06	4.223696e-04
1.544144027058083e-06	7.900766e-04
2.128213284391156e-06	1.425756e-03
2.955801798488877e-06	2.513324e-03
4.199062979054622e-06	4.406923e-03
6.162313173382640e-06	7.726628e-03
8.925194520937213e-06	1.265861e-02
1.341213321456043e-05	2.079329e-02
2.132167175135337e-05	3.503831e-02
3.108729675135336e-05	5.205935e-02
4.085292175135337e-05	6.732386e-02
5.061854675135337e-05	7.903019e-02
6.038417175135336e-05	8.702397e-02
7.014979675135337e-05	9.275679e-02
7.991542175135336e-05	9.718508e-02
8.968104675135337e-05	1.007904e-01
9.944667175135336e-05	1.038319e-01
1.092122967513534e-04	1.064607e-01
1.189779217513534e-04	1.087515e-01
1.287435467513534e-04	1.107763e-01
1.385091717513534e-04	1.125690e-01
1.482747967513534e-04	1.141528e-01
1.580404217513534e-04	1.155513e-01
1.678060467513534e-04	1.167732e-01
1.775716717513534e-04	1.178320e-01
1.873372967513534e-04	1.187312e-01
1.971029217513534e-04	1.194789e-01
2.068685467513534e-04	1.200761e-01
2.166341717513534e-04	1.205278e-01
2.263997967513534e-04	1.208339e-01
2.361654217513534e-04	1.209972e-01
2.459310467513533e-04	1.210168e-01
2.556966717513534e-04	1.208943e-01
2.654622967513534e-04	1.206280e-01
2.752279217513534e-04	1.202182e-01
2.849935467513534e-04	1.196626e-01
2.947591717513534e-04	1.189600e-01
3.045247967513534e-04	1.181067e-01
3.142904217513534e-04	1.170993e-01
3.240560467513534e-04	1.159321e-01
3.338216717513534e-04	1.145980e-01
3.435872967513534e-04	1.130869e-01
3.533529217513534e-04	1.113854e-01
3.631185467513534e-04	1.094742e-01
3.728841717513533e-04	1.073268e-01
3.826497967513534e-04	1.049042e-01
3.924154217513534e-04	1.021460e-01
4.021810467513534e-04	9.896691e-02
4.119466717513534e-04	9.522342e-02
4.217122967513534e-04	9.067274e-02
4.314779217513533e-04	8.489477e-02
4.412435467513534e-04	7.716416e-02
4.510091717513534e-04	6.650203e-02
4.607747967513534e-04	5.246117e-02
4.705404217513534e-04	3.600048e-02
4.803060467513534e-04	1.854863e-02
4.815267498763534e-04	1.633724e-02
4.845785076888534e-04	1.080076e-02
4.857992108138534e-04	8.582171e-03
4.861043865951034e-04	8.027149e-03
4.867147381576034e-04	6.916906e-03
4.874616464720841e-04	5.557762e-03
4.876483735507043e-04	5.217888e-03
4.880218277079447e-04	4.538105e-03
4.884044624151005e-04	3.841231e-03
4.886361007062610e-04	3.417291e-03
4.889181802020620e-04	2.903736e-03
4.891845680876838e-04	2.420135e-03
4.894767195043455e-04	1.887005e-03
4.900610223376689e-04	8.229782e-04
4.905976334865121e-04	-1.555696e-04
4.916152538879594e-04	-2.010390e-03
4.927898365955429e-04	-4.152519e-03
4.945224433456889e-04	-7.312071e-03
4.971786615187747e-04	-1.215604e-02
5.014907583338787e-04	-2.001129e-02
5.099243329429199e-04	-3.528663e-02
5.196899579429199e-04	-5.252275e-02
5.294555829429199e-04	-6.818149e-02
5.392212079429199e-04	-8.036210e-02
5.489868329429199e-04	-8.868952e-02
5.587524579429199e-04	-9.461468e-02
5.685180829429200e-04	-9.918847e-02
5.782837079429200e-04	-1.029140e-01
5.880493329429200e-04	-1.060685e-01
5.978149579429200e-04	-1.088051e-01
6.075805829429199e-04	-1.112085e-01
6.173462079429199e-04	-1.133398e-01
6.271118329429199e-04	-1.152454e-01
6.368774579429199e-04	-1.169456e-01
6.466430829429199e-04	-1.184643e-01
6.564087079429199e-04	-1.198101e-01
6.661743329429199e-04	-1.209970e-01
6.759399579429199e-04	-1.220280e-01
6.857055829429200e-04	-1.229120e-01
6.954712079429200e-04	-1.236492e-01
7.052368329429200e-04	-1.242455e-01
7.150024579429200e-04	-1.247000e-01
7.247680829429200e-04	-1.250165e-01
7.345337079429199e-04	-1.251934e-01
7.442993329429199e-04	-1.252336e-01
7.540649579429199e-04	-1.251349e-01
7.638305829429199e-04	-1.248991e-01
7.735962079429199e-04	-1.245237e-01
7.833618329429199e-04	-1.240096e-01
7.931274579429199e-04	-1.233536e-01
8.028930829429199e-04	-1.225552e-01
8.126587079429200e-04	-1.216104e-01
8.224243329429200e-04	-1.205166e-01
8.321899579429200e-04	-1.192677e-01
8.419555829429200e-04	-1.178578e-01
8.517212079429199e-04	-1.162765e-01
8.614868329429199e-04	-1.145120e-01
8.712524579429199e-04	-1.125456e-01
8.810180829429199e-04	-1.103528e-01
8.907837079429199e-04	-1.078966e-01
9.005493329429199e-04	-1.051239e-01
9.103149579429199e-04	-1.019516e-01
9.200805829429199e-04	-9.824877e-02
9.298462079429200e-04	-9.377724e-02
9.396118329429200e-04	-8.816545e-02
9.493774579429200e-04	-8.073065e-02
9.591430829429200e-04	-7.046317e-02
9.689087079429200e-04	-5.673728e-02
9.786743329429199e-04	-4.034088e-02
9.884399579429199e-04	-2.281549e-02
9.982055829429199e-04	-5.005090e-03
1.007971207942920e-03	1.282443e-02
1.017736832942920e-03	3.051641e-02
1.027502457942920e-03	4.777591e-02
1.037268082942920e-03	6.368636e-02
1.047033707942920e-03	7.644330e-02
1.056799332942920e-03	8.528195e-02
1.066564957942920e-03	9.147520e-02
1.076330582942920e-03	9.619490e-02
1.086096207942920e-03	9.998541e-02
1.095861832942920e-03	1.031689e-01
1.105627457942920e-03	1.058980e-01
1.115393082942920e-03	1.082895e-01
1.125158707942920e-03	1.103873e-01
1.134924332942920e-03	1.122507e-01
1.144689957942920e-03	1.139008e-01
1.154455582942920e-03	1.153609e-01
1.164221207942920e-03	1.166427e-01
1.173986832942920e-03	1.177589e-01
1.183752457942920e-03	1.187152e-01
1.193518082942920e-03	1.195183e-01
1.203283707942920e-03	1.201712e-01
1.213049332942920e-03	1.206779e-01
1.222814957942920e-03	1.210392e-01
1.232580582942920e-03	1.212578e-01
1.242346207942920e-03	1.213331e-01
1.252111832942920e-03	1.212667e-01
1.261877457942920e-03	1.210572e-01
1.271643082942920e-03	1.207052e-01
1.281408707942920e-03	1.202081e-01
1.291174332942920e-03	1.195657e-01
1.300939957942920e-03	1.187740e-01
1.310705582942920e-03	1.178311e-01
1.320471207942920e-03	1.167308e-01
1.330236832942920e-03	1.154683e-01
1.340002457942920e-03	1.140336e-01
1.349768082942920e-03	1.124162e-01
1.359533707942920e-03	1.105988e-01
1.369299332942920e-03	1.085597e-01
1.379064957942920e-03	1.062654e-01
1.388830582942920e-03	1.036692e-01
1.398596207942920e-03	1.006942e-01
1.408361832942920e-03	9.723232e-02
1.418127457942920e-03	9.309422e-02
1.427893082942920e-03	8.795456e-02
1.437658707942920e-03	8.124556e-02
1.447424332942920e-03	7.206383e-02
1.457189957942920e-03	5.955604e-02
1.466955582942920e-03	4.401421e-02
1.476721207942920e-03	2.686615e-02
1.486486832942920e-03	9.203933e-03
1.487707536067920e-03	6.980751e-03
1.487959439616738e-03	6.521962e-03
1.488463246714374e-03	5.604319e-03
1.489326649942579e-03	4.031421e-03
1.489463736324712e-03	3.781654e-03
1.489737909088979e-03	3.282115e-03
1.490015316767431e-03	2.776393e-03
1.490227255884064e-03	2.388385e-03
1.490465693190775e-03	1.953728e-03
1.490722105385914e-03	1.487723e-03
1.491004777847408e-03	9.717150e-04
1.491570122770395e-03	-5.856447e-05
1.492121405370700e-03	-1.064200e-03
1.493184684819592e-03	-3.003242e-03
1.494488446038405e-03	-5.381641e-03
1.496463561329114e-03	-8.984291e-03
1.499551213048146e-03	-1.461420e-02
1.504929454253671e-03	-2.440020e-02
1.514695079253671e-03	-4.197916e-02
1.524460704253671e-03	-5.878667e-02
1.534226329253671e-03	-7.327964e-02
1.543991954253671e-03	-8.384204e-02
1.553757579253671e-03	-9.103844e-02
1.563523204253671e-03	-9.635431e-02
1.573288829253671e-03	-1.005405e-01
1.583054454253671e-03	-1.040175e-01
1.592820079253671e-03	-1.069904e-01
1.602585704253671e-03	-1.095781e-01
1.612351329253671e-03	-1.118572e-01
1.622116954253671e-03	-1.138916e-01
1.631882579253671e-03	-1.157026e-01
1.641648204253671e-03	-1.173232e-01
1.651413829253671e-03	-1.187612e-01
1.661179454253671e-03	-1.200358e-01
1.670945079253671e-03	-1.211490e-01
1.680710704253671e-03	-1.221128e-01
1.690476329253671e-03	-1.229265e-01
1.700241954253671e-03	-1.235981e-01
1.710007579253671e-03	-1.241258e-01
1.719773204253671e-03	-1.245150e-01
1.729538829253671e-03	-1.247634e-01
1.739304454253671e-03	-1.248747e-01
1.749070079253671e-03	-1.248465e-01
1.758835704253671e-03	-1.246812e-01
1.768601329253671e-03	-1.243760e-01
1.778366954253671e-03	-1.239323e-01
1.788132579253671e-03	-1.233470e-01
1.797898204253671e-03	-1.226200e-01
1.807663829253671e-03	-1.217475e-01
1.817429454253671e-03	-1.207273e-01
1.827195079253671e-03	-1.195540e-01
1.836960704253671e-03	-1.182224e-01
1.846726329253671e-03	-1.167235e-01
1.856491954253671e-03	-1.150469e-01
1.866257579253671e-03	-1.131762e-01
1.876023204253671e-03	-1.110905e-01
1.885788829253671e-03	-1.087580e-01
1.895554454253671e-03	-1.061338e-01
1.905320079253671e-03	-1.031490e-01
1.915085704253671e-03	-9.969659e-02
1.924851329253671e-03	-9.558702e-02
1.934616954253671e-03	-9.052831e-02
1.944382579253671e-03	-8.397780e-02
1.954148204253671e-03	-7.504014e-02
1.963913829253671e-03	-6.278665e-02
1.973679454253671e-03	-4.734721e-02
1.983445079253671e-03	-3.015446e-02
1.993210704253671e-03	-1.242246e-02
2.002976329253671e-03	5.416707e-03
2.012741954253671e-03	2.319211e-02
2.022507579253671e-03	4.070426e-02
2.032273204253671e-03	5.738104e-02
2.042038829253671e-03	7.170892e-02
2.051804454253671e-03	8.214101e-02
2.061570079253671e-03	8.926194e-02
2.071335704253671e-03	9.452438e-02
2.081101329253671e-03	9.865825e-02
2.090866954253671e-03	1.020819e-01
2.100632579253671e-03	1.049990e-01
2.110398204253671e-03	1.075281e-01
2.120163829253671e-03	1.097424e-01
2.129929454253671e-03	1.117137e-01
2.139695079253671e-03	1.134565e-01
2.149460704253671e-03	1.150043e-01
2.159226329253671e-03	1.163668e-01
2.168991954253671e-03	1.175620e-01
2.178757579253671e-03	1.185931e-01
2.188523204253671e-03	1.194710e-01
2.198288829253671e-03	1.201961e-01
2.208054454253671e-03	1.207756e-01
2.217820079253671e-03	1.212083e-01
2.227585704253671e-03	1.214990e-01
2.237351329253671e-03	1.216456e-01
2.247116954253671e-03	1.216518e-01
2.256882579253671e-03	1.215148e-01
2.266648204253671e-03	1.212366e-01
2.276413829253671e-03	1.208142e-01
2.286179454253671e-03	1.202480e-01
2.295945079253671e-03	1.195346e-01
2.305710704253671e-03	1.186722e-01
2.315476329253671e-03	1.176561e-01
2.325241954253671e-03	1.164817e-01
2.335007579253671e-03	1.151412e-01
2.344773204253671e-03	1.136254e-01
2.354538829253671e-03	1.119206e-01
2.364304454253671e-03	1.100086e-01
2.374070079253671e-03	1.078628e-01
2.383835704253671e-03	1.054457e-01
2.393601329253671e-03	1.026979e-01
2.403366954253671e-03	9.953689e-02
2.413132579253671e-03	9.582303e-02
2.422898204253671e-03	9.132136e-02
2.432663829253671e-03	8.562484e-02
2.442429454253671e-03	7.802645e-02
2.452195079253671e-03	6.754356e-02
2.461960704253671e-03	5.365644e-02
2.471726329253671e-03	3.725704e-02
2.481491954253671e-03	1.980451e-02
2.482712657378671e-03	1.759219e-02
2.485154063628671e-03	1.316186e-02
2.488398602628352e-03	7.259725e-03
2.489209737378272e-03	5.781973e-03
2.490423278917262e-03	3.570676e-03
2.490548114462490e-03	3.343150e-03
2.490797785552948e-03	2.888088e-03
2.491297127733863e-03	1.977714e-03
2.491355732144688e-03	1.870592e-03
2.491472940966339e-03	1.656287e-03
2.491707358609640e-03	1.228591e-03
2.492024112529185e-03	6.511685e-04
2.492414600989643e-03	-6.119577e-05
2.493195577910559e-03	-1.485505e-03
2.494757531752390e-03	-4.335177e-03
2.497881439436052e-03	-1.003416e-02
2.504129254803377e-03	-2.141547e-02
2.513894879803377e-03	-3.904669e-02
2.523660504803377e-03	-5.604368e-02
2.533426129803377e-03	-7.103983e-02
2.543191754803377e-03	-8.225419e-02
2.552957379803377e-03	-8.987831e-02
2.562723004803377e-03	-9.542532e-02
2.572488629803377e-03	-9.975623e-02
2.582254254803377e-03	-1.033253e-01
2.592019879803377e-03	-1.063670e-01
2.601785504803377e-03	-1.090032e-01
2.611551129803377e-03	-1.113218e-01
2.621316754803377e-03	-1.133875e-01
2.631082379803377e-03	-1.152259e-01
2.640848004803377e-03	-1.168694e-01
2.650613629803377e-03	-1.183285e-01
2.660379254803377e-03	-1.196215e-01
2.670144879803377e-03	-1.207521e-01
2.679910504803377e-03	-1.217316e-01
2.689676129803377e-03	-1.225605e-01
2.699441754803377e-03	-1.232462e-01
2.709207379803377e-03	-1.237876e-01
2.718973004803377e-03	-1.241897e-01
2.728738629803377e-03	-1.244508e-01
2.738504254803377e-03	-1.245742e-01
2.748269879803377e-03	-1.245579e-01
2.758035504803377e-03	-1.244039e-01
2.767801129803377e-03	-1.241100e-01
2.777566754803377e-03	-1.236771e-01
2.787332379803377e-03	-1.231025e-01
2.797098004803377e-03	-1.223857e-01
2.806863629803377e-03	-1.215233e-01
2.816629254803377e-03	-1.205129e-01
2.826394879803377e-03	-1.193491e-01
2.836160504803377e-03	-1.180268e-01
2.845926129803377e-03	-1.165370e-01
2.855691754803377e-03	-1.148692e-01
2.865457379803377e-03	-1.130073e-01
2.875223004803377e-03	-1.109302e-01
2.884988629803377e-03	-1.086064e-01
2.894754254803377e-03	-1.059909e-01
2.904519879803377e-03	-1.030154e-01
2.914285504803377e-03	-9.957309e-02
2.924051129803377e-03	-9.547565e-02
2.933816754803377e-03	-9.043270e-02
2.943582379803377e-03	-8.390524e-02
2.953348004803377e-03	-7.500249e-02
2.963113629803377e-03	-6.279410e-02
2.972879254803377e-03	-4.739375e-02
2.982644879803377e-03	-3.022273e-02
2.992410504803377e-03	-1.250036e-02
3.002176129803377e-03	5.336523e-03
3.011941754803377e-03	2.311594e-02
3.021707379803377e-03	4.064016e-02
3.031473004803377e-03	5.734301e-02
3.041238629803377e-03	7.171740e-02
3.051004254803377e-03	8.219738e-02
3.060769879803377e-03	8.934779e-02
3.070535504803377e-03	9.462812e-02
3.080301129803377e-03	9.877498e-02
3.090066754803377e-03	1.022088e-01
3.099832379803377e-03	1.051264e-01
3.109598004803377e-03	1.076709e-01
3.119363629803377e-03	1.098962e-01
3.129129254803377e-03	1.118724e-01
3.138894879803377e-03	1.136253e-01
3.148660504803377e-03	1.151807e-01
3.158426129803377e-03	1.165532e-01
3.168191754803377e-03	1.177564e-01
3.177957379803377e-03	1.187978e-01
3.187723004803377e-03	1.196841e-01
3.197488629803377e-03	1.204197e-01
3.207254254803377e-03	1.210085e-01
3.217019879803377e-03	1.214519e-01
3.226785504803377e-03	1.217526e-01
3.236551129803377e-03	1.219106e-01
3.246316754803377e-03	1.219274e-01
3.256082379803377e-03	1.218022e-01
3.265848004803377e-03	1.215355e-01
3.275613629803377e-03	1.211257e-01
3.285379254803377e-03	1.205722e-01
3.295144879803377e-03	1.198724e-01
3.304910504803377e-03	1.190241e-01
3.314676129803377e-03	1.180233e-01
3.324441754803377e-03	1.168651e-01
3.334207379803377e-03	1.155426e-01
3.343973004803377e-03	1.140466e-01
3.353738629803377e-03	1.123642e-01
3.363504254803377e-03	1.104779e-01
3.373269879803377e-03	1.083627e-01
3.383035504803377e-03	1.059830e-01
3.392801129803377e-03	1.032860e-01
3.402566754803377e-03	1.001861e-01
3.412332379803377e-03	9.656012e-02
3.422098004803377e-03	9.219164e-02
3.431863629803377e-03	8.670204e-02
3.441629254803377e-03	7.943851e-02
3.451394879803377e-03	6.943072e-02
3.461160504803377e-03	5.601250e-02
3.470926129803377e-03	3.986998e-02
3.480691754803377e-03	2.249266e-02
3.490457379803377e-03	4.756083e-03
3.490609967694002e-03	4.477599e-03
3.490915143475252e-03	3.920781e-03
3.491525495037752e-03	2.807331e-03
3.491645898921880e-03	2.587672e-03
3.491886706690136e-03	2.148380e-03
3.492224840254500e-03	1.531247e-03
3.492501903611418e-03	1.024207e-03
3.492799324802937e-03	4.817583e-04
3.493151452910585e-03	-1.597943e-04
3.493523884555338e-03	-8.400342e-04
3.494268747844844e-03	-2.198784e-03
3.495179329364607e-03	-3.861016e-03
3.496739846789026e-03	-6.708467e-03
3.498890455359290e-03	-1.063254e-02
3.502489202796045e-03	-1.719191e-02
3.509255902230987e-03	-2.947817e-02
3.519021527230987e-03	-4.690601e-02
3.528787152230987e-03	-6.321351e-02
3.538552777230987e-03	-7.660533e-02
3.548318402230987e-03	-8.599225e-02
3.558084027230987e-03	-9.249070e-02
3.567849652230987e-03	-9.740747e-02
3.577615277230987e-03	-1.013394e-01
3.587380902230987e-03	-1.046399e-01
3.597146527230987e-03	-1.074774e-01
3.606912152230987e-03	-1.099590e-01
3.616677777230987e-03	-1.121477e-01
3.626443402230987e-03	-1.141028e-01
3.636209027230987e-03	-1.158409e-01
3.645974652230987e-03	-1.173942e-01
3.655740277230987e-03	-1.187674e-01
3.665505902230987e-03	-1.199802e-01
3.675271527230987e-03	-1.210322e-01
3.685037152230987e-03	-1.219366e-01
3.694802777230987e-03	-1.226907e-01
3.704568402230987e-03	-1.233036e-01
3.714334027230987e-03	-1.237718e-01
3.724099652230987e-03	-1.241021e-01
3.733865277230987e-03	-1.242906e-01
3.743630902230987e-03	-1.243422e-01
3.753396527230987e-03	-1.242529e-01
3.763162152230987e-03	-1.240264e-01
3.772927777230987e-03	-1.236585e-01
3.782693402230987e-03	-1.231514e-01
3.792459027230987e-03	-1.225008e-01
3.802224652230987e-03	-1.217071e-01
3.811990277230987e-03	-1.207651e-01
3.821755902230987e-03	-1.196730e-01
3.831521527230987e-03	-1.184235e-01
3.841287152230987e-03	-1.170113e-01
3.851052777230987e-03	-1.154247e-01
3.860818402230987e-03	-1.136518e-01
3.870584027230987e-03	-1.116725e-01
3.880349652230987e-03	-1.094613e-01
3.890115277230987e-03	-1.069785e-01
3.899880902230987e-03	-1.041680e-01
3.909646527230986e-03	-1.009404e-01
3.919412152230987e-03	-9.715530e-02
3.929177777230987e-03	-9.255335e-02
3.938943402230987e-03	-8.673082e-02
3.948709027230986e-03	-7.895348e-02
3.958474652230987e-03	-6.820215e-02
3.968240277230987e-03	-5.402329e-02
3.978005902230987e-03	-3.740384e-02
3.987771527230986e-03	-1.983183e-02
3.997537152230987e-03	-2.019638e-03
4.007302777230987e-03	1.580147e-02
4.017068402230987e-03	3.347243e-02
4.026834027230987e-03	5.064394e-02
4.036599652230987e-03	6.624505e-02
4.046365277230987e-03	7.843070e-02
4.056130902230987e-03	8.678252e-02
4.065896527230987e-03	9.271409e-02
4.075662152230986e-03	9.727671e-02
4.085427777230987e-03	1.009747e-01
4.095193402230987e-03	1.040947e-01
4.104959027230987e-03	1.067885e-01
4.114724652230986e-03	1.091409e-01
4.124490277230987e-03	1.112217e-01
4.134255902230987e-03	1.130715e-01
4.144021527230987e-03	1.147090e-01
4.153787152230986e-03	1.161635e-01
4.163552777230987e-03	1.174396e-01
4.173318402230987e-03	1.185550e-01
4.183084027230987e-03	1.195098e-01
4.192849652230986e-03	1.203157e-01
4.202615277230987e-03	1.209705e-01
4.212380902230987e-03	1.214825e-01
4.222146527230987e-03	1.218484e-01
4.231912152230986e-03	1.220742e-01
4.241677777230987e-03	1.221566e-01
4.251443402230987e-03	1.220995e-01
4.261209027230987e-03	1.218992e-01
4.270974652230987e-03	1.215588e-01
4.280740277230987e-03	1.210735e-01
4.290505902230987e-03	1.204452e-01
4.300271527230987e-03	1.196684e-01
4.310037152230987e-03	1.187430e-01
4.319802777230986e-03	1.176619e-01
4.329568402230987e-03	1.164219e-01
4.339334027230987e-03	1.150126e-01
4.349099652230987e-03	1.134256e-01
4.358865277230986e-03	1.116438e-01
4.368630902230987e-03	1.096488e-01
4.378396527230987e-03	1.074090e-01
4.388162152230987e-03	1.048835e-01
4.397927777230986e-03	1.020028e-01
4.407693402230987e-03	9.867277e-02
4.417459027230987e-03	9.472726e-02
4.427224652230987e-03	8.988690e-02
4.436990277230986e-03	8.366001e-02
4.446755902230987e-03	7.522506e-02
4.456521527230987e-03	6.361535e-02
4.466287152230987e-03	4.872601e-02
4.476052777230986e-03	3.182132e-02
4.485818402230987e-03	1.420939e-02
4.488249577021938e-03	9.783846e-03
4.491491143409872e-03	3.875699e-03
4.492009075966316e-03	2.931020e-03
4.492138559105427e-03	2.694852e-03
4.492397525383648e-03	2.222516e-03
4.492783291626543e-03	1.518895e-03
4.493065735425583e-03	1.003009e-03
4.493108818185413e-03	9.242459e-04
4.493194983705071e-03	7.668199e-04
4.493367314744388e-03	4.523029e-04
4.493711976823024e-03	-1.766014e-04
4.494364366636135e-03	-1.367073e-03
4.495669146262359e-03	-3.748181e-03
4.498278705514807e-03	-8.510390e-03
4.503497824019702e-03	-1.802432e-02
4.511448130219850e-03	-3.243784e-02
4.521213755219850e-03	-4.975115e-02
4.530979380219850e-03	-6.569524e-02
4.540745005219850e-03	-7.840122e-02
4.550510630219850e-03	-8.716710e-02
4.560276255219850e-03	-9.332316e-02
4.570041880219850e-03	-9.803299e-02
4.579807505219850e-03	-1.018357e-01
4.589573130219850e-03	-1.050535e-01
4.599338755219850e-03	-1.078115e-01
4.609104380219850e-03	-1.102309e-01
4.618870005219849e-03	-1.123753e-01
4.628635630219850e-03	-1.142849e-01
4.638401255219850e-03	-1.159872e-01
4.648166880219850e-03	-1.175022e-01
4.657932505219850e-03	-1.188436e-01
4.667698130219850e-03	-1.200218e-01
4.677463755219850e-03	-1.210438e-01
4.687229380219850e-03	-1.219154e-01
4.696995005219850e-03	-1.226401e-01
4.706760630219850e-03	-1.232211e-01
4.716526255219850e-03	-1.236601e-01
4.726291880219850e-03	-1.239587e-01
4.736057505219850e-03	-1.241176e-01
4.745823130219850e-03	-1.241374e-01
4.755588755219850e-03	-1.240180e-01
4.765354380219850e-03	-1.237592e-01
4.775120005219850e-03	-1.233603e-01
4.784885630219850e-03	-1.228202e-01
4.794651255219850e-03	-1.221371e-01
4.804416880219850e-03	-1.213089e-01
4.814182505219850e-03	-1.203322e-01
4.823948130219850e-03	-1.192031e-01
4.833713755219850e-03	-1.179155e-01
4.843479380219850e-03	-1.164617e-01
4.853245005219850e-03	-1.148309e-01
4.863010630219849e-03	-1.130084e-01
4.872776255219850e-03	-1.109735e-01
4.882541880219850e-03	-1.086968e-01
4.892307505219850e-03	-1.061355e-01
4.902073130219850e-03	-1.032256e-01
4.911838755219850e-03	-9.986690e-02
4.921604380219850e-03	-9.588534e-02
4.931370005219850e-03	-9.101292e-02
4.941135630219850e-03	-8.475406e-02
4.950901255219850e-03	-7.627001e-02
4.960666880219850e-03	-6.458714e-02
4.970432505219850e-03	-4.959955e-02
4.980198130219850e-03	-3.260759e-02
4.989963755219850e-03	-1.493746e-02
4.999729380219850e-03	2.890599e-03
5.009495005219850e-03	2.068970e-02
5.019260630219850e-03	3.828114e-02
5.029026255219850e-03	5.518657e-02
5.038791880219850e-03	7.004479e-02
5.048557505219850e-03	8.112544e-02
5.058323130219850e-03	8.866673e-02
5.068088755219850e-03	9.416334e-02
5.077854380219850e-03	9.845079e-02
5.087620005219850e-03	1.019777e-01
5.097385630219850e-03	1.049686e-01
5.107151255219849e-03	1.075697e-01
5.116916880219850e-03	1.098447e-01
5.126682505219850e-03	1.118629e-01
5.136448130219850e-03	1.136564e-01
5.146213755219850e-03	1.152480e-01
5.155979380219850e-03	1.166569e-01
5.165745005219850e-03	1.178939e-01
5.175510630219850e-03	1.189699e-01
5.185276255219850e-03	1.198894e-01
5.195041880219850e-03	1.206587e-01
5.204807505219850e-03	1.212803e-01
5.214573130219850e-03	1.217578e-01
5.224338755219850e-03	1.220918e-01
5.234104380219850e-03	1.222844e-01
5.243870005219850e-03	1.223353e-01
5.253635630219850e-03	1.222457e-01
5.263401255219850e-03	1.220143e-01
5.273166880219850e-03	1.216414e-01
5.282932505219850e-03	1.211250e-01
5.292698130219850e-03	1.204642e-01
5.302463755219850e-03	1.196557e-01
5.312229380219850e-03	1.186970e-01
5.321995005219850e-03	1.175828e-01
5.331760630219850e-03	1.163078e-01
5.341526255219850e-03	1.148628e-01
5.351291880219849e-03	1.132371e-01
5.361057505219850e-03	1.114144e-01
5.370823130219850e-03	1.093734e-01
5.380588755219850e-03	1.070818e-01
5.390354380219850e-03	1.044945e-01
5.400120005219850e-03	1.015374e-01
5.409885630219850e-03	9.810676e-02
5.419651255219850e-03	9.402157e-02
5.429416880219850e-03	8.897109e-02
5.439182505219850e-03	8.241192e-02
5.448948130219850e-03	7.346015e-02
5.458713755219850e-03	6.120998e-02
5.468479380219850e-03	4.582575e-02
5.478245005219850e-03	2.871012e-02
5.488010630219850e-03	1.103715e-02
5.489231333344850e-03	8.812048e-03
5.491672739594850e-03	4.360331e-03
5.492283091157350e-03	3.246879e-03
5.493155912595438e-03	1.654605e-03
5.493252885130776e-03	1.477697e-03
5.493446830201452e-03	1.123880e-03
5.493606402442361e-03	8.322306e-04
5.493632996099075e-03	7.835469e-04
5.493686183412502e-03	6.862465e-04
5.493792558039357e-03	4.919665e-04
5.494005307293067e-03	1.036961e-04
5.494429433334653e-03	-6.703819e-04
5.495277685417826e-03	-2.218476e-03
5.496974189584171e-03	-5.314909e-03
5.500367197916862e-03	-1.150591e-02
5.506676344628061e-03	-2.299220e-02
5.515052489149108e-03	-3.810437e-02
5.524818114149108e-03	-5.512296e-02
5.534583739149108e-03	-7.021505e-02
5.544349364149108e-03	-8.157531e-02
5.554114989149108e-03	-8.930350e-02
5.563880614149109e-03	-9.490302e-02
5.573646239149108e-03	-9.926442e-02
5.583411864149108e-03	-1.028488e-01
5.593177489149108e-03	-1.058996e-01
5.602943114149108e-03	-1.085385e-01
5.612708739149108e-03	-1.108572e-01
5.622474364149108e-03	-1.129198e-01
5.632239989149108e-03	-1.147539e-01
5.642005614149108e-03	-1.163909e-01
5.651771239149108e-03	-1.178427e-01
5.661536864149108e-03	-1.191268e-01
5.671302489149108e-03	-1.202480e-01
5.681068114149108e-03	-1.212168e-01
5.690833739149108e-03	-1.220346e-01
5.700599364149108e-03	-1.227080e-01
5.710364989149108e-03	-1.232368e-01
5.720130614149108e-03	-1.236252e-01
5.729896239149108e-03	-1.238723e-01
5.739661864149108e-03	-1.239807e-01
5.749427489149108e-03	-1.239490e-01
5.759193114149108e-03	-1.237786e-01
5.768958739149108e-03	-1.234678e-01
5.778724364149108e-03	-1.230168e-01
5.788489989149108e-03	-1.224233e-01
5.798255614149108e-03	-1.216864e-01
5.808021239149109e-03	-1.208026e-01
5.817786864149108e-03	-1.197690e-01
5.827552489149108e-03	-1.185802e-01
5.837318114149108e-03	-1.172302e-01
5.847083739149108e-03	-1.157096e-01
5.856849364149108e-03	-1.140066e-01
5.866614989149108e-03	-1.121040e-01
5.876380614149108e-03	-1.099782e-01
5.886146239149108e-03	-1.075949e-01
5.895911864149108e-03	-1.049039e-01
5.905677489149108e-03	-1.018287e-01
5.915443114149108e-03	-9.824834e-02
5.925208739149108e-03	-9.394632e-02
5.934974364149108e-03	-8.858591e-02
5.944739989149108e-03	-8.154637e-02
5.954505614149108e-03	-7.186153e-02
5.964271239149108e-03	-5.876126e-02
5.974036864149108e-03	-4.276520e-02
5.983802489149108e-03	-2.539252e-02
5.993568114149108e-03	-7.629780e-03
6.003333739149108e-03	1.020316e-02
6.013099364149108e-03	2.794817e-02
6.022864989149108e-03	4.535748e-02
6.032630614149108e-03	6.166494e-02
6.042396239149108e-03	7.513160e-02
6.052161864149109e-03	8.461252e-02
6.061927489149108e-03	9.116600e-02
6.071693114149108e-03	9.610839e-02
6.081458739149108e-03	1.000446e-01
6.091224364149108e-03	1.033392e-01
6.100989989149108e-03	1.061630e-01
6.110755614149108e-03	1.086258e-01
6.120521239149108e-03	1.107888e-01
6.130286864149108e-03	1.127196e-01
6.140052489149108e-03	1.144289e-01
6.149818114149108e-03	1.159496e-01
6.159583739149108e-03	1.172888e-01
6.169349364149108e-03	1.184646e-01
6.179114989149108e-03	1.194783e-01
6.188880614149108e-03	1.203417e-01
6.198646239149108e-03	1.210536e-01
6.208411864149108e-03	1.216218e-01
6.218177489149108e-03	1.220442e-01
6.227943114149108e-03	1.223263e-01
6.237708739149108e-03	1.224652e-01
6.247474364149108e-03	1.224649e-01
6.257239989149108e-03	1.223221e-01
6.267005614149108e-03	1.220394e-01
6.276771239149108e-03	1.216134e-01
6.286536864149108e-03	1.210450e-01
6.296302489149109e-03	1.203302e-01
6.306068114149108e-03	1.194682e-01
6.315833739149108e-03	1.184536e-01
6.325599364149108e-03	1.172829e-01
6.335364989149108e-03	1.159479e-01
6.345130614149108e-03	1.144407e-01
6.354896239149108e-03	1.127474e-01
6.364661864149108e-03	1.108516e-01
6.374427489149108e-03	1.087274e-01
6.384193114149108e-03	1.063403e-01
6.393958739149108e-03	1.036340e-01
6.403724364149108e-03	1.005324e-01
6.413489989149108e-03	9.690554e-02
6.423255614149108e-03	9.253833e-02
6.433021239149108e-03	8.705750e-02
6.442786864149108e-03	7.980916e-02
6.452552489149108e-03	6.982426e-02
6.462318114149108e-03	5.641929e-02
6.472083739149108e-03	4.027114e-02
6.481849364149108e-03	2.287755e-02
6.491614989149108e-03	5.128669e-03
6.492330469844544e-03	3.822453e-03
6.492509340018402e-03	3.495945e-03
6.492867080366120e-03	2.842963e-03
6.493582561061555e-03	1.537092e-03
6.493671418535767e-03	1.374921e-03
6.493849133484190e-03	1.050586e-03
6.494048442085465e-03	6.865557e-04
6.494265271621668e-03	2.893828e-04
6.494484936437589e-03	-1.116468e-04
6.494721136034580e-03	-5.419104e-04
6.495047864124247e-03	-1.138810e-03
6.495701320303583e-03	-2.331346e-03
6.496390396734578e-03	-3.589513e-03
6.497768549596569e-03	-6.105038e-03
6.499657792653117e-03	-9.553002e-03
6.502675154970257e-03	-1.505506e-02
6.508048393512199e-03	-2.482689e-02
6.517814018512199e-03	-4.236858e-02
6.527579643512200e-03	-5.907501e-02
6.537345268512199e-03	-7.336628e-02
6.547110893512199e-03	-8.371174e-02
6.556876518512199e-03	-9.077381e-02
6.566642143512200e-03	-9.601007e-02
6.576407768512199e-03	-1.001400e-01
6.586173393512199e-03	-1.035736e-01
6.595939018512199e-03	-1.065082e-01
6.605704643512200e-03	-1.090618e-01
6.615470268512199e-03	-1.113078e-01
6.625235893512199e-03	-1.133100e-01
6.635001518512199e-03	-1.150884e-01
6.644767143512200e-03	-1.166765e-01
6.654532768512200e-03	-1.180809e-01
6.664298393512199e-03	-1.193217e-01
6.674064018512199e-03	-1.203999e-01
6.683829643512200e-03	-1.213281e-01
6.693595268512200e-03	-1.221051e-01
6.703360893512199e-03	-1.227393e-01
6.713126518512199e-03	-1.232283e-01
6.722892143512200e-03	-1.235780e-01
6.732657768512200e-03	-1.237856e-01
6.742423393512199e-03	-1.238553e-01
6.752189018512199e-03	-1.237840e-01
6.761954643512199e-03	-1.235744e-01
6.771720268512200e-03	-1.232234e-01
6.781485893512199e-03	-1.227324e-01
6.791251518512199e-03	-1.220977e-01
6.801017143512199e-03	-1.213191e-01
6.810782768512200e-03	-1.203921e-01
6.820548393512199e-03	-1.193142e-01
6.830314018512199e-03	-1.180789e-01
6.840079643512199e-03	-1.166799e-01
6.849845268512200e-03	-1.151065e-01
6.859610893512199e-03	-1.133461e-01
6.869376518512199e-03	-1.113792e-01
6.879142143512199e-03	-1.091797e-01
6.888907768512200e-03	-1.067087e-01
6.898673393512200e-03	-1.039095e-01
6.908439018512199e-03	-1.006939e-01
6.918204643512199e-03	-9.692097e-02
6.927970268512200e-03	-9.233356e-02
6.937735893512200e-03	-8.652932e-02
6.947501518512199e-03	-7.877908e-02
6.957267143512199e-03	-6.806698e-02
6.967032768512200e-03	-5.393319e-02
6.976798393512200e-03	-3.734821e-02
6.986564018512199e-03	-1.979603e-02
6.996329643512199e-03	-1.992581e-03
7.006095268512199e-03	1.582864e-02
7.015860893512200e-03	3.350955e-02
7.025626518512199e-03	5.070331e-02
7.035392143512199e-03	6.634515e-02
7.045157768512199e-03	7.858001e-02
7.054923393512200e-03	8.696691e-02
7.064689018512199e-03	9.291875e-02
7.074454643512199e-03	9.749665e-02
7.084220268512199e-03	1.012067e-01
7.093985893512200e-03	1.043382e-01
7.103751518512199e-03	1.070427e-01
7.113517143512199e-03	1.094063e-01
7.123282768512199e-03	1.114980e-01
7.133048393512200e-03	1.133581e-01
7.142814018512200e-03	1.150083e-01
7.152579643512199e-03	1.164755e-01
7.162345268512199e-03	1.177637e-01
7.172110893512200e-03	1.188927e-01
7.181876518512200e-03	1.198605e-01
7.191642143512199e-03	1.206807e-01
7.201407768512199e-03	1.213495e-01
7.211173393512200e-03	1.218767e-01
7.220939018512200e-03	1.222576e-01
7.230704643512199e-03	1.224996e-01
7.240470268512199e-03	1.225979e-01
7.250235893512199e-03	1.225578e-01
7.260001518512200e-03	1.223749e-01
7.269767143512199e-03	1.220527e-01
7.279532768512199e-03	1.215861e-01
7.289298393512199e-03	1.209777e-01
7.299064018512200e-03	1.202216e-01
7.308829643512199e-03	1.193184e-01
7.318595268512199e-03	1.182607e-01
7.328360893512199e-03	1.170463e-01
7.338126518512200e-03	1.156649e-01
7.347892143512199e-03	1.141093e-01
7.357657768512199e-03	1.123630e-01
7.367423393512199e-03	1.104096e-01
7.377189018512200e-03	1.082194e-01
7.386954643512200e-03	1.057556e-01
7.396720268512199e-03	1.029546e-01
7.406485893512199e-03	9.973203e-02
7.416251518512200e-03	9.593947e-02
7.426017143512200e-03	9.133107e-02
7.435782768512199e-03	8.547381e-02
7.445548393512199e-03	7.762535e-02
7.455314018512200e-03	6.678947e-02
7.465079643512200e-03	5.255533e-02
7.474845268512199e-03	3.594825e-02
7.484610893512199e-03	1.841099e-02
7.488273002887199e-03	1.175138e-02
7.491543287440309e-03	5.791466e-03
7.492360858578587e-03	4.299910e-03
7.493495077500095e-03	2.230506e-03
7.493658747111966e-03	1.931857e-03
7.493986086335709e-03	1.334563e-03
7.494067921141645e-03	1.185239e-03
7.494231590753516e-03	8.865946e-04
7.494413993104565e-03	5.535061e-04
7.494599255655167e-03	2.139243e-04
7.494789068729512e-03	-1.327604e-04
7.494994981901596e-03	-5.074957e-04
7.495265591284910e-03	-1.001865e-03
7.495806810051538e-03	-1.989520e-03
7.496315701396667e-03	-2.918617e-03
7.497333484086926e-03	-4.776471e-03
7.498692986967172e-03	-7.258027e-03
7.500709242937747e-03	-1.093699e-02
7.503909341746971e-03	-1.677006e-02
7.509911907687984e-03	-2.767206e-02
7.519677532687985e-03	-4.513457e-02
7.529443157687984e-03	-6.157887e-02
7.539208782687984e-03	-7.528202e-02
7.548974407687984e-03	-8.498745e-02
7.558740032687985e-03	-9.166733e-02
7.568505657687984e-03	-9.668626e-02
7.578271282687984e-03	-1.006789e-01
7.588036907687984e-03	-1.040183e-01
7.597802532687985e-03	-1.068818e-01
7.607568157687985e-03	-1.093805e-01
7.617333782687984e-03	-1.115806e-01
7.627099407687984e-03	-1.135432e-01
7.636865032687985e-03	-1.152859e-01
7.646630657687985e-03	-1.168414e-01
7.656396282687984e-03	-1.182151e-01
7.666161907687984e-03	-1.194268e-01
7.675927532687985e-03	-1.204767e-01
7.685693157687985e-03	-1.213776e-01
7.695458782687984e-03	-1.221275e-01
7.705224407687984e-03	-1.227351e-01
7.714990032687984e-03	-1.231976e-01
7.724755657687985e-03	-1.235210e-01
7.734521282687984e-03	-1.237023e-01
7.744286907687984e-03	-1.237456e-01
7.754052532687984e-03	-1.236477e-01
7.763818157687985e-03	-1.234115e-01
7.773583782687984e-03	-1.230334e-01
7.783349407687984e-03	-1.225151e-01
7.793115032687984e-03	-1.218524e-01
7.802880657687985e-03	-1.210454e-01
7.812646282687984e-03	-1.200889e-01
7.822411907687985e-03	-1.189806e-01
7.832177532687985e-03	-1.177131e-01
7.841943157687985e-03	-1.162803e-01
7.851708782687985e-03	-1.146701e-01
7.861474407687984e-03	-1.128696e-01
7.871240032687984e-03	-1.108571e-01
7.881005657687984e-03	-1.086051e-01
7.890771282687984e-03	-1.060708e-01
7.900536907687985e-03	-1.031926e-01
7.910302532687985e-03	-9.987263e-02
7.920068157687985e-03	-9.595460e-02
7.929833782687985e-03	-9.114764e-02
7.939599407687984e-03	-8.499758e-02
7.949365032687984e-03	-7.669848e-02
7.959130657687984e-03	-6.524521e-02
7.968896282687984e-03	-5.046047e-02
7.978661907687984e-03	-3.356355e-02
7.988427532687985e-03	-1.592719e-02
7.998193157687985e-03	1.892660e-03
8.007958782687985e-03	1.969856e-02
8.017724407687984e-03	3.731954e-02
8.027490032687984e-03	5.431056e-02
8.037255657687984e-03	6.937625e-02
8.047021282687984e-03	8.073018e-02
8.056786907687984e-03	8.845810e-02
8.066552532687985e-03	9.405705e-02
8.076318157687985e-03	9.841202e-02
8.086083782687985e-03	1.019838e-01
8.095849407687985e-03	1.050109e-01
8.105615032687984e-03	1.076404e-01
8.115380657687984e-03	1.099411e-01
8.125146282687984e-03	1.119816e-01
8.134911907687984e-03	1.137971e-01
8.144677532687985e-03	1.154088e-01
8.154443157687985e-03	1.168382e-01
8.164208782687985e-03	1.180946e-01
8.173974407687985e-03	1.191903e-01
8.183740032687984e-03	1.201292e-01
8.193505657687984e-03	1.209190e-01
8.203271282687984e-03	1.215602e-01
8.213036907687984e-03	1.220584e-01
8.222802532687984e-03	1.224126e-01
8.232568157687985e-03	1.226265e-01
8.242333782687985e-03	1.226984e-01
8.252099407687985e-03	1.226308e-01
8.261865032687984e-03	1.224215e-01
8.271630657687984e-03	1.220717e-01
8.281396282687984e-03	1.215788e-01
8.291161907687984e-03	1.209425e-01
8.300927532687984e-03	1.201594e-01
8.310693157687985e-03	1.192275e-01
8.320458782687985e-03	1.181416e-01
8.330224407687985e-03	1.168969e-01
8.339990032687985e-03	1.154848e-01
8.349755657687984e-03	1.138957e-01
8.359521282687984e-03	1.121141e-01
8.369286907687984e-03	1.101207e-01
8.379052532687984e-03	1.078859e-01
8.388818157687985e-03	1.053686e-01
8.398583782687985e-03	1.025022e-01
8.408349407687985e-03	9.919395e-02
8.418115032687985e-03	9.528398e-02
8.427880657687984e-03	9.050072e-02
8.437646282687984e-03	8.436938e-02
8.447411907687984e-03	7.608571e-02
8.457177532687984e-03	6.466762e-02
8.466943157687984e-03	4.992345e-02
8.476708782687985e-03	3.306925e-02
8.486474407687985e-03	1.546008e-02
8.487695110812984e-03	1.323772e-02
8.490746868625484e-03	7.677243e-03
8.491967571750485e-03	5.450941e-03
8.492272747531735e-03	4.894182e-03
8.492883099094234e-03	3.780586e-03
8.493863057380540e-03	1.992390e-03
8.494042591908384e-03	1.664760e-03
8.494401660964072e-03	1.009511e-03
8.494718773173380e-03	4.305700e-04
8.494929401867739e-03	4.413453e-05
8.495179779778641e-03	-4.128944e-04
8.495406862998671e-03	-8.257893e-04
8.495670373515934e-03	-1.307536e-03
8.496106702188195e-03	-2.103535e-03
8.496554569270027e-03	-2.921458e-03
8.497326061331799e-03	-4.329729e-03
8.498230526318411e-03	-5.980954e-03
8.499544323285551e-03	-8.378814e-03
8.501323605213228e-03	-1.162500e-02
8.504126703336213e-03	-1.673396e-02
8.509048752173533e-03	-2.567882e-02
8.518411460408779e-03	-4.248185e-02
8.528177085408779e-03	-5.916339e-02
8.537942710408778e-03	-7.340807e-02
8.547708335408778e-03	-8.370272e-02
8.557473960408778e-03	-9.073413e-02
8.567239585408778e-03	-9.595196e-02
8.577005210408779e-03	-1.000695e-01
8.586770835408779e-03	-1.034933e-01
8.596536460408779e-03	-1.064200e-01
8.606302085408779e-03	-1.089662e-01
8.616067710408779e-03	-1.112055e-01
8.625833335408778e-03	-1.132009e-01
8.635598960408778e-03	-1.149730e-01
8.645364585408778e-03	-1.165544e-01
8.655130210408779e-03	-1.179523e-01
8.664895835408779e-03	-1.191863e-01
8.674661460408779e-03	-1.202577e-01
8.684427085408779e-03	-1.211788e-01
8.694192710408779e-03	-1.219488e-01
8.703958335408778e-03	-1.225755e-01
8.713723960408778e-03	-1.230571e-01
8.723489585408778e-03	-1.233990e-01
8.733255210408778e-03	-1.235989e-01
8.743020835408779e-03	-1.236603e-01
8.752786460408779e-03	-1.235808e-01
8.762552085408779e-03	-1.233626e-01
8.772317710408779e-03	-1.230028e-01
8.782083335408778e-03	-1.225025e-01
8.791848960408778e-03	-1.218583e-01
8.801614585408778e-03	-1.210696e-01
8.811380210408778e-03	-1.201322e-01
8.821145835408779e-03	-1.190429e-01
8.830911460408779e-03	-1.177955e-01
8.840677085408779e-03	-1.163832e-01
8.850442710408779e-03	-1.147953e-01
8.860208335408779e-03	-1.130182e-01
8.869973960408778e-03	-1.110322e-01
8.879739585408778e-03	-1.088097e-01
8.889505210408778e-03	-1.063107e-01
8.899270835408779e-03	-1.034755e-01
8.909036460408779e-03	-1.002118e-01
8.918802085408779e-03	-9.637072e-02
8.928567710408779e-03	-9.167988e-02
8.938333335408779e-03	-8.571157e-02
8.948098960408778e-03	-7.769990e-02
8.957864585408778e-03	-6.662919e-02
8.967630210408778e-03	-5.217385e-02
8.977395835408778e-03	-3.543247e-02
8.987161460408779e-03	-1.784031e-02
8.996927085408779e-03	-2.985989e-05
9.006692710408779e-03	1.778439e-02
9.016458335408779e-03	3.544013e-02
9.026223960408778e-03	5.254500e-02
9.035989585408778e-03	6.792179e-02
9.045755210408778e-03	7.972881e-02
9.055520835408778e-03	8.778422e-02
9.065286460408779e-03	9.355892e-02
9.075052085408779e-03	9.802639e-02
9.084817710408779e-03	1.016687e-01
9.094583335408779e-03	1.047504e-01
9.104348960408779e-03	1.074140e-01
9.114114585408778e-03	1.097537e-01
9.123880210408778e-03	1.118247e-01
9.133645835408778e-03	1.136649e-01
9.143411460408779e-03	1.152989e-01
9.153177085408779e-03	1.167495e-01
9.162942710408779e-03	1.180258e-01
9.172708335408779e-03	1.191410e-01
9.182473960408779e-03	1.200986e-01
9.192239585408778e-03	1.209068e-01
9.202005210408778e-03	1.215662e-01
9.211770835408778e-03	1.220825e-01
9.221536460408778e-03	1.224546e-01
9.231302085408779e-03	1.226865e-01
9.241067710408779e-03	1.227765e-01
9.250833335408779e-03	1.227270e-01
9.260598960408779e-03	1.225359e-01
9.270364585408778e-03	1.222048e-01
9.280130210408778e-03	1.217303e-01
9.289895835408778e-03	1.211134e-01
9.299661460408778e-03	1.203495e-01
9.309427085408779e-03	1.194380e-01
9.319192710408779e-03	1.183727e-01
9.328958335408779e-03	1.171503e-01
9.338723960408779e-03	1.157613e-01
9.348489585408779e-03	1.141976e-01
9.358255210408778e-03	1.124435e-01
9.368020835408778e-03	1.104816e-01
9.377786460408778e-03	1.082828e-01
9.387552085408779e-03	1.058095e-01
9.397317710408779e-03	1.029977e-01
9.407083335408779e-03	9.976223e-02
9.416848960408779e-03	9.595332e-02
9.426614585408779e-03	9.132192e-02
9.436380210408778e-03	8.543018e-02
9.446145835408778e-03	7.752735e-02
9.455911460408778e-03	6.661640e-02
9.465677085408778e-03	5.231091e-02
9.475442710408779e-03	3.566330e-02
9.485208335408779e-03	1.811082e-02
9.491826779810076e-03	6.059130e-03
9.493047482935077e-03	3.831672e-03
9.493352658716326e-03	3.274779e-03
9.493963010278827e-03	2.160968e-03
9.494115598169452e-03	1.882505e-03
9.494420773950702e-03	1.325582e-03
9.495031125513202e-03	2.113099e-04
9.495050198999530e-03	1.764276e-04
9.495088345972185e-03	1.065849e-04
9.495164639917498e-03	-3.313127e-05
9.495317227808124e-03	-3.118272e-04
9.495520691799042e-03	-6.831905e-04
9.495927619780879e-03	-1.426140e-03
9.496741475744551e-03	-2.911781e-03
9.498369187671898e-03	-5.883213e-03
9.501624611526590e-03	-1.182330e-02
9.507647542126650e-03	-2.278700e-02
9.515850470093238e-03	-3.758462e-02
9.525616095093238e-03	-5.461150e-02
9.535381720093238e-03	-6.974564e-02
9.545147345093237e-03	-8.117630e-02
9.554912970093237e-03	-8.895589e-02
9.564678595093237e-03	-9.458116e-02
9.574444220093237e-03	-9.895680e-02
9.584209845093238e-03	-1.025477e-01
9.593975470093238e-03	-1.056017e-01
9.603741095093238e-03	-1.082407e-01
9.613506720093238e-03	-1.105577e-01
9.623272345093237e-03	-1.126171e-01
9.633037970093237e-03	-1.144470e-01
9.642803595093237e-03	-1.160789e-01
9.652569220093237e-03	-1.175248e-01
9.662334845093238e-03	-1.188024e-01
9.672100470093238e-03	-1.199166e-01
9.681866095093238e-03	-1.208777e-01
9.691631720093238e-03	-1.216874e-01
9.701397345093237e-03	-1.223522e-01
9.711162970093237e-03	-1.228720e-01
9.720928595093237e-03	-1.232509e-01
9.730694220093237e-03	-1.234881e-01
9.740459845093237e-03	-1.235861e-01
9.750225470093238e-03	-1.235435e-01
9.759991095093238e-03	-1.233618e-01
9.769756720093238e-03	-1.230391e-01
9.779522345093238e-03	-1.225757e-01
9.789287970093237e-03	-1.219691e-01
9.799053595093237e-03	-1.212182e-01
9.808819220093237e-03	-1.203196e-01
9.818584845093237e-03	-1.192701e-01
9.828350470093238e-03	-1.180639e-01
9.838116095093238e-03	-1.166948e-01
9.847881720093238e-03	-1.151528e-01
9.857647345093238e-03	-1.134255e-01
9.867412970093237e-03	-1.114945e-01
9.877178595093237e-03	-1.093348e-01
9.886944220093237e-03	-1.069097e-01
9.896709845093237e-03	-1.041655e-01
9.906475470093238e-03	-1.010193e-01
9.916241095093238e-03	-9.733961e-02
9.926006720093238e-03	-9.288850e-02
9.935772345093238e-03	-8.729450e-02
9.945537970093237e-03	-7.987858e-02
9.955303595093237e-03	-6.964148e-02
9.965069220093237e-03	-5.597082e-02
9.974834845093237e-03	-3.964298e-02
9.984600470093237e-03	-2.217258e-02
9.994366095093238e-03	-4.391218e-03
1.000000000000000e-02	5.899287e-03
