time	V(n012)
0.000000000000000e+00	4.500018e-14
1.428571445265854e-08	-2.751801e-09
2.857142890531708e-08	-2.348465e-09
4.285714335797562e-08	1.210053e-09
5.714285781063416e-08	7.923753e-09
7.142857226329269e-08	1.779263e-08
8.571428671595124e-08	3.081670e-08
1.000000011686097e-07	4.699594e-08
1.694687768578444e-07	6.984505e-07
2.531060883513385e-07	4.044391e-06
3.414488768168861e-07	1.234737e-05
5.181344537479814e-07	4.194581e-05
7.903343846987529e-07	1.151836e-04
1.083310460635995e-06	2.327896e-04
1.476530900162319e-06	4.537506e-04
1.952681064137420e-06	8.159183e-04
2.604799471105878e-06	1.479414e-03
3.436850631833776e-06	2.600695e-03
4.567781550758288e-06	4.608447e-03
6.045307166498254e-06	8.043388e-03
8.049253788233041e-06	1.410139e-02
1.072392815651730e-05	2.439282e-02
1.286724412432242e-05	3.361666e-02
1.481820076257634e-05	4.059173e-02
1.649681072914480e-05	4.385267e-02
1.780600443236080e-05	4.489810e-02
1.922541841039113e-05	4.558749e-02
2.114293677379867e-05	4.635194e-02
2.322014137998346e-05	4.709198e-02
2.737455059235302e-05	4.839896e-02
3.568336901709216e-05	5.054205e-02
4.544899401709216e-05	5.258582e-02
5.521461901709217e-05	5.431479e-02
6.498024401709217e-05	5.583065e-02
7.474586901709216e-05	5.718561e-02
8.451149401709216e-05	5.841408e-02
9.427711901709217e-05	5.953452e-02
1.040427440170922e-04	6.056160e-02
1.138083690170922e-04	6.150225e-02
1.235739940170922e-04	6.236589e-02
1.333396190170922e-04	6.315364e-02
1.431052440170922e-04	6.387172e-02
1.528708690170922e-04	6.451903e-02
1.626364940170922e-04	6.510019e-02
1.724021190170922e-04	6.561301e-02
1.821677440170922e-04	6.606125e-02
1.919333690170922e-04	6.644217e-02
2.016989940170922e-04	6.675908e-02
2.114646190170922e-04	6.700902e-02
2.212302440170922e-04	6.719506e-02
2.309958690170922e-04	6.731416e-02
2.407614940170922e-04	6.736927e-02
2.505271190170921e-04	6.735737e-02
2.602927440170922e-04	6.728133e-02
2.700583690170922e-04	6.713819e-02
2.798239940170922e-04	6.693073e-02
2.895896190170922e-04	6.665605e-02
2.993552440170922e-04	6.631675e-02
3.091208690170922e-04	6.590988e-02
3.188864940170921e-04	6.543783e-02
3.286521190170922e-04	6.489740e-02
3.384177440170922e-04	6.429049e-02
3.481833690170922e-04	6.361342e-02
3.579489940170922e-04	6.286717e-02
3.677146190170922e-04	6.204702e-02
3.774802440170921e-04	6.115226e-02
3.872458690170922e-04	6.017601e-02
3.970114940170922e-04	5.911427e-02
4.067771190170922e-04	5.795551e-02
4.165427440170922e-04	5.668860e-02
4.263083690170922e-04	5.528998e-02
4.360739940170921e-04	5.373133e-02
4.458396190170922e-04	5.195729e-02
4.556052440170922e-04	4.987425e-02
4.653708690170922e-04	4.728601e-02
4.751364940170922e-04	4.370518e-02
4.849021190170922e-04	3.732657e-02
4.921580584310323e-04	2.623719e-02
4.929179357407040e-04	2.439900e-02
4.944376903600478e-04	2.033783e-02
4.974771995987353e-04	9.777524e-03
4.977588631807018e-04	8.615801e-03
4.983221903446346e-04	6.235098e-03
4.990010515042120e-04	3.214499e-03
4.991707667941064e-04	2.428519e-03
4.995101973738951e-04	8.362893e-04
4.995606662706572e-04	5.956371e-04
4.996616040641814e-04	1.125497e-04
4.997726167324151e-04	-4.233214e-04
4.999059224726236e-04	-1.072771e-03
5.000628711652145e-04	-1.844588e-03
5.002367830168338e-04	-2.709786e-03
5.005846067200722e-04	-4.471665e-03
5.011348809189326e-04	-7.342873e-03
5.021050710534857e-04	-1.264900e-02
5.039819356930828e-04	-2.367946e-02
5.055875255082728e-04	-3.342177e-02
5.069045061146641e-04	-4.038324e-02
5.083201752816939e-04	-4.492430e-02
5.091172058697024e-04	-4.600636e-02
5.101200737838413e-04	-4.669291e-02
5.111978694111661e-04	-4.716095e-02
5.124161749224987e-04	-4.760095e-02
5.145229985230356e-04	-4.830083e-02
5.175346827999509e-04	-4.920811e-02
5.235580513537812e-04	-5.079485e-02
5.330209226604525e-04	-5.286675e-02
5.427865476604525e-04	-5.467510e-02
5.525521726604525e-04	-5.625316e-02
5.623177976604526e-04	-5.767020e-02
5.720834226604526e-04	-5.895304e-02
5.818490476604526e-04	-6.013231e-02
5.916146726604526e-04	-6.121445e-02
6.013802976604526e-04	-6.221650e-02
6.111459226604526e-04	-6.313732e-02
6.209115476604525e-04	-6.398976e-02
6.306771726604525e-04	-6.476882e-02
6.404427976604525e-04	-6.548461e-02
6.502084226604525e-04	-6.613078e-02
6.599740476604525e-04	-6.671587e-02
6.697396726604525e-04	-6.723301e-02
6.795052976604526e-04	-6.768978e-02
6.892709226604526e-04	-6.807924e-02
6.990365476604526e-04	-6.840830e-02
7.088021726604526e-04	-6.867018e-02
7.185677976604526e-04	-6.887136e-02
7.283334226604526e-04	-6.900530e-02
7.380990476604526e-04	-6.907814e-02
7.478646726604525e-04	-6.908371e-02
7.576302976604525e-04	-6.902787e-02
7.673959226604525e-04	-6.890477e-02
7.771615476604525e-04	-6.872001e-02
7.869271726604525e-04	-6.846809e-02
7.966927976604525e-04	-6.815427e-02
8.064584226604526e-04	-6.777335e-02
8.162240476604526e-04	-6.733020e-02
8.259896726604526e-04	-6.681975e-02
8.357552976604526e-04	-6.624633e-02
8.455209226604526e-04	-6.560479e-02
8.552865476604526e-04	-6.489865e-02
8.650521726604526e-04	-6.412227e-02
8.748177976604525e-04	-6.327783e-02
8.845834226604525e-04	-6.235852e-02
8.943490476604525e-04	-6.136416e-02
9.041146726604525e-04	-6.028523e-02
9.138802976604525e-04	-5.911699e-02
9.236459226604526e-04	-5.784319e-02
9.334115476604526e-04	-5.644964e-02
9.431771726604526e-04	-5.490440e-02
9.529427976604526e-04	-5.316371e-02
9.627084226604526e-04	-5.114268e-02
9.724740476604526e-04	-4.868190e-02
9.822396726604525e-04	-4.539514e-02
9.920052976604525e-04	-4.002687e-02
9.999203559840624e-04	-3.030809e-02
1.005937237711121e-03	-1.400010e-02
1.012213947727350e-03	1.588183e-02
1.015776823775577e-03	3.620761e-02
1.017953909051159e-03	4.436946e-02
1.019067073313892e-03	4.573099e-02
1.020363295340559e-03	4.637987e-02
1.021380482629152e-03	4.676901e-02
1.022608651547710e-03	4.717701e-02
1.024425128825672e-03	4.777487e-02
1.026275872364863e-03	4.832066e-02
1.029118285291790e-03	4.912244e-02
1.032439798665703e-03	4.995920e-02
1.036903949144344e-03	5.100077e-02
1.042875489087044e-03	5.223137e-02
1.051442833215316e-03	5.380836e-02
1.061208458215316e-03	5.537190e-02
1.070974083215316e-03	5.677957e-02
1.080739708215316e-03	5.803768e-02
1.090505333215316e-03	5.919951e-02
1.100270958215316e-03	6.024963e-02
1.110036583215316e-03	6.122679e-02
1.119802208215316e-03	6.211102e-02
1.129567833215316e-03	6.293317e-02
1.139333458215316e-03	6.367114e-02
1.149099083215316e-03	6.435191e-02
1.158864708215316e-03	6.495306e-02
1.168630333215316e-03	6.549894e-02
1.178395958215316e-03	6.596762e-02
1.188161583215316e-03	6.638145e-02
1.197927208215316e-03	6.671939e-02
1.207692833215316e-03	6.700218e-02
1.217458458215316e-03	6.720985e-02
1.227224083215316e-03	6.736174e-02
1.236989708215316e-03	6.743908e-02
1.246755333215316e-03	6.745989e-02
1.256520958215316e-03	6.740663e-02
1.266286583215316e-03	6.729612e-02
1.276052208215316e-03	6.711199e-02
1.285817833215316e-03	6.686987e-02
1.295583458215316e-03	6.655450e-02
1.305349083215316e-03	6.618028e-02
1.315114708215316e-03	6.573293e-02
1.324880333215316e-03	6.522550e-02
1.334645958215316e-03	6.464446e-02
1.344411583215316e-03	6.400131e-02
1.354177208215316e-03	6.328286e-02
1.363942833215316e-03	6.249863e-02
1.373708458215316e-03	6.163507e-02
1.383474083215316e-03	6.069879e-02
1.393239708215316e-03	5.967456e-02
1.403005333215316e-03	5.856410e-02
1.412770958215316e-03	5.734733e-02
1.422536583215316e-03	5.601540e-02
1.432302208215316e-03	5.453583e-02
1.442067833215316e-03	5.287496e-02
1.451833458215316e-03	5.095444e-02
1.461599083215316e-03	4.864632e-02
1.471364708215316e-03	4.564113e-02
1.481130333215316e-03	4.104814e-02
1.490895958215316e-03	3.045281e-02
1.492116661340316e-03	2.815196e-02
1.494558067590316e-03	2.263183e-02
1.498171600772948e-03	1.076727e-02
1.498502480324399e-03	9.427992e-03
1.499164239427301e-03	6.670221e-03
1.499943056912700e-03	3.222446e-03
1.500137761284050e-03	2.319882e-03
1.500527170026750e-03	4.880894e-04
1.500593362263928e-03	1.706488e-04
1.500725746738284e-03	-4.672926e-04
1.500862778812940e-03	-1.134458e-03
1.500885769484545e-03	-1.247216e-03
1.500931750827754e-03	-1.473101e-03
1.501023713514172e-03	-1.926861e-03
1.501207638887009e-03	-2.842633e-03
1.501461286072855e-03	-4.124708e-03
1.501968580444546e-03	-6.754640e-03
1.502983169187929e-03	-1.227038e-02
1.505012346674694e-03	-2.418204e-02
1.506661970498297e-03	-3.414135e-02
1.508004067981971e-03	-4.100705e-02
1.509413057722772e-03	-4.516392e-02
1.510234118640579e-03	-4.613064e-02
1.511223693568306e-03	-4.674237e-02
1.512360383274470e-03	-4.721771e-02
1.513643016947151e-03	-4.767138e-02
1.516161957584559e-03	-4.849321e-02
1.519156948576156e-03	-4.937310e-02
1.525146930559350e-03	-5.092202e-02
1.534435936637655e-03	-5.292983e-02
1.544201561637655e-03	-5.472330e-02
1.553967186637655e-03	-5.628883e-02
1.563732811637655e-03	-5.769637e-02
1.573498436637655e-03	-5.896968e-02
1.583264061637655e-03	-6.014110e-02
1.593029686637655e-03	-6.121469e-02
1.602795311637655e-03	-6.220935e-02
1.612560936637655e-03	-6.312188e-02
1.622326561637655e-03	-6.396692e-02
1.632092186637655e-03	-6.473764e-02
1.641857811637655e-03	-6.544585e-02
1.651623436637655e-03	-6.608347e-02
1.661389061637655e-03	-6.666069e-02
1.671154686637655e-03	-6.716904e-02
1.680920311637655e-03	-6.761765e-02
1.690685936637655e-03	-6.799805e-02
1.700451561637655e-03	-6.831866e-02
1.710217186637655e-03	-6.857123e-02
1.719982811637655e-03	-6.876367e-02
1.729748436637655e-03	-6.888808e-02
1.739514061637655e-03	-6.895194e-02
1.749279686637655e-03	-6.894778e-02
1.759045311637655e-03	-6.888272e-02
1.768810936637655e-03	-6.874970e-02
1.778576561637655e-03	-6.855549e-02
1.788342186637655e-03	-6.829343e-02
1.798107811637655e-03	-6.796992e-02
1.807873436637655e-03	-6.757861e-02
1.817639061637655e-03	-6.712543e-02
1.827404686637655e-03	-6.660423e-02
1.837170311637655e-03	-6.602030e-02
1.846935936637655e-03	-6.536742e-02
1.856701561637655e-03	-6.464998e-02
1.866467186637655e-03	-6.386129e-02
1.876232811637655e-03	-6.300422e-02
1.885998436637655e-03	-6.207085e-02
1.895764061637655e-03	-6.106148e-02
1.905529686637655e-03	-5.996527e-02
1.915295311637655e-03	-5.877749e-02
1.925060936637655e-03	-5.747991e-02
1.934826561637655e-03	-5.605723e-02
1.944592186637655e-03	-5.447352e-02
1.954357811637655e-03	-5.267951e-02
1.964123436637655e-03	-5.057678e-02
1.973889061637655e-03	-4.797448e-02
1.983654686637655e-03	-4.438228e-02
1.993420311637655e-03	-3.800763e-02
2.000565021070807e-03	-2.722395e-02
2.006106026325135e-03	-1.005119e-02
2.011844626304723e-03	1.872874e-02
2.015196523274072e-03	3.758201e-02
2.017326082194053e-03	4.485214e-02
2.018335431813350e-03	4.585736e-02
2.019554414325657e-03	4.643216e-02
2.020542998545706e-03	4.681456e-02
2.021793954785538e-03	4.722878e-02
2.023583055442217e-03	4.781898e-02
2.025328995058180e-03	4.833296e-02
2.028023797025198e-03	4.909902e-02
2.031028442922585e-03	4.986286e-02
2.035022014236887e-03	5.081413e-02
2.040110906673144e-03	5.189238e-02
2.047238257591275e-03	5.326378e-02
2.056992508953712e-03	5.489875e-02
2.066758133953712e-03	5.636304e-02
2.076523758953712e-03	5.766656e-02
2.086289383953712e-03	5.886731e-02
2.096055008953712e-03	5.995270e-02
2.105820633953712e-03	6.096256e-02
2.115586258953712e-03	6.187655e-02
2.125351883953712e-03	6.272821e-02
2.135117508953712e-03	6.349394e-02
2.144883133953712e-03	6.420285e-02
2.154648758953712e-03	6.483100e-02
2.164414383953712e-03	6.540454e-02
2.174180008953712e-03	6.590007e-02
2.183945633953712e-03	6.634152e-02
2.193711258953712e-03	6.670647e-02
2.203476883953712e-03	6.701703e-02
2.213242508953712e-03	6.725200e-02
2.223008133953712e-03	6.743190e-02
2.232773758953712e-03	6.753684e-02
2.242539383953712e-03	6.758592e-02
2.252305008953712e-03	6.756056e-02
2.262070633953712e-03	6.747856e-02
2.271836258953712e-03	6.732266e-02
2.281601883953712e-03	6.710932e-02
2.291367508953712e-03	6.682254e-02
2.301133133953712e-03	6.647747e-02
2.310898758953712e-03	6.605922e-02
2.320664383953712e-03	6.558156e-02
2.330430008953712e-03	6.503049e-02
2.340195633953712e-03	6.441821e-02
2.349961258953712e-03	6.373130e-02
2.359726883953712e-03	6.297998e-02
2.369492508953712e-03	6.215081e-02
2.379258133953712e-03	6.125134e-02
2.389023758953712e-03	6.026692e-02
2.398789383953712e-03	5.920086e-02
2.408555008953712e-03	5.803480e-02
2.418320633953712e-03	5.676394e-02
2.428086258953712e-03	5.535878e-02
2.437851883953712e-03	5.379640e-02
2.447617508953712e-03	5.201623e-02
2.457383133953712e-03	4.992897e-02
2.467148758953712e-03	4.733328e-02
2.476914383953712e-03	4.374260e-02
2.486680008953712e-03	3.733146e-02
2.493903864185397e-03	2.624429e-02
2.494639780255767e-03	2.446302e-02
2.496111612396505e-03	2.053996e-02
2.499055276677982e-03	1.041023e-02
2.500990614089680e-03	2.049809e-03
2.501051093383796e-03	1.766251e-03
2.501172051972027e-03	1.196551e-03
2.501413969148490e-03	4.159454e-05
2.501465832109438e-03	-2.091608e-04
2.501569558031335e-03	-7.125255e-04
2.501700318849425e-03	-1.352782e-03
2.501720151283208e-03	-1.450554e-03
2.501759816150776e-03	-1.646372e-03
2.501839145885911e-03	-2.039489e-03
2.501997805356179e-03	-2.831775e-03
2.502251252974152e-03	-4.115317e-03
2.502758148210097e-03	-6.748077e-03
2.503771938681988e-03	-1.226878e-02
2.505799519625768e-03	-2.418705e-02
2.507387343668605e-03	-3.380652e-02
2.508724652526491e-03	-4.073953e-02
2.510129594842535e-03	-4.502355e-02
2.510932031301067e-03	-4.602749e-02
2.511922792753436e-03	-4.667230e-02
2.513029990147026e-03	-4.714508e-02
2.514291935824196e-03	-4.759495e-02
2.516657002010890e-03	-4.837208e-02
2.519492344545912e-03	-4.921452e-02
2.525163029615956e-03	-5.070406e-02
2.533621488097806e-03	-5.257397e-02
2.543387113097807e-03	-5.441074e-02
2.553152738097806e-03	-5.600533e-02
2.562918363097807e-03	-5.743484e-02
2.572683988097806e-03	-5.872488e-02
2.582449613097807e-03	-5.991039e-02
2.592215238097806e-03	-6.099555e-02
2.601980863097807e-03	-6.200064e-02
2.611746488097806e-03	-6.292215e-02
2.621512113097807e-03	-6.377571e-02
2.631277738097806e-03	-6.455404e-02
2.641043363097807e-03	-6.526968e-02
2.650808988097806e-03	-6.591411e-02
2.660574613097807e-03	-6.649812e-02
2.670340238097806e-03	-6.701281e-02
2.680105863097807e-03	-6.746779e-02
2.689871488097806e-03	-6.785422e-02
2.699637113097807e-03	-6.818092e-02
2.709402738097806e-03	-6.843930e-02
2.719168363097806e-03	-6.863761e-02
2.728933988097806e-03	-6.876765e-02
2.738699613097806e-03	-6.883721e-02
2.748465238097807e-03	-6.883852e-02
2.758230863097806e-03	-6.877896e-02
2.767996488097807e-03	-6.865125e-02
2.777762113097806e-03	-6.846236e-02
2.787527738097807e-03	-6.820544e-02
2.797293363097806e-03	-6.788704e-02
2.807058988097807e-03	-6.750067e-02
2.816824613097806e-03	-6.705237e-02
2.826590238097807e-03	-6.653589e-02
2.836355863097806e-03	-6.595659e-02
2.846121488097807e-03	-6.530821e-02
2.855887113097806e-03	-6.459515e-02
2.865652738097807e-03	-6.381069e-02
2.875418363097806e-03	-6.295776e-02
2.885183988097807e-03	-6.202841e-02
2.894949613097806e-03	-6.102295e-02
2.904715238097807e-03	-5.993059e-02
2.914480863097806e-03	-5.874661e-02
2.924246488097807e-03	-5.745288e-02
2.934012113097806e-03	-5.603416e-02
2.943777738097807e-03	-5.445476e-02
2.953543363097806e-03	-5.266571e-02
2.963308988097806e-03	-5.056944e-02
2.973074613097806e-03	-4.797699e-02
2.982840238097806e-03	-4.440471e-02
2.992605863097807e-03	-3.809603e-02
2.999848433846228e-03	-2.723595e-02
3.005435880242022e-03	-9.926282e-03
3.011183255766372e-03	1.893901e-02
3.014540696296495e-03	3.777041e-02
3.016687389819556e-03	4.497502e-02
3.017692231942847e-03	4.592412e-02
3.018905045377166e-03	4.648118e-02
3.019911551483077e-03	4.686941e-02
3.021168629194884e-03	4.728393e-02
3.022915480275383e-03	4.786028e-02
3.024655362648234e-03	4.837183e-02
3.027269624397685e-03	4.911656e-02
3.030202982192216e-03	4.986413e-02
3.034066101775846e-03	5.078976e-02
3.038954074549465e-03	5.183320e-02
3.045712302724895e-03	5.314940e-02
3.054979683681588e-03	5.472696e-02
3.064745308681588e-03	5.621582e-02
3.074510933681588e-03	5.753893e-02
3.084276558681588e-03	5.875693e-02
3.094042183681588e-03	5.985743e-02
3.103807808681588e-03	6.088164e-02
3.113573433681588e-03	6.180884e-02
3.123339058681588e-03	6.267365e-02
3.133104683681588e-03	6.345189e-02
3.142870308681588e-03	6.417353e-02
3.152635933681588e-03	6.481399e-02
3.162401558681588e-03	6.540018e-02
3.172167183681588e-03	6.590810e-02
3.181932808681588e-03	6.636231e-02
3.191698433681588e-03	6.673982e-02
3.201464058681588e-03	6.706333e-02
3.211229683681588e-03	6.731107e-02
3.220995308681588e-03	6.750412e-02
3.230760933681588e-03	6.762206e-02
3.240526558681588e-03	6.768449e-02
3.250292183681588e-03	6.767236e-02
3.260057808681588e-03	6.760391e-02
3.269823433681588e-03	6.746144e-02
3.279589058681588e-03	6.726185e-02
3.289354683681588e-03	6.698874e-02
3.299120308681588e-03	6.665768e-02
3.308885933681588e-03	6.625342e-02
3.318651558681588e-03	6.579013e-02
3.328417183681588e-03	6.525353e-02
3.338182808681588e-03	6.465623e-02
3.347948433681588e-03	6.398458e-02
3.357714058681588e-03	6.324928e-02
3.367479683681588e-03	6.243681e-02
3.377245308681588e-03	6.155526e-02
3.387010933681588e-03	6.059016e-02
3.396776558681588e-03	5.954563e-02
3.406542183681588e-03	5.840397e-02
3.416307808681588e-03	5.716194e-02
3.426073433681588e-03	5.579217e-02
3.435839058681588e-03	5.427556e-02
3.445604683681588e-03	5.255850e-02
3.455370308681588e-03	5.056675e-02
3.465135933681588e-03	4.813565e-02
3.474901558681588e-03	4.489776e-02
3.484667183681588e-03	3.964032e-02
3.494432808681588e-03	2.588731e-02
3.495354514404703e-03	2.366192e-02
3.497197925850934e-03	1.862431e-02
3.500884748743396e-03	4.893418e-03
3.501117360112760e-03	3.851314e-03
3.501582582851487e-03	1.728805e-03
3.502067857454828e-03	-5.666797e-04
3.502690161691470e-03	-3.631894e-03
3.502769509250082e-03	-4.033598e-03
3.502928204367307e-03	-4.841179e-03
3.503245594601755e-03	-6.481642e-03
3.503870505482823e-03	-9.810251e-03
3.504596256126090e-03	-1.383558e-02
3.506047757412623e-03	-2.233997e-02
3.507621749851700e-03	-3.188739e-02
3.508878585825600e-03	-3.886341e-02
3.510350772037277e-03	-4.425406e-02
3.511167190511096e-03	-4.563150e-02
3.512194459159213e-03	-4.646891e-02
3.513222759559015e-03	-4.694645e-02
3.514445868543755e-03	-4.739859e-02
3.516272385506333e-03	-4.801961e-02
3.518737306434309e-03	-4.878344e-02
3.523667148290262e-03	-5.014393e-02
3.531026891766275e-03	-5.186780e-02
3.540792516766275e-03	-5.380323e-02
3.550558141766275e-03	-5.546568e-02
3.560323766766275e-03	-5.694418e-02
3.570089391766275e-03	-5.827412e-02
3.579855016766275e-03	-5.949133e-02
3.589620641766275e-03	-6.060475e-02
3.599386266766275e-03	-6.163406e-02
3.609151891766275e-03	-6.257924e-02
3.618917516766275e-03	-6.345329e-02
3.628683141766275e-03	-6.425256e-02
3.638448766766275e-03	-6.498677e-02
3.648214391766275e-03	-6.565076e-02
3.657980016766275e-03	-6.625238e-02
3.667745641766275e-03	-6.678588e-02
3.677511266766275e-03	-6.725799e-02
3.687276891766275e-03	-6.766284e-02
3.697042516766275e-03	-6.800643e-02
3.706808141766275e-03	-6.828301e-02
3.716573766766275e-03	-6.849810e-02
3.726339391766275e-03	-6.864621e-02
3.736105016766275e-03	-6.873244e-02
3.745870641766275e-03	-6.875169e-02
3.755636266766275e-03	-6.870873e-02
3.765401891766275e-03	-6.859881e-02
3.775167516766275e-03	-6.842642e-02
3.784933141766275e-03	-6.818713e-02
3.794698766766275e-03	-6.788511e-02
3.804464391766275e-03	-6.751621e-02
3.814230016766275e-03	-6.708421e-02
3.823995641766275e-03	-6.658509e-02
3.833761266766275e-03	-6.602208e-02
3.843526891766275e-03	-6.539109e-02
3.853292516766275e-03	-6.469452e-02
3.863058141766275e-03	-6.392781e-02
3.872823766766275e-03	-6.309202e-02
3.882589391766275e-03	-6.218135e-02
3.892355016766275e-03	-6.119455e-02
3.902120641766275e-03	-6.012309e-02
3.911886266766276e-03	-5.896113e-02
3.921651891766275e-03	-5.769392e-02
3.931417516766275e-03	-5.630535e-02
3.941183141766275e-03	-5.476450e-02
3.950948766766275e-03	-5.302662e-02
3.960714391766275e-03	-5.100696e-02
3.970480016766275e-03	-4.854408e-02
3.980245641766275e-03	-4.524828e-02
3.990011266766275e-03	-3.984371e-02
3.997733015287756e-03	-3.040675e-02
4.003402377911077e-03	-1.552928e-02
4.009562329347988e-03	1.281300e-02
4.013043009278272e-03	3.313576e-02
4.015106887996264e-03	4.263993e-02
4.016505490620770e-03	4.548633e-02
4.017525270515703e-03	4.616191e-02
4.018641888252142e-03	4.663229e-02
4.019750276857380e-03	4.702767e-02
4.021967054067854e-03	4.776167e-02
4.024990767697940e-03	4.866440e-02
4.031038194958112e-03	5.024128e-02
4.040803819958112e-03	5.235217e-02
4.050569444958112e-03	5.412976e-02
4.060335069958112e-03	5.568122e-02
4.070100694958112e-03	5.706976e-02
4.079866319958112e-03	5.832569e-02
4.089631944958112e-03	5.947557e-02
4.099397569958112e-03	6.052793e-02
4.109163194958112e-03	6.149710e-02
4.118928819958112e-03	6.238594e-02
4.128694444958112e-03	6.320260e-02
4.138460069958112e-03	6.394664e-02
4.148225694958112e-03	6.462373e-02
4.157991319958112e-03	6.523190e-02
4.167756944958113e-03	6.577550e-02
4.177522569958112e-03	6.625188e-02
4.187288194958112e-03	6.666459e-02
4.197053819958112e-03	6.701074e-02
4.206819444958112e-03	6.729340e-02
4.216585069958112e-03	6.750967e-02
4.226350694958112e-03	6.766232e-02
4.236116319958112e-03	6.774857e-02
4.245881944958112e-03	6.777098e-02
4.255647569958112e-03	6.772693e-02
4.265413194958112e-03	6.761882e-02
4.275178819958112e-03	6.744423e-02
4.284944444958112e-03	6.720533e-02
4.294710069958112e-03	6.689987e-02
4.304475694958112e-03	6.652980e-02
4.314241319958112e-03	6.609289e-02
4.324006944958112e-03	6.559070e-02
4.333772569958112e-03	6.502088e-02
4.343538194958112e-03	6.438440e-02
4.353303819958112e-03	6.367842e-02
4.363069444958112e-03	6.290286e-02
4.372835069958112e-03	6.205383e-02
4.382600694958112e-03	6.112935e-02
4.392366319958112e-03	6.012324e-02
4.402131944958112e-03	5.902987e-02
4.411897569958113e-03	5.783806e-02
4.421663194958112e-03	5.653347e-02
4.431428819958112e-03	5.509355e-02
4.441194444958112e-03	5.348341e-02
4.450960069958112e-03	5.164168e-02
4.460725694958112e-03	4.945850e-02
4.470491319958112e-03	4.669703e-02
4.480256944958112e-03	4.272443e-02
4.490022569958112e-03	3.488115e-02
4.496183187644448e-03	2.357744e-02
4.496785109179285e-03	2.191589e-02
4.497988952248961e-03	1.834059e-02
4.500396638388312e-03	9.634606e-03
4.502361698732500e-03	9.789031e-04
4.502424122421372e-03	6.805967e-04
4.502548969799118e-03	8.126959e-05
4.502798664554609e-03	-1.133701e-03
4.502979723198438e-03	-2.029498e-03
4.503004832354903e-03	-2.154796e-03
4.503055050667831e-03	-2.405576e-03
4.503155487293687e-03	-2.909046e-03
4.503341216719445e-03	-3.849641e-03
4.503712675570961e-03	-5.766952e-03
4.504115703729377e-03	-7.899625e-03
4.504921760046209e-03	-1.232531e-02
4.506533872679872e-03	-2.175096e-02
4.507997194906373e-03	-3.070050e-02
4.509310363804349e-03	-3.818125e-02
4.510811958694717e-03	-4.398905e-02
4.511640841244014e-03	-4.551191e-02
4.512689530569085e-03	-4.642921e-02
4.513792535953368e-03	-4.694873e-02
4.514997079762525e-03	-4.739025e-02
4.516811023739298e-03	-4.800669e-02
4.519068450570287e-03	-4.870608e-02
4.523583304232266e-03	-4.996666e-02
4.529581273992039e-03	-5.141113e-02
4.539346898992038e-03	-5.341541e-02
4.549112523992038e-03	-5.512121e-02
4.558878148992038e-03	-5.663266e-02
4.568643773992039e-03	-5.798657e-02
4.578409398992038e-03	-5.922471e-02
4.588175023992038e-03	-6.035463e-02
4.597940648992038e-03	-6.140002e-02
4.607706273992039e-03	-6.235819e-02
4.617471898992039e-03	-6.324521e-02
4.627237523992038e-03	-6.405579e-02
4.637003148992038e-03	-6.480167e-02
4.646768773992039e-03	-6.547608e-02
4.656534398992039e-03	-6.608865e-02
4.666300023992038e-03	-6.663211e-02
4.676065648992038e-03	-6.711475e-02
4.685831273992039e-03	-6.752933e-02
4.695596898992039e-03	-6.788320e-02
4.705362523992038e-03	-6.816940e-02
4.715128148992038e-03	-6.839459e-02
4.724893773992039e-03	-6.855223e-02
4.734659398992039e-03	-6.864846e-02
4.744425023992038e-03	-6.867716e-02
4.754190648992038e-03	-6.864407e-02
4.763956273992038e-03	-6.854354e-02
4.773721898992039e-03	-6.838087e-02
4.783487523992038e-03	-6.815088e-02
4.793253148992038e-03	-6.785844e-02
4.803018773992038e-03	-6.749875e-02
4.812784398992039e-03	-6.707621e-02
4.822550023992038e-03	-6.658622e-02
4.832315648992038e-03	-6.603257e-02
4.842081273992038e-03	-6.541069e-02
4.851846898992039e-03	-6.472348e-02
4.861612523992039e-03	-6.396599e-02
4.871378148992038e-03	-6.313976e-02
4.881143773992038e-03	-6.223873e-02
4.890909398992039e-03	-6.126211e-02
4.900675023992039e-03	-6.020132e-02
4.910440648992038e-03	-5.905107e-02
4.920206273992038e-03	-5.779692e-02
4.929971898992039e-03	-5.642289e-02
4.939737523992039e-03	-5.490042e-02
4.949503148992038e-03	-5.318703e-02
4.959268773992038e-03	-5.120250e-02
4.969034398992039e-03	-4.879780e-02
4.978800023992039e-03	-4.561964e-02
4.988565648992038e-03	-4.056327e-02
4.996890570019984e-03	-3.102862e-02
5.002917730194582e-03	-1.555927e-02
5.008849371390352e-03	1.143938e-02
5.012293793907386e-03	3.159041e-02
5.014303264544468e-03	4.156472e-02
5.016204681817731e-03	4.579832e-02
5.017169083281939e-03	4.626455e-02
5.018284999398024e-03	4.668931e-02
5.019385765005381e-03	4.708528e-02
5.021581361670450e-03	4.780296e-02
5.024523384058002e-03	4.868719e-02
5.028747001651283e-03	4.981039e-02
5.035865500016309e-03	5.146147e-02
5.045631125016309e-03	5.336986e-02
5.055396750016310e-03	5.502113e-02
5.065162375016309e-03	5.647612e-02
5.074928000016309e-03	5.779514e-02
5.084693625016309e-03	5.898866e-02
5.094459250016310e-03	6.009023e-02
5.104224875016309e-03	6.109454e-02
5.113990500016309e-03	6.202515e-02
5.123756125016309e-03	6.287274e-02
5.133521750016310e-03	6.365541e-02
5.143287375016310e-03	6.436162e-02
5.153053000016309e-03	6.500693e-02
5.162818625016309e-03	6.557902e-02
5.172584250016310e-03	6.609188e-02
5.182349875016310e-03	6.653304e-02
5.192115500016309e-03	6.691542e-02
5.201881125016309e-03	6.722677e-02
5.211646750016309e-03	6.747922e-02
5.221412375016310e-03	6.766092e-02
5.231178000016309e-03	6.778336e-02
5.240943625016309e-03	6.783517e-02
5.250709250016309e-03	6.782732e-02
5.260474875016310e-03	6.774899e-02
5.270240500016309e-03	6.761058e-02
5.280006125016309e-03	6.740183e-02
5.289771750016309e-03	6.713260e-02
5.299537375016310e-03	6.679310e-02
5.309303000016309e-03	6.639259e-02
5.319068625016309e-03	6.592162e-02
5.328834250016309e-03	6.538871e-02
5.338599875016310e-03	6.478454e-02
5.348365500016309e-03	6.411662e-02
5.358131125016309e-03	6.337538e-02
5.367896750016309e-03	6.256682e-02
5.377662375016310e-03	6.168041e-02
5.387428000016310e-03	6.071967e-02
5.397193625016309e-03	5.967166e-02
5.406959250016309e-03	5.853528e-02
5.416724875016310e-03	5.729182e-02
5.426490500016310e-03	5.592930e-02
5.436256125016309e-03	5.441497e-02
5.446021750016309e-03	5.270998e-02
5.455787375016309e-03	5.072966e-02
5.465553000016310e-03	4.832740e-02
5.475318625016309e-03	4.514203e-02
5.485084250016309e-03	4.005373e-02
5.494849875016309e-03	2.710335e-02
5.495821435660688e-03	2.489060e-02
5.497764556949445e-03	1.982598e-02
5.501219905928021e-03	7.509278e-03
5.501544484508724e-03	6.110429e-03
5.502193641670130e-03	3.237194e-03
5.502891679684349e-03	-1.984867e-05
5.502971144314432e-03	-4.026420e-04
5.503130073574598e-03	-1.172619e-03
5.503447932094931e-03	-2.739373e-03
5.503495137586637e-03	-2.975619e-03
5.503589548570049e-03	-3.449636e-03
5.503778370536875e-03	-4.406264e-03
5.504092983317430e-03	-6.026819e-03
5.504418399307062e-03	-7.738484e-03
5.505069231286325e-03	-1.126651e-02
5.506370895244850e-03	-1.871577e-02
5.508333201308189e-03	-3.054078e-02
5.509681214550701e-03	-3.818771e-02
5.511267711979446e-03	-4.417061e-02
5.512106681935814e-03	-4.559627e-02
5.513155349430227e-03	-4.644668e-02
5.514207116002958e-03	-4.693310e-02
5.515439233233808e-03	-4.738598e-02
5.517268568817807e-03	-4.800038e-02
5.519880342900546e-03	-4.880397e-02
5.525103891066025e-03	-5.022986e-02
5.531633114641501e-03	-5.175101e-02
5.541398739641501e-03	-5.369686e-02
5.551164364641501e-03	-5.536223e-02
5.560929989641502e-03	-5.684525e-02
5.570695614641501e-03	-5.817493e-02
5.580461239641501e-03	-5.939431e-02
5.590226864641501e-03	-6.050659e-02
5.599992489641501e-03	-6.153666e-02
5.609758114641501e-03	-6.247911e-02
5.619523739641501e-03	-6.335312e-02
5.629289364641501e-03	-6.414919e-02
5.639054989641501e-03	-6.488273e-02
5.648820614641501e-03	-6.554312e-02
5.658586239641501e-03	-6.614356e-02
5.668351864641501e-03	-6.667314e-02
5.678117489641501e-03	-6.714361e-02
5.687883114641502e-03	-6.754429e-02
5.697648739641501e-03	-6.788585e-02
5.707414364641501e-03	-6.815806e-02
5.717179989641501e-03	-6.837077e-02
5.726945614641502e-03	-6.851431e-02
5.736711239641501e-03	-6.859787e-02
5.746476864641501e-03	-6.861237e-02
5.756242489641501e-03	-6.856644e-02
5.766008114641502e-03	-6.845162e-02
5.775773739641501e-03	-6.827596e-02
5.785539364641501e-03	-6.803159e-02
5.795304989641501e-03	-6.772599e-02
5.805070614641502e-03	-6.735181e-02
5.814836239641501e-03	-6.691587e-02
5.824601864641501e-03	-6.641117e-02
5.834367489641501e-03	-6.584377e-02
5.844133114641501e-03	-6.520677e-02
5.853898739641501e-03	-6.450515e-02
5.863664364641501e-03	-6.373172e-02
5.873429989641501e-03	-6.288989e-02
5.883195614641501e-03	-6.197136e-02
5.892961239641501e-03	-6.097688e-02
5.902726864641501e-03	-5.989548e-02
5.912492489641501e-03	-5.872293e-02
5.922258114641501e-03	-5.744118e-02
5.932023739641502e-03	-5.603570e-02
5.941789364641501e-03	-5.447157e-02
5.951554989641501e-03	-5.270169e-02
5.961320614641501e-03	-5.063210e-02
5.971086239641502e-03	-4.808324e-02
5.980851864641501e-03	-4.460233e-02
5.990617489641501e-03	-3.859763e-02
5.998195104521452e-03	-2.773738e-02
6.004026575615824e-03	-9.961476e-03
6.009833522344262e-03	1.917746e-02
6.013231836563025e-03	3.812278e-02
6.015430240073318e-03	4.523971e-02
6.016435100286311e-03	4.607634e-02
6.017639310767189e-03	4.659578e-02
6.018744691354943e-03	4.701729e-02
6.020004195832050e-03	4.742684e-02
6.021723454876706e-03	4.799205e-02
6.023463018937961e-03	4.849921e-02
6.025915430937688e-03	4.919814e-02
6.028749432628971e-03	4.992026e-02
6.032340512506752e-03	5.078764e-02
6.036870322323899e-03	5.176487e-02
6.042981165022646e-03	5.297946e-02
6.051190843724827e-03	5.441572e-02
6.060956468724826e-03	5.595219e-02
6.070722093724827e-03	5.731219e-02
6.080487718724827e-03	5.856311e-02
6.090253343724827e-03	5.969163e-02
6.100018968724827e-03	6.074301e-02
6.109784593724827e-03	6.169456e-02
6.119550218724827e-03	6.258422e-02
6.129315843724827e-03	6.338544e-02
6.139081468724827e-03	6.413108e-02
6.148847093724827e-03	6.479419e-02
6.158612718724827e-03	6.540427e-02
6.168378343724827e-03	6.593497e-02
6.178143968724827e-03	6.641328e-02
6.187909593724827e-03	6.681395e-02
6.197675218724827e-03	6.716192e-02
6.207440843724827e-03	6.743327e-02
6.217206468724827e-03	6.765117e-02
6.226972093724827e-03	6.779319e-02
6.236737718724827e-03	6.788086e-02
6.246503343724827e-03	6.789325e-02
6.256268968724827e-03	6.785042e-02
6.266034593724827e-03	6.773289e-02
6.275800218724827e-03	6.755930e-02
6.285565843724827e-03	6.731160e-02
6.295331468724827e-03	6.700698e-02
6.305097093724827e-03	6.662871e-02
6.314862718724827e-03	6.619250e-02
6.324628343724827e-03	6.568274e-02
6.334393968724827e-03	6.511355e-02
6.344159593724827e-03	6.447014e-02
6.353925218724827e-03	6.376476e-02
6.363690843724827e-03	6.298296e-02
6.373456468724827e-03	6.213456e-02
6.383222093724827e-03	6.120459e-02
6.392987718724827e-03	6.019925e-02
6.402753343724827e-03	5.910122e-02
6.412518968724827e-03	5.791046e-02
6.422284593724827e-03	5.660225e-02
6.432050218724827e-03	5.516400e-02
6.441815843724827e-03	5.355176e-02
6.451581468724827e-03	5.171324e-02
6.461347093724827e-03	4.953131e-02
6.471112718724827e-03	4.677902e-02
6.480878343724827e-03	4.282484e-02
6.490643968724827e-03	3.506809e-02
6.497059239330632e-03	2.319893e-02
6.497641662302554e-03	2.156829e-02
6.498806508246398e-03	1.806927e-02
6.501136200134087e-03	9.610054e-03
6.501562182077767e-03	7.817807e-03
6.502414145965126e-03	4.102653e-03
6.503306379667193e-03	-6.554898e-05
6.503387769400738e-03	-4.608963e-04
6.503550548867826e-03	-1.256189e-03
6.503876107802006e-03	-2.874860e-03
6.503915528729424e-03	-3.073762e-03
6.503994370584259e-03	-3.472639e-03
6.504152054293930e-03	-4.276349e-03
6.504467421713273e-03	-5.908651e-03
6.504763030722902e-03	-7.469389e-03
6.505354248742159e-03	-1.067733e-02
6.506536684780675e-03	-1.742179e-02
6.508901556857706e-03	-3.160743e-02
6.510276063833770e-03	-3.920498e-02
6.511841230448774e-03	-4.461984e-02
6.512651572519655e-03	-4.578862e-02
6.513663461251345e-03	-4.651575e-02
6.514709149294126e-03	-4.698000e-02
6.515939645479302e-03	-4.742532e-02
6.518073716075072e-03	-4.813505e-02
6.520620763747979e-03	-4.890574e-02
6.525714859093794e-03	-5.028177e-02
6.532575971065141e-03	-5.186426e-02
6.542341596065141e-03	-5.378848e-02
6.552107221065141e-03	-5.543944e-02
6.561872846065141e-03	-5.691118e-02
6.571638471065141e-03	-5.823199e-02
6.581404096065141e-03	-5.944346e-02
6.591169721065141e-03	-6.054887e-02
6.600935346065141e-03	-6.157236e-02
6.610700971065141e-03	-6.250877e-02
6.620466596065141e-03	-6.337675e-02
6.630232221065141e-03	-6.416708e-02
6.639997846065141e-03	-6.489481e-02
6.649763471065141e-03	-6.554952e-02
6.659529096065141e-03	-6.614415e-02
6.669294721065141e-03	-6.666802e-02
6.679060346065141e-03	-6.713264e-02
6.688825971065141e-03	-6.752750e-02
6.698591596065141e-03	-6.786312e-02
6.708357221065141e-03	-6.812940e-02
6.718122846065141e-03	-6.833607e-02
6.727888471065141e-03	-6.847356e-02
6.737654096065141e-03	-6.855098e-02
6.747419721065141e-03	-6.855933e-02
6.757185346065141e-03	-6.850718e-02
6.766950971065141e-03	-6.838611e-02
6.776716596065141e-03	-6.820414e-02
6.786482221065141e-03	-6.795342e-02
6.796247846065141e-03	-6.764143e-02
6.806013471065141e-03	-6.726077e-02
6.815779096065141e-03	-6.681830e-02
6.825544721065141e-03	-6.630696e-02
6.835310346065141e-03	-6.573281e-02
6.845075971065141e-03	-6.508886e-02
6.854841596065141e-03	-6.438012e-02
6.864607221065141e-03	-6.359925e-02
6.874372846065141e-03	-6.274962e-02
6.884138471065141e-03	-6.182271e-02
6.893904096065141e-03	-6.081918e-02
6.903669721065141e-03	-5.972765e-02
6.913435346065141e-03	-5.854357e-02
6.923200971065142e-03	-5.724807e-02
6.932966596065141e-03	-5.582568e-02
6.942732221065141e-03	-5.423947e-02
6.952497846065141e-03	-5.243883e-02
6.962263471065141e-03	-5.032206e-02
6.972029096065141e-03	-4.769028e-02
6.981794721065141e-03	-4.402564e-02
6.991560346065141e-03	-3.738316e-02
6.998565960359394e-03	-2.628768e-02
7.004270312942052e-03	-7.767902e-03
7.009740722849447e-03	2.036004e-02
7.012705974959302e-03	3.727953e-02
7.014675238180675e-03	4.447789e-02
7.015631827172138e-03	4.571833e-02
7.016860198020005e-03	4.642420e-02
7.017868432253361e-03	4.682430e-02
7.019086003679819e-03	4.723835e-02
7.020937331923471e-03	4.785405e-02
7.022853725905129e-03	4.842702e-02
7.025906490856316e-03	4.929100e-02
7.029587887410254e-03	5.021832e-02
7.034676310922219e-03	5.138929e-02
7.041910647303436e-03	5.284384e-02
7.051676272303436e-03	5.457238e-02
7.061441897303435e-03	5.607905e-02
7.071207522303436e-03	5.744462e-02
7.080973147303436e-03	5.867197e-02
7.090738772303436e-03	5.980856e-02
7.100504397303435e-03	6.083951e-02
7.110270022303435e-03	6.179992e-02
7.120035647303436e-03	6.267107e-02
7.129801272303436e-03	6.348118e-02
7.139566897303436e-03	6.420971e-02
7.149332522303435e-03	6.488139e-02
7.159098147303436e-03	6.547545e-02
7.168863772303436e-03	6.601425e-02
7.178629397303436e-03	6.647746e-02
7.188395022303435e-03	6.688568e-02
7.198160647303436e-03	6.721938e-02
7.207926272303436e-03	6.749770e-02
7.217691897303436e-03	6.770211e-02
7.227457522303435e-03	6.785049e-02
7.237223147303436e-03	6.792540e-02
7.246988772303436e-03	6.794358e-02
7.256754397303436e-03	6.788869e-02
7.266520022303435e-03	6.777640e-02
7.276285647303436e-03	6.759144e-02
7.286051272303436e-03	6.734843e-02
7.295816897303436e-03	6.703312e-02
7.305582522303435e-03	6.665902e-02
7.315348147303436e-03	6.621278e-02
7.325113772303436e-03	6.570670e-02
7.334879397303436e-03	6.512811e-02
7.344645022303435e-03	6.448790e-02
7.354410647303435e-03	6.377370e-02
7.364176272303436e-03	6.299461e-02
7.373941897303436e-03	6.213792e-02
7.383707522303436e-03	6.121010e-02
7.393473147303435e-03	6.019688e-02
7.403238772303436e-03	5.910034e-02
7.413004397303436e-03	5.790186e-02
7.422770022303436e-03	5.659410e-02
7.432535647303435e-03	5.514770e-02
7.442301272303436e-03	5.353396e-02
7.452066897303436e-03	5.168508e-02
7.461832522303436e-03	4.949613e-02
7.471598147303435e-03	4.672257e-02
7.481363772303436e-03	4.272855e-02
7.491129397303436e-03	3.479774e-02
7.497246231771105e-03	2.346662e-02
7.497855130676579e-03	2.177058e-02
7.499072928487528e-03	1.812001e-02
7.501508524109426e-03	9.225448e-03
7.503468457619086e-03	5.141076e-04
7.503534639886297e-03	1.952554e-04
7.503667004420719e-03	-4.454920e-04
7.503931733489564e-03	-1.745478e-03
7.504109978891798e-03	-2.636021e-03
7.504313024207327e-03	-3.662437e-03
7.504509015235318e-03	-4.665006e-03
7.504736598885928e-03	-5.847706e-03
7.505064554437050e-03	-7.581721e-03
7.505408202419270e-03	-9.437384e-03
7.505934953576815e-03	-1.235632e-02
7.506545756064772e-03	-1.584974e-02
7.507317505017408e-03	-2.041719e-02
7.508418598839414e-03	-2.714620e-02
7.509946706624123e-03	-3.619258e-02
7.511435200084943e-03	-4.282355e-02
7.512430268020903e-03	-4.516707e-02
7.513401802518878e-03	-4.618793e-02
7.514418256282529e-03	-4.673458e-02
7.515758258569101e-03	-4.725196e-02
7.517174576325062e-03	-4.774032e-02
7.519506708896086e-03	-4.848018e-02
7.523440371811951e-03	-4.960560e-02
7.530305234732968e-03	-5.129109e-02
7.540070859732967e-03	-5.330115e-02
7.549836484732967e-03	-5.501368e-02
7.559602109732968e-03	-5.652541e-02
7.569367734732968e-03	-5.788233e-02
7.579133359732967e-03	-5.911871e-02
7.588898984732967e-03	-6.025042e-02
7.598664609732968e-03	-6.129249e-02
7.608430234732968e-03	-6.225057e-02
7.618195859732967e-03	-6.313419e-02
7.627961484732967e-03	-6.394392e-02
7.637727109732968e-03	-6.468588e-02
7.647492734732968e-03	-6.535881e-02
7.657258359732967e-03	-6.596703e-02
7.667023984732967e-03	-6.650849e-02
7.676789609732967e-03	-6.698645e-02
7.686555234732968e-03	-6.739856e-02
7.696320859732968e-03	-6.774748e-02
7.706086484732967e-03	-6.803080e-02
7.715852109732967e-03	-6.825081e-02
7.725617734732968e-03	-6.840523e-02
7.735383359732968e-03	-6.849606e-02
7.745148984732967e-03	-6.852121e-02
7.754914609732967e-03	-6.848253e-02
7.764680234732968e-03	-6.837812e-02
7.774445859732968e-03	-6.820967e-02
7.784211484732967e-03	-6.797549e-02
7.793977109732967e-03	-6.767706e-02
7.803742734732968e-03	-6.731282e-02
7.813508359732968e-03	-6.688400e-02
7.823273984732967e-03	-6.638902e-02
7.833039609732967e-03	-6.582870e-02
7.842805234732967e-03	-6.520124e-02
7.852570859732967e-03	-6.450675e-02
7.862336484732968e-03	-6.374279e-02
7.872102109732968e-03	-6.290828e-02
7.881867734732968e-03	-6.199939e-02
7.891633359732968e-03	-6.101276e-02
7.901398984732967e-03	-5.994167e-02
7.911164609732967e-03	-5.877821e-02
7.920930234732967e-03	-5.750856e-02
7.930695859732967e-03	-5.611517e-02
7.940461484732967e-03	-5.456778e-02
7.950227109732968e-03	-5.281809e-02
7.959992734732968e-03	-5.077986e-02
7.969758359732968e-03	-4.828165e-02
7.979523984732968e-03	-4.490977e-02
7.989289609732967e-03	-3.925453e-02
7.997114085556119e-03	-2.884810e-02
8.003080449121918e-03	-1.156263e-02
8.009102308167686e-03	1.804286e-02
8.012530358214002e-03	3.739652e-02
8.014734557139559e-03	4.500232e-02
8.015791728784921e-03	4.603600e-02
8.017020462495014e-03	4.659621e-02
8.018007172340155e-03	4.697672e-02
8.019250415041019e-03	4.738681e-02
8.020965675410392e-03	4.795415e-02
8.022674938965274e-03	4.845819e-02
8.025180605465025e-03	4.917596e-02
8.027992149141469e-03	4.989813e-02
8.031639900231924e-03	5.078230e-02
8.036222068701381e-03	5.177559e-02
8.042320867229934e-03	5.298987e-02
8.051203548789781e-03	5.454263e-02
8.060969173789782e-03	5.606921e-02
8.070734798789782e-03	5.742414e-02
8.080500423789782e-03	5.866915e-02
8.090266048789782e-03	5.979509e-02
8.100031673789782e-03	6.084238e-02
8.109797298789781e-03	6.179260e-02
8.119562923789781e-03	6.267916e-02
8.129328548789781e-03	6.347974e-02
8.139094173789782e-03	6.422290e-02
8.148859798789782e-03	6.488579e-02
8.158625423789782e-03	6.549381e-02
8.168391048789782e-03	6.602456e-02
8.178156673789782e-03	6.650111e-02
8.187922298789781e-03	6.690203e-02
8.197687923789781e-03	6.724847e-02
8.207453548789781e-03	6.752023e-02
8.217219173789782e-03	6.773681e-02
8.226984798789782e-03	6.787934e-02
8.236750423789782e-03	6.796587e-02
8.246516048789782e-03	6.797887e-02
8.256281673789782e-03	6.793506e-02
8.266047298789781e-03	6.781826e-02
8.275812923789781e-03	6.764385e-02
8.285578548789781e-03	6.739699e-02
8.295344173789781e-03	6.709173e-02
8.305109798789782e-03	6.671443e-02
8.314875423789782e-03	6.627779e-02
8.324641048789782e-03	6.576917e-02
8.334406673789782e-03	6.519979e-02
8.344172298789782e-03	6.455775e-02
8.353937923789781e-03	6.385250e-02
8.363703548789781e-03	6.307241e-02
8.373469173789781e-03	6.222461e-02
8.383234798789782e-03	6.129685e-02
8.393000423789782e-03	6.029283e-02
8.402766048789782e-03	5.919788e-02
8.412531673789782e-03	5.800965e-02
8.422297298789782e-03	5.670616e-02
8.432062923789781e-03	5.527288e-02
8.441828548789781e-03	5.366902e-02
8.451594173789781e-03	5.184158e-02
8.461359798789782e-03	4.967913e-02
8.471125423789782e-03	4.696168e-02
8.480891048789782e-03	4.309331e-02
8.490656673789782e-03	3.567581e-02
8.497094164866374e-03	2.440350e-02
8.497709423611850e-03	2.276492e-02
8.498939941102802e-03	1.922753e-02
8.501400976084705e-03	1.053526e-02
8.501838605105779e-03	8.725654e-03
8.502713863147930e-03	4.968234e-03
8.503623256801830e-03	7.739507e-04
8.503709318448151e-03	3.605547e-04
8.503881441740798e-03	-4.713969e-04
8.504128116679211e-03	-1.681651e-03
8.504389939519335e-03	-2.989857e-03
8.504427518425638e-03	-3.179927e-03
8.504502676238241e-03	-3.561007e-03
8.504652991863449e-03	-4.328583e-03
8.504953623113865e-03	-5.886394e-03
8.505280333924573e-03	-7.614058e-03
8.505933755545985e-03	-1.117481e-02
8.507240598788813e-03	-1.869137e-02
8.509181994396516e-03	-3.044328e-02
8.510526922211640e-03	-3.810950e-02
8.512110525781966e-03	-4.412108e-02
8.512946593236106e-03	-4.555449e-02
8.513993538960868e-03	-4.640938e-02
8.515046489504250e-03	-4.689684e-02
8.516271043381096e-03	-4.734633e-02
8.518085577738057e-03	-4.795510e-02
8.520685525754919e-03	-4.875457e-02
8.525885421788644e-03	-5.017358e-02
8.532405117676636e-03	-5.169276e-02
8.542170742676635e-03	-5.363807e-02
8.551936367676635e-03	-5.530248e-02
8.561701992676635e-03	-5.678397e-02
8.571467617676637e-03	-5.811190e-02
8.581233242676636e-03	-5.932914e-02
8.590998867676636e-03	-6.043909e-02
8.600764492676636e-03	-6.146654e-02
8.610530117676636e-03	-6.240619e-02
8.620295742676636e-03	-6.327716e-02
8.630061367676635e-03	-6.407002e-02
8.639826992676635e-03	-6.480015e-02
8.649592617676637e-03	-6.545696e-02
8.659358242676636e-03	-6.605363e-02
8.669123867676636e-03	-6.657930e-02
8.678889492676636e-03	-6.704571e-02
8.688655117676636e-03	-6.744219e-02
8.698420742676636e-03	-6.777941e-02
8.708186367676635e-03	-6.804715e-02
8.717951992676635e-03	-6.825528e-02
8.727717617676637e-03	-6.839411e-02
8.737483242676636e-03	-6.847285e-02
8.747248867676636e-03	-6.848244e-02
8.757014492676636e-03	-6.843150e-02
8.766780117676636e-03	-6.831155e-02
8.776545742676636e-03	-6.813066e-02
8.786311367676635e-03	-6.788096e-02
8.796076992676635e-03	-6.756991e-02
8.805842617676635e-03	-6.719013e-02
8.815608242676637e-03	-6.674845e-02
8.825373867676636e-03	-6.623782e-02
8.835139492676636e-03	-6.566428e-02
8.844905117676636e-03	-6.502086e-02
8.854670742676636e-03	-6.431250e-02
8.864436367676636e-03	-6.353190e-02
8.874201992676635e-03	-6.268233e-02
8.883967617676635e-03	-6.175533e-02
8.893733242676637e-03	-6.075142e-02
8.903498867676636e-03	-5.965924e-02
8.913264492676636e-03	-5.847405e-02
8.923030117676636e-03	-5.717694e-02
8.932795742676636e-03	-5.575209e-02
8.942561367676636e-03	-5.416225e-02
8.952326992676635e-03	-5.235591e-02
8.962092617676635e-03	-5.022977e-02
8.971858242676637e-03	-4.758042e-02
8.981623867676636e-03	-4.387500e-02
8.991389492676636e-03	-3.708210e-02
8.998261199260636e-03	-2.598088e-02
9.003882040169456e-03	-7.577717e-03
9.009315329528773e-03	2.040702e-02
9.012269998501946e-03	3.727952e-02
9.014226466208523e-03	4.446781e-02
9.015181112120081e-03	4.572787e-02
9.016410989606623e-03	4.644438e-02
9.017423334388262e-03	4.684680e-02
9.018640194080958e-03	4.726122e-02
9.020504652842579e-03	4.788140e-02
9.022432774708244e-03	4.845814e-02
9.025516632599430e-03	4.933028e-02
9.029265806034761e-03	5.027337e-02
9.034454215211127e-03	5.146342e-02
9.041926696327938e-03	5.295810e-02
9.051692321327938e-03	5.467641e-02
9.061457946327938e-03	5.617627e-02
9.071223571327938e-03	5.753670e-02
9.080989196327938e-03	5.876031e-02
9.090754821327939e-03	5.989380e-02
9.100520446327939e-03	6.092241e-02
9.110286071327939e-03	6.188077e-02
9.120051696327939e-03	6.275034e-02
9.129817321327938e-03	6.355899e-02
9.139582946327938e-03	6.428637e-02
9.149348571327938e-03	6.495698e-02
9.159114196327938e-03	6.555019e-02
9.168879821327938e-03	6.608816e-02
9.178645446327939e-03	6.655074e-02
9.188411071327939e-03	6.695832e-02
9.198176696327939e-03	6.729155e-02
9.207942321327938e-03	6.756938e-02
9.217707946327938e-03	6.777345e-02
9.227473571327938e-03	6.792147e-02
9.237239196327938e-03	6.799614e-02
9.247004821327938e-03	6.801407e-02
9.256770446327939e-03	6.795905e-02
9.266536071327939e-03	6.784662e-02
9.276301696327939e-03	6.766164e-02
9.286067321327938e-03	6.741861e-02
9.295832946327938e-03	6.710339e-02
9.305598571327938e-03	6.672941e-02
9.315364196327938e-03	6.628340e-02
9.325129821327938e-03	6.577759e-02
9.334895446327939e-03	6.519940e-02
9.344661071327939e-03	6.455968e-02
9.354426696327939e-03	6.384613e-02
9.364192321327939e-03	6.306782e-02
9.373957946327938e-03	6.221212e-02
9.383723571327938e-03	6.128552e-02
9.393489196327938e-03	6.027384e-02
9.403254821327938e-03	5.917924e-02
9.413020446327938e-03	5.798326e-02
9.422786071327939e-03	5.667879e-02
9.432551696327939e-03	5.523682e-02
9.442317321327939e-03	5.362935e-02
9.452082946327938e-03	5.178981e-02
9.461848571327938e-03	4.961614e-02
9.471614196327938e-03	4.687130e-02
9.481379821327938e-03	4.294714e-02
9.491145446327938e-03	3.529968e-02
9.497415230900513e-03	2.405423e-02
9.498047857468916e-03	2.233365e-02
9.499313110605721e-03	1.861553e-02
9.501843616879333e-03	9.464280e-03
9.502273561997543e-03	7.645417e-03
9.503133452233959e-03	3.875128e-03
9.504032802777175e-03	-3.496619e-04
9.504115198712729e-03	-7.521581e-04
9.504279990583838e-03	-1.561836e-03
9.504488574661530e-03	-2.600495e-03
9.504527567387762e-03	-2.796748e-03
9.504605552840228e-03	-3.190316e-03
9.504761523745161e-03	-3.983248e-03
9.505040759999757e-03	-5.423028e-03
9.505327240312604e-03	-6.927825e-03
9.505900200938298e-03	-1.001896e-02
9.507046122189687e-03	-1.651319e-02
9.509337964692463e-03	-3.027491e-02
9.510739420438398e-03	-3.824386e-02
9.512372875010645e-03	-4.430160e-02
9.513207818918642e-03	-4.563948e-02
9.514253676006605e-03	-4.644310e-02
9.515269580390243e-03	-4.690299e-02
9.516501011668380e-03	-4.735254e-02
9.518461335861175e-03	-4.800846e-02
9.520949418024515e-03	-4.876879e-02
9.525925582351196e-03	-5.012782e-02
9.532158502377977e-03	-5.158857e-02
9.541924127377976e-03	-5.354838e-02
9.551689752377976e-03	-5.522177e-02
9.561455377377976e-03	-5.671019e-02
9.571221002377978e-03	-5.804300e-02
9.580986627377977e-03	-5.926459e-02
9.590752252377977e-03	-6.037783e-02
9.600517877377977e-03	-6.140847e-02
9.610283502377977e-03	-6.235064e-02
9.620049127377977e-03	-6.322421e-02
9.629814752377976e-03	-6.401919e-02
9.639580377377976e-03	-6.475161e-02
9.649346002377978e-03	-6.541032e-02
9.659111627377977e-03	-6.600909e-02
9.668877252377977e-03	-6.653655e-02
9.678642877377977e-03	-6.700493e-02
9.688408502377977e-03	-6.740312e-02
9.698174127377977e-03	-6.774223e-02
9.707939752377976e-03	-6.801163e-02
9.717705377377976e-03	-6.822159e-02
9.727471002377976e-03	-6.836206e-02
9.737236627377978e-03	-6.844259e-02
9.747002252377977e-03	-6.845378e-02
9.756767877377977e-03	-6.840456e-02
9.766533502377977e-03	-6.828619e-02
9.776299127377977e-03	-6.810699e-02
9.786064752377976e-03	-6.785882e-02
9.795830377377976e-03	-6.754940e-02
9.805596002377976e-03	-6.717112e-02
9.815361627377978e-03	-6.673102e-02
9.825127252377977e-03	-6.622185e-02
9.834892877377977e-03	-6.564984e-02
9.844658502377977e-03	-6.500784e-02
9.854424127377977e-03	-6.430096e-02
9.864189752377977e-03	-6.352174e-02
9.873955377377976e-03	-6.267362e-02
9.883721002377976e-03	-6.174800e-02
9.893486627377978e-03	-6.074554e-02
9.903252252377977e-03	-5.965480e-02
9.913017877377977e-03	-5.847117e-02
9.922783502377977e-03	-5.717567e-02
9.932549127377977e-03	-5.575269e-02
9.942314752377977e-03	-5.416502e-02
9.952080377377976e-03	-5.236151e-02
9.961846002377976e-03	-5.023940e-02
9.971611627377976e-03	-4.759691e-02
9.981377252377978e-03	-4.390648e-02
9.991142877377977e-03	-3.716762e-02
9.998454079346467e-03	-2.501927e-02
1.000000000000000e-02	-2.091683e-02
