time	V(n012)
0.000000000000000e+00	4.500005e-14
1.428571445265854e-08	-7.206660e-09
2.857142890531708e-08	-6.145411e-09
4.285714335797562e-08	3.183793e-09
5.714285781063416e-08	2.078095e-08
7.142857226329269e-08	4.664607e-08
8.571428671595124e-08	8.077913e-08
1.000000011686097e-07	1.231802e-07
1.784554688391700e-07	2.377794e-06
2.654845564178406e-07	1.246423e-05
3.810708407467512e-07	4.314980e-05
5.524585049847682e-07	1.119771e-04
7.280971578560111e-07	1.956392e-04
1.056940190612614e-06	3.752851e-04
1.470494072410806e-06	6.214250e-04
2.166635758386615e-06	1.047259e-03
3.275145362117447e-06	1.732159e-03
5.492164569579112e-06	3.099428e-03
9.926202984502443e-06	5.831512e-03
1.879427981434910e-05	1.126964e-02
2.855990481434911e-05	1.720530e-02
3.832552981434911e-05	2.306118e-02
4.809115481434910e-05	2.881770e-02
5.785677981434910e-05	3.445068e-02
6.762240481434910e-05	3.994128e-02
7.738802981434911e-05	4.526635e-02
8.715365481434910e-05	5.040809e-02
9.691927981434911e-05	5.534471e-02
1.066849048143491e-04	6.005983e-02
1.164505298143491e-04	6.453331e-02
1.262161548143491e-04	6.875054e-02
1.359817798143491e-04	7.269338e-02
1.457474048143491e-04	7.634930e-02
1.555130298143491e-04	7.970250e-02
1.652786548143491e-04	8.274283e-02
1.750442798143491e-04	8.545701e-02
1.848099048143491e-04	8.783747e-02
1.945755298143491e-04	8.987365e-02
2.043411548143491e-04	9.156060e-02
2.141067798143491e-04	9.289043e-02
2.238724048143491e-04	9.386078e-02
2.336380298143491e-04	9.446634e-02
2.434036548143491e-04	9.470720e-02
2.531692798143491e-04	9.458056e-02
2.629349048143491e-04	9.408888e-02
2.727005298143491e-04	9.323183e-02
2.824661548143491e-04	9.201424e-02
2.922317798143491e-04	9.043831e-02
3.019974048143491e-04	8.851136e-02
3.117630298143491e-04	8.623817e-02
3.215286548143491e-04	8.362870e-02
3.312942798143491e-04	8.069041e-02
3.410599048143491e-04	7.743588e-02
3.508255298143491e-04	7.387523e-02
3.605911548143491e-04	7.002354e-02
3.703567798143491e-04	6.589344e-02
3.898880298143491e-04	5.686494e-02
4.094192798143491e-04	4.692644e-02
4.289505298143491e-04	3.622881e-02
4.387161548143491e-04	3.064609e-02
4.484817798143491e-04	2.493441e-02
4.582474048143491e-04	1.911702e-02
4.680130298143491e-04	1.321438e-02
4.777786548143491e-04	7.250403e-03
4.786322021369448e-04	6.726624e-03
4.803392967821363e-04	5.678824e-03
4.823393287436439e-04	4.449873e-03
4.828393367340208e-04	4.142431e-03
4.838393527147746e-04	3.527430e-03
4.849397520481196e-04	2.850139e-03
4.850870164775085e-04	2.759344e-03
4.853815453362864e-04	2.577845e-03
4.859706030538422e-04	2.215251e-03
4.870898181192800e-04	1.526122e-03
4.883757669444422e-04	7.339334e-04
4.909476645947664e-04	-8.512902e-04
4.960914598954149e-04	-4.023219e-03
5.051471929972593e-04	-9.603205e-03
5.149128179972593e-04	-1.559696e-02
5.246784429972593e-04	-2.154372e-02
5.344440679972593e-04	-2.742121e-02
5.442096929972593e-04	-3.320694e-02
5.539753179972593e-04	-3.887916e-02
5.637409429972593e-04	-4.441614e-02
5.735065679972594e-04	-4.979699e-02
5.832721929972594e-04	-5.500108e-02
5.930378179972593e-04	-6.000870e-02
6.028034429972593e-04	-6.480065e-02
6.125690679972593e-04	-6.935880e-02
6.223346929972593e-04	-7.366569e-02
6.321003179972593e-04	-7.770513e-02
6.418659429972593e-04	-8.146180e-02
6.613971929972593e-04	-8.807216e-02
6.809284429972593e-04	-9.339988e-02
6.906940679972594e-04	-9.555832e-02
7.004596929972594e-04	-9.736942e-02
7.102253179972594e-04	-9.882716e-02
7.199909429972593e-04	-9.992667e-02
7.297565679972593e-04	-1.006645e-01
7.395221929972593e-04	-1.010382e-01
7.492878179972593e-04	-1.010466e-01
7.590534429972593e-04	-1.006896e-01
7.688190679972593e-04	-9.996851e-02
7.785846929972593e-04	-9.888541e-02
7.883503179972593e-04	-9.744387e-02
7.981159429972593e-04	-9.564852e-02
8.078815679972593e-04	-9.350541e-02
8.176471929972594e-04	-9.102178e-02
8.274128179972594e-04	-8.820634e-02
8.469440679972593e-04	-8.162127e-02
8.567096929972593e-04	-7.787566e-02
8.664753179972593e-04	-7.384617e-02
8.762409429972593e-04	-6.954785e-02
8.860065679972593e-04	-6.499700e-02
8.957721929972593e-04	-6.021080e-02
9.055378179972593e-04	-5.520750e-02
9.250690679972593e-04	-4.462632e-02
9.446003179972594e-04	-3.341414e-02
9.641315679972594e-04	-2.174094e-02
9.738971929972593e-04	-1.578643e-02
9.836628179972593e-04	-9.783274e-03
9.934284429972593e-04	-3.754107e-03
1.003194067997259e-03	2.278268e-03
1.012959692997259e-03	8.291190e-03
1.022725317997259e-03	1.426179e-02
1.032490942997259e-03	2.016767e-02
1.042256567997259e-03	2.598641e-02
1.052022192997259e-03	3.169610e-02
1.061787817997259e-03	3.727507e-02
1.071553442997259e-03	4.270226e-02
1.081319067997259e-03	4.795705e-02
1.091084692997259e-03	5.301957e-02
1.100850317997259e-03	5.787056e-02
1.110615942997259e-03	6.249170e-02
1.120381567997259e-03	6.686542e-02
1.130147192997259e-03	7.097527e-02
1.139912817997259e-03	7.480575e-02
1.149678442997259e-03	7.834258e-02
1.159444067997259e-03	8.157261e-02
1.169209692997259e-03	8.448403e-02
1.188740942997259e-03	8.931016e-02
1.208272192997259e-03	9.275269e-02
1.218037817997259e-03	9.393954e-02
1.227803442997259e-03	9.476446e-02
1.237569067997259e-03	9.522469e-02
1.247334692997259e-03	9.531881e-02
1.257100317997259e-03	9.504647e-02
1.266865942997259e-03	9.440865e-02
1.276631567997259e-03	9.340744e-02
1.296162817997259e-03	9.032969e-02
1.315694067997259e-03	8.585533e-02
1.335225317997259e-03	8.004750e-02
1.354756567997259e-03	7.299052e-02
1.374287817997259e-03	6.478916e-02
1.393819067997259e-03	5.556690e-02
1.413350317997259e-03	4.546357e-02
1.432881567997259e-03	3.463259e-02
1.452412817997259e-03	2.323836e-02
1.462178442997259e-03	1.738374e-02
1.471944067997259e-03	1.145353e-02
1.481709692997259e-03	5.470230e-03
1.482930396122259e-03	4.719651e-03
1.485371802372259e-03	3.217550e-03
1.485650038193549e-03	3.046239e-03
1.486206509836128e-03	2.703604e-03
1.487319453121287e-03	2.017913e-03
1.487454251075079e-03	1.934752e-03
1.487723846982663e-03	1.768499e-03
1.488263038797832e-03	1.436319e-03
1.489341422428168e-03	7.718651e-04
1.490679193964283e-03	-5.273401e-05
1.493354737036514e-03	-1.702553e-03
1.498705823180975e-03	-5.002513e-03
1.507993317512952e-03	-1.072122e-02
1.517758942512952e-03	-1.670416e-02
1.527524567512952e-03	-2.263355e-02
1.537290192512952e-03	-2.848722e-02
1.547055817512952e-03	-3.424274e-02
1.556821442512952e-03	-3.987848e-02
1.566587067512952e-03	-4.537285e-02
1.576352692512952e-03	-5.070511e-02
1.595883942512952e-03	-6.080249e-02
1.605649567512952e-03	-6.552916e-02
1.615415192512952e-03	-7.001694e-02
1.625180817512952e-03	-7.424867e-02
1.634946442512952e-03	-7.820848e-02
1.654477692512952e-03	-8.525375e-02
1.674008942512952e-03	-9.104849e-02
1.693540192512952e-03	-9.550940e-02
1.703305817512952e-03	-9.721950e-02
1.713071442512952e-03	-9.857465e-02
1.722837067512952e-03	-9.957035e-02
1.732602692512952e-03	-1.002034e-01
1.742368317512952e-03	-1.004718e-01
1.752133942512952e-03	-1.003747e-01
1.761899567512952e-03	-9.991240e-02
1.771665192512952e-03	-9.908631e-02
1.781430817512952e-03	-9.789906e-02
1.791196442512952e-03	-9.635453e-02
1.810727692512952e-03	-9.221520e-02
1.830258942512952e-03	-8.672477e-02
1.849790192512952e-03	-7.996114e-02
1.859555817512952e-03	-7.613201e-02
1.869321442512952e-03	-7.202335e-02
1.879087067512952e-03	-6.765054e-02
1.888852692512952e-03	-6.303018e-02
1.898618317512952e-03	-5.817972e-02
1.908383942512952e-03	-5.311766e-02
1.927915192512952e-03	-4.243634e-02
1.947446442512952e-03	-3.114841e-02
1.957212067512952e-03	-2.533013e-02
1.966977692512952e-03	-1.942491e-02
1.976743317512952e-03	-1.345504e-02
1.986508942512952e-03	-7.443130e-03
1.996274567512952e-03	-1.411858e-03
2.006040192512951e-03	4.616031e-03
2.015805817512952e-03	1.061775e-02
2.025571442512952e-03	1.657061e-02
2.035337067512952e-03	2.245217e-02
2.045102692512952e-03	2.824015e-02
2.054868317512952e-03	3.391272e-02
2.064633942512952e-03	3.944835e-02
2.074399567512952e-03	4.482613e-02
2.084165192512952e-03	5.002560e-02
2.093930817512952e-03	5.502710e-02
2.103696442512952e-03	5.981161e-02
2.123227692512952e-03	6.865808e-02
2.142758942512952e-03	7.643143e-02
2.162290192512952e-03	8.301543e-02
2.181821442512952e-03	8.831338e-02
2.191587067512952e-03	9.045559e-02
2.211118317512952e-03	9.368911e-02
2.220883942512952e-03	9.476944e-02
2.230649567512952e-03	9.548698e-02
2.240415192512952e-03	9.583936e-02
2.250180817512952e-03	9.582549e-02
2.259946442512952e-03	9.544541e-02
2.269712067512952e-03	9.470043e-02
2.279477692512952e-03	9.359297e-02
2.299008942512952e-03	9.030689e-02
2.318540192512952e-03	8.563219e-02
2.338071442512952e-03	7.963500e-02
2.357602692512952e-03	7.240260e-02
2.377133942512952e-03	6.404258e-02
2.396665192512952e-03	5.468095e-02
2.416196442512952e-03	4.445970e-02
2.435727692512952e-03	3.353408e-02
2.455258942512952e-03	2.206985e-02
2.465024567512952e-03	1.618979e-02
2.474790192512952e-03	1.024067e-02
2.484555817512952e-03	4.245032e-03
2.485776520637952e-03	3.493400e-03
2.486081696419202e-03	3.305477e-03
2.486692047981702e-03	2.929577e-03
2.487912751106702e-03	2.177516e-03
2.489255774853065e-03	1.349485e-03
2.489440729898639e-03	1.235354e-03
2.489810639989785e-03	1.007192e-03
2.490550460172079e-03	5.511382e-04
2.492030100536667e-03	-3.612128e-04
2.493929768309693e-03	-1.532911e-03
2.497729103855743e-03	-3.876449e-03
2.505327774947845e-03	-8.558972e-03
2.515093399947845e-03	-1.455360e-02
2.524859024947845e-03	-2.050102e-02
2.534624649947845e-03	-2.637868e-02
2.544390274947845e-03	-3.216436e-02
2.554155899947845e-03	-3.783607e-02
2.563921524947845e-03	-4.337233e-02
2.573687149947845e-03	-4.875205e-02
2.583452774947845e-03	-5.395482e-02
2.593218399947844e-03	-5.896077e-02
2.602984024947845e-03	-6.375089e-02
2.612749649947844e-03	-6.830689e-02
2.622515274947845e-03	-7.261153e-02
2.632280899947844e-03	-7.664845e-02
2.642046524947845e-03	-8.040250e-02
2.651812149947844e-03	-8.385962e-02
2.661577774947845e-03	-8.700709e-02
2.671343399947844e-03	-8.983339e-02
2.681109024947845e-03	-9.232844e-02
2.690874649947844e-03	-9.448341e-02
2.700640274947845e-03	-9.629091e-02
2.710405899947844e-03	-9.774482e-02
2.720171524947845e-03	-9.884033e-02
2.729937149947844e-03	-9.957386e-02
2.739702774947845e-03	-9.994309e-02
2.749468399947845e-03	-9.994682e-02
2.759234024947845e-03	-9.958505e-02
2.768999649947845e-03	-9.885890e-02
2.778765274947845e-03	-9.777071e-02
2.788530899947845e-03	-9.632397e-02
2.798296524947845e-03	-9.452346e-02
2.808062149947845e-03	-9.237522e-02
2.817827774947845e-03	-8.988661e-02
2.827593399947845e-03	-8.706634e-02
2.837359024947845e-03	-8.392448e-02
2.847124649947845e-03	-8.047241e-02
2.856890274947844e-03	-7.672285e-02
2.866655899947845e-03	-7.268973e-02
2.876421524947844e-03	-6.838822e-02
2.886187149947845e-03	-6.383451e-02
2.895952774947844e-03	-5.904593e-02
2.905718399947845e-03	-5.404061e-02
2.915484024947844e-03	-4.883763e-02
2.925249649947845e-03	-4.345673e-02
2.935015274947844e-03	-3.791838e-02
2.944780899947845e-03	-3.224358e-02
2.954546524947844e-03	-2.645387e-02
2.964312149947845e-03	-2.057115e-02
2.974077774947844e-03	-1.461770e-02
2.983843399947845e-03	-8.616007e-03
2.993609024947845e-03	-2.588774e-03
3.003374649947845e-03	3.441300e-03
3.013140274947845e-03	9.451410e-03
3.022905899947845e-03	1.541883e-02
3.032671524947845e-03	2.132104e-02
3.042437149947845e-03	2.713573e-02
3.052202774947845e-03	3.284091e-02
3.061968399947845e-03	3.841498e-02
3.071734024947845e-03	4.383682e-02
3.081499649947845e-03	4.908588e-02
3.091265274947845e-03	5.414223e-02
3.101030899947844e-03	5.898669e-02
3.110796524947845e-03	6.360088e-02
3.120562149947844e-03	6.796730e-02
3.130327774947845e-03	7.206947e-02
3.140093399947844e-03	7.589196e-02
3.149859024947845e-03	7.942046e-02
3.159624649947844e-03	8.264193e-02
3.169390274947845e-03	8.554453e-02
3.188921524947845e-03	9.035254e-02
3.208452774947845e-03	9.377660e-02
3.218218399947844e-03	9.495424e-02
3.227984024947845e-03	9.576999e-02
3.237749649947845e-03	9.622117e-02
3.247515274947845e-03	9.630635e-02
3.257280899947845e-03	9.602526e-02
3.267046524947845e-03	9.537885e-02
3.276812149947845e-03	9.436925e-02
3.286577774947845e-03	9.299985e-02
3.306109024947845e-03	8.920132e-02
3.325640274947845e-03	8.403584e-02
3.345171524947844e-03	7.757712e-02
3.364702774947844e-03	6.991996e-02
3.384234024947844e-03	6.117887e-02
3.403765274947844e-03	5.148597e-02
3.423296524947844e-03	4.098842e-02
3.442827774947844e-03	2.984562e-02
3.452593399947845e-03	2.408476e-02
3.462359024947844e-03	1.822653e-02
3.472124649947845e-03	1.229315e-02
3.481890274947845e-03	6.307045e-03
3.488378283185517e-03	2.312009e-03
3.492698944283678e-03	-3.528069e-04
3.493387599648104e-03	-7.775268e-04
3.494764910376958e-03	-1.627143e-03
3.497519531834666e-03	-3.326538e-03
3.502505729601597e-03	-6.400929e-03
3.511069144403102e-03	-1.166833e-02
3.520834769403102e-03	-1.763887e-02
3.530600394403102e-03	-2.354890e-02
3.540366019403102e-03	-2.937610e-02
3.550131644403102e-03	-3.509834e-02
3.559897269403102e-03	-4.069395e-02
3.569662894403102e-03	-4.614165e-02
3.579428519403102e-03	-5.142075e-02
3.589194144403102e-03	-5.651116e-02
3.598959769403102e-03	-6.139350e-02
3.608725394403102e-03	-6.604917e-02
3.618491019403102e-03	-7.046051e-02
3.628256644403102e-03	-7.461075e-02
3.638022269403102e-03	-7.848427e-02
3.647787894403102e-03	-8.206652e-02
3.657553519403102e-03	-8.534424e-02
3.667319144403102e-03	-8.830538e-02
3.677084769403102e-03	-9.093927e-02
3.686850394403102e-03	-9.323653e-02
3.696616019403102e-03	-9.518920e-02
3.706381644403102e-03	-9.679059e-02
3.716147269403102e-03	-9.803537e-02
3.725912894403102e-03	-9.891944e-02
3.735678519403102e-03	-9.943996e-02
3.745444144403102e-03	-9.959526e-02
3.755209769403102e-03	-9.938484e-02
3.764975394403102e-03	-9.880937e-02
3.774741019403102e-03	-9.787068e-02
3.784506644403102e-03	-9.657181e-02
3.794272269403102e-03	-9.491698e-02
3.804037894403102e-03	-9.291178e-02
3.813803519403102e-03	-9.056296e-02
3.823569144403102e-03	-8.787876e-02
3.833334769403102e-03	-8.486862e-02
3.843100394403102e-03	-8.154348e-02
3.852866019403102e-03	-7.791542e-02
3.862631644403102e-03	-7.399800e-02
3.872397269403102e-03	-6.980577e-02
3.882162894403102e-03	-6.535462e-02
3.891928519403102e-03	-6.066133e-02
3.901694144403102e-03	-5.574379e-02
3.911459769403102e-03	-5.062061e-02
3.921225394403102e-03	-4.531134e-02
3.930991019403102e-03	-3.983610e-02
3.940756644403102e-03	-3.421574e-02
3.950522269403102e-03	-2.847152e-02
3.960287894403102e-03	-2.262525e-02
3.970053519403102e-03	-1.669902e-02
3.979819144403102e-03	-1.071528e-02
3.989584769403102e-03	-4.696611e-03
3.999350394403102e-03	1.334221e-03
4.009116019403102e-03	7.354537e-03
4.018881644403102e-03	1.334144e-02
4.028647269403102e-03	1.927244e-02
4.038412894403102e-03	2.512504e-02
4.048178519403102e-03	3.087716e-02
4.057944144403101e-03	3.650700e-02
4.067709769403102e-03	4.199325e-02
4.077475394403102e-03	4.731510e-02
4.087241019403102e-03	5.245235e-02
4.097006644403101e-03	5.738551e-02
4.106772269403102e-03	6.209584e-02
4.116537894403102e-03	6.656549e-02
4.126303519403102e-03	7.077752e-02
4.136069144403101e-03	7.471608e-02
4.145834769403102e-03	7.836638e-02
4.155600394403102e-03	8.171487e-02
4.165366019403102e-03	8.474918e-02
4.175131644403102e-03	8.745833e-02
4.184897269403102e-03	8.983256e-02
4.204428519403102e-03	9.354428e-02
4.214194144403102e-03	9.486904e-02
4.223959769403102e-03	9.583341e-02
4.233725394403102e-03	9.643421e-02
4.243491019403102e-03	9.666950e-02
4.253256644403102e-03	9.653856e-02
4.263022269403102e-03	9.604181e-02
4.272787894403102e-03	9.518091e-02
4.282553519403102e-03	9.395869e-02
4.302084769403101e-03	9.044798e-02
4.321616019403102e-03	8.555779e-02
4.341147269403101e-03	7.935744e-02
4.360678519403102e-03	7.193737e-02
4.380209769403101e-03	6.340817e-02
4.399741019403102e-03	5.389855e-02
4.419272269403102e-03	4.355278e-02
4.438803519403102e-03	3.252800e-02
4.458334769403102e-03	2.099144e-02
4.468100394403102e-03	1.508560e-02
4.477866019403102e-03	9.117763e-03
4.487631644403102e-03	3.110534e-03
4.488852347528102e-03	2.357991e-03
4.489157523309352e-03	2.169849e-03
4.489767874871852e-03	1.793536e-03
4.490988577996852e-03	1.040585e-03
4.491158958527710e-03	9.353289e-04
4.491499719589426e-03	7.249133e-04
4.492181241712858e-03	3.045737e-04
4.493312136741796e-03	-3.930081e-04
4.494699322022832e-03	-1.248859e-03
4.497473692584906e-03	-2.960611e-03
4.503022433709055e-03	-6.382100e-03
4.512270892179968e-03	-1.206901e-02
4.522036517179968e-03	-1.803412e-02
4.531802142179969e-03	-2.393585e-02
4.541567767179969e-03	-2.975211e-02
4.551333392179968e-03	-3.546063e-02
4.561099017179968e-03	-4.103998e-02
4.570864642179969e-03	-4.646878e-02
4.580630267179969e-03	-5.172656e-02
4.590395892179969e-03	-5.679316e-02
4.600161517179968e-03	-6.164945e-02
4.609927142179969e-03	-6.627680e-02
4.619692767179969e-03	-7.065779e-02
4.629458392179969e-03	-7.477567e-02
4.639224017179968e-03	-7.861504e-02
4.648989642179969e-03	-8.216142e-02
4.658755267179969e-03	-8.540177e-02
4.668520892179969e-03	-8.832413e-02
4.678286517179968e-03	-9.091805e-02
4.688052142179969e-03	-9.317424e-02
4.697817767179969e-03	-9.508497e-02
4.707583392179969e-03	-9.664362e-02
4.717349017179968e-03	-9.784509e-02
4.727114642179969e-03	-9.868535e-02
4.736880267179969e-03	-9.916178e-02
4.746645892179969e-03	-9.927275e-02
4.756411517179968e-03	-9.901801e-02
4.766177142179968e-03	-9.839829e-02
4.775942767179969e-03	-9.741565e-02
4.785708392179969e-03	-9.607318e-02
4.795474017179968e-03	-9.437540e-02
4.805239642179968e-03	-9.232792e-02
4.815005267179969e-03	-8.993781e-02
4.824770892179969e-03	-8.721334e-02
4.834536517179969e-03	-8.416428e-02
4.844302142179968e-03	-8.080158e-02
4.854067767179969e-03	-7.713766e-02
4.863833392179969e-03	-7.318605e-02
4.873599017179969e-03	-6.896162e-02
4.883364642179968e-03	-6.448024e-02
4.893130267179969e-03	-5.975895e-02
4.902895892179969e-03	-5.481561e-02
4.912661517179969e-03	-4.966908e-02
4.922427142179968e-03	-4.433886e-02
4.932192767179969e-03	-3.884527e-02
4.941958392179969e-03	-3.320910e-02
4.951724017179969e-03	-2.745179e-02
4.961489642179968e-03	-2.159509e-02
4.971255267179969e-03	-1.566124e-02
4.981020892179969e-03	-9.672599e-03
4.990786517179969e-03	-3.651885e-03
5.000552142179968e-03	2.378261e-03
5.010317767179968e-03	8.395005e-03
5.020083392179969e-03	1.437561e-02
5.029849017179969e-03	2.029748e-02
5.039614642179968e-03	2.613826e-02
5.049380267179968e-03	3.187581e-02
5.059145892179969e-03	3.748846e-02
5.068911517179969e-03	4.295488e-02
5.078677142179969e-03	4.825441e-02
5.088442767179968e-03	5.336686e-02
5.098208392179969e-03	5.827288e-02
5.107974017179969e-03	6.295379e-02
5.117739642179969e-03	6.739188e-02
5.127505267179968e-03	7.157031e-02
5.137270892179969e-03	7.547339e-02
5.147036517179969e-03	7.908644e-02
5.156802142179969e-03	8.239609e-02
5.166567767179968e-03	8.539011e-02
5.186099017179969e-03	9.038929e-02
5.205630267179968e-03	9.401313e-02
5.215395892179969e-03	9.529300e-02
5.225161517179969e-03	9.621202e-02
5.234927142179969e-03	9.676725e-02
5.244692767179968e-03	9.695685e-02
5.254458392179968e-03	9.678026e-02
5.264224017179969e-03	9.623803e-02
5.273989642179969e-03	9.533199e-02
5.283755267179968e-03	9.406511e-02
5.303286517179969e-03	9.046704e-02
5.322817767179969e-03	8.549321e-02
5.342349017179969e-03	7.921416e-02
5.361880267179969e-03	7.172159e-02
5.381411517179969e-03	6.312723e-02
5.400942767179969e-03	5.356083e-02
5.420474017179969e-03	4.316756e-02
5.440005267179969e-03	3.210526e-02
5.459536517179969e-03	2.054170e-02
5.469302142179969e-03	1.462646e-02
5.479067767179969e-03	8.651956e-03
5.488833392179968e-03	2.640877e-03
5.489483207087161e-03	2.240109e-03
5.490782836901545e-03	1.438567e-03
5.491764118214629e-03	8.329157e-04
5.491946024664979e-03	7.206187e-04
5.492309837565682e-03	4.961069e-04
5.493037463367086e-03	4.723503e-05
5.494492714969895e-03	-8.506208e-04
5.497010460837802e-03	-2.404192e-03
5.502045952573617e-03	-5.509994e-03
5.510515365738514e-03	-1.072195e-02
5.520280990738514e-03	-1.669658e-02
5.530046615738514e-03	-2.261197e-02
5.539812240738514e-03	-2.844581e-02
5.549577865738514e-03	-3.417594e-02
5.559343490738514e-03	-3.978068e-02
5.569109115738514e-03	-4.523872e-02
5.578874740738514e-03	-5.052935e-02
5.588640365738514e-03	-5.563243e-02
5.598405990738514e-03	-6.052855e-02
5.608171615738514e-03	-6.519908e-02
5.617937240738514e-03	-6.962628e-02
5.627702865738514e-03	-7.379336e-02
5.637468490738514e-03	-7.768461e-02
5.647234115738514e-03	-8.128542e-02
5.656999740738514e-03	-8.458245e-02
5.666765365738514e-03	-8.756357e-02
5.676530990738514e-03	-9.021800e-02
5.686296615738514e-03	-9.253630e-02
5.696062240738514e-03	-9.451039e-02
5.705827865738514e-03	-9.613350e-02
5.715593490738514e-03	-9.740019e-02
5.725359115738514e-03	-9.830630e-02
5.735124740738514e-03	-9.884888e-02
5.744890365738514e-03	-9.902620e-02
5.754655990738514e-03	-9.883769e-02
5.764421615738514e-03	-9.828395e-02
5.774187240738514e-03	-9.736678e-02
5.783952865738514e-03	-9.608912e-02
5.803484115738514e-03	-9.247047e-02
5.823015365738514e-03	-8.747703e-02
5.842546615738514e-03	-8.117905e-02
5.862077865738514e-03	-7.366810e-02
5.871843490738514e-03	-6.949196e-02
5.881609115738514e-03	-6.505598e-02
5.891374740738514e-03	-6.037695e-02
5.901140365738514e-03	-5.547263e-02
5.920671615738514e-03	-4.506348e-02
5.940202865738514e-03	-3.398663e-02
5.959734115738514e-03	-2.241007e-02
5.969499740738514e-03	-1.648894e-02
5.979265365738514e-03	-1.050902e-02
5.989030990738514e-03	-4.492908e-03
5.998796615738514e-03	1.536685e-03
6.008562240738514e-03	7.557007e-03
6.018327865738514e-03	1.354523e-02
6.028093490738514e-03	1.947880e-02
6.037859115738514e-03	2.533525e-02
6.047624740738514e-03	3.109244e-02
6.057390365738514e-03	3.672856e-02
6.067155990738514e-03	4.222228e-02
6.076921615738514e-03	4.755274e-02
6.086687240738514e-03	5.269971e-02
6.096452865738514e-03	5.764365e-02
6.106218490738514e-03	6.236577e-02
6.115984115738514e-03	6.684816e-02
6.125749740738514e-03	7.107385e-02
6.135515365738514e-03	7.502689e-02
6.145280990738514e-03	7.869246e-02
6.155046615738514e-03	8.205691e-02
6.164812240738514e-03	8.510786e-02
6.184343490738514e-03	9.022615e-02
6.203874740738514e-03	9.397465e-02
6.213640365738514e-03	9.531832e-02
6.223405990738514e-03	9.630190e-02
6.233171615738514e-03	9.692213e-02
6.242937240738514e-03	9.717701e-02
6.252702865738514e-03	9.706575e-02
6.262468490738514e-03	9.658872e-02
6.272234115738514e-03	9.574748e-02
6.281999740738514e-03	9.454480e-02
6.301530990738514e-03	9.107245e-02
6.321062240738514e-03	8.621906e-02
6.340593490738514e-03	8.005323e-02
6.360124740738514e-03	7.266475e-02
6.379655990738514e-03	6.416362e-02
6.399187240738514e-03	5.467805e-02
6.418718490738514e-03	4.435195e-02
6.438249740738514e-03	3.334216e-02
6.457780990738514e-03	2.181567e-02
6.467546615738514e-03	1.591298e-02
6.477312240738514e-03	9.947007e-03
6.487077865738514e-03	3.940335e-03
6.488298568863514e-03	3.187748e-03
6.490739975113514e-03	1.682113e-03
6.491019888212451e-03	1.509430e-03
6.491579714410325e-03	1.164069e-03
6.492185544724043e-03	7.900224e-04
6.492287243320997e-03	7.271743e-04
6.492490640514905e-03	6.015375e-04
6.492897434902720e-03	3.505201e-04
6.493711023678351e-03	-1.514243e-04
6.494940558461597e-03	-9.100823e-04
6.497399628028090e-03	-2.427519e-03
6.502317767161075e-03	-5.461003e-03
6.510258958251604e-03	-1.034833e-02
6.520024583251604e-03	-1.632468e-02
6.529790208251604e-03	-2.224240e-02
6.539555833251605e-03	-2.807914e-02
6.549321458251605e-03	-3.381277e-02
6.559087083251604e-03	-3.942156e-02
6.568852708251604e-03	-4.488422e-02
6.578618333251605e-03	-5.018002e-02
6.588383958251605e-03	-5.528879e-02
6.598149583251604e-03	-6.019112e-02
6.607915208251604e-03	-6.486835e-02
6.617680833251604e-03	-6.930271e-02
6.627446458251605e-03	-7.347739e-02
6.637212083251604e-03	-7.737667e-02
6.646977708251604e-03	-8.098588e-02
6.656743333251604e-03	-8.429166e-02
6.666508958251605e-03	-8.728182e-02
6.676274583251604e-03	-8.994558e-02
6.686040208251604e-03	-9.227343e-02
6.695805833251604e-03	-9.425726e-02
6.705571458251605e-03	-9.589024e-02
6.715337083251604e-03	-9.716692e-02
6.725102708251604e-03	-9.808306e-02
6.734868333251604e-03	-9.863572e-02
6.744633958251605e-03	-9.882309e-02
6.754399583251604e-03	-9.864463e-02
6.764165208251604e-03	-9.810085e-02
6.773930833251604e-03	-9.719355e-02
6.783696458251605e-03	-9.592562e-02
6.803227708251604e-03	-9.232598e-02
6.822758958251605e-03	-8.735072e-02
6.842290208251604e-03	-8.106989e-02
6.861821458251604e-03	-7.357478e-02
6.871587083251605e-03	-6.940602e-02
6.881352708251604e-03	-6.497698e-02
6.891118333251604e-03	-6.030446e-02
6.900883958251604e-03	-5.540618e-02
6.920415208251604e-03	-4.500763e-02
6.939946458251604e-03	-3.393928e-02
6.959477708251604e-03	-2.236898e-02
6.969243333251604e-03	-1.645012e-02
6.979008958251604e-03	-1.047187e-02
6.988774583251605e-03	-4.456847e-03
6.998540208251604e-03	1.572269e-03
7.008305833251604e-03	7.592693e-03
7.018071458251604e-03	1.358163e-02
7.027837083251605e-03	1.951649e-02
7.037602708251605e-03	2.537482e-02
7.047368333251604e-03	3.113445e-02
7.057133958251604e-03	3.677360e-02
7.066899583251605e-03	4.227087e-02
7.076665208251605e-03	4.760544e-02
7.086430833251604e-03	5.275701e-02
7.096196458251604e-03	5.770606e-02
7.105962083251604e-03	6.243375e-02
7.115727708251605e-03	6.692218e-02
7.125493333251604e-03	7.115430e-02
7.135258958251604e-03	7.511419e-02
7.145024583251604e-03	7.878695e-02
7.154790208251605e-03	8.215895e-02
7.164555833251604e-03	8.521772e-02
7.184087083251604e-03	9.035248e-02
7.203618333251604e-03	9.411828e-02
7.213383958251604e-03	9.547087e-02
7.223149583251604e-03	9.646346e-02
7.232915208251605e-03	9.709281e-02
7.242680833251604e-03	9.735688e-02
7.252446458251604e-03	9.725485e-02
7.262212083251604e-03	9.678704e-02
7.271977708251605e-03	9.595501e-02
7.281743333251605e-03	9.476145e-02
7.301274583251604e-03	9.130704e-02
7.320805833251605e-03	8.647086e-02
7.340337083251604e-03	8.032122e-02
7.359868333251605e-03	7.294756e-02
7.379399583251604e-03	6.445964e-02
7.398930833251605e-03	5.498544e-02
7.418462083251604e-03	4.466870e-02
7.437993333251605e-03	3.366610e-02
7.457524583251604e-03	2.214454e-02
7.467290208251604e-03	1.624345e-02
7.477055833251605e-03	1.027847e-02
7.486821458251604e-03	4.272201e-03
7.488042161376604e-03	3.519614e-03
7.490483567626605e-03	2.013944e-03
7.490913864123658e-03	1.748474e-03
7.491774457117765e-03	1.217536e-03
7.492642560830012e-03	6.816970e-04
7.492791249496521e-03	5.897908e-04
7.493088626829539e-03	4.060823e-04
7.493683381495576e-03	3.911472e-05
7.494821390467760e-03	-6.630624e-04
7.496103046285694e-03	-1.453978e-03
7.498666357921560e-03	-3.035728e-03
7.503792981193293e-03	-6.196987e-03
7.512237570810424e-03	-1.138999e-02
7.522003195810424e-03	-1.735668e-02
7.531768820810424e-03	-2.326016e-02
7.541534445810424e-03	-2.907820e-02
7.551300070810424e-03	-3.478865e-02
7.561065695810425e-03	-4.036995e-02
7.570831320810424e-03	-4.580085e-02
7.580596945810424e-03	-5.106078e-02
7.590362570810424e-03	-5.612967e-02
7.609893820810424e-03	-6.561816e-02
7.619659445810424e-03	-7.000171e-02
7.629425070810424e-03	-7.412228e-02
7.648956320810424e-03	-8.151366e-02
7.668487570810424e-03	-8.768228e-02
7.678253195810425e-03	-9.027921e-02
7.688018820810424e-03	-9.253845e-02
7.697784445810424e-03	-9.445219e-02
7.707550070810424e-03	-9.601384e-02
7.717315695810425e-03	-9.721824e-02
7.727081320810424e-03	-9.806135e-02
7.736846945810424e-03	-9.854051e-02
7.746612570810424e-03	-9.865412e-02
7.756378195810424e-03	-9.840190e-02
7.766143820810424e-03	-9.778459e-02
7.775909445810424e-03	-9.680423e-02
7.785675070810424e-03	-9.546397e-02
7.795440695810424e-03	-9.376831e-02
7.805206320810425e-03	-9.172287e-02
7.814971945810423e-03	-8.933476e-02
7.824737570810425e-03	-8.661225e-02
7.834503195810425e-03	-8.356512e-02
7.854034445810424e-03	-7.654233e-02
7.863800070810424e-03	-7.259262e-02
7.873565695810424e-03	-6.837009e-02
7.883331320810424e-03	-6.389060e-02
7.893096945810424e-03	-5.917118e-02
7.912628195810425e-03	-4.908497e-02
7.932159445810424e-03	-3.826467e-02
7.951690695810424e-03	-2.687450e-02
7.961456320810424e-03	-2.101937e-02
7.971221945810424e-03	-1.508700e-02
7.980987570810425e-03	-9.099793e-03
7.990753195810425e-03	-3.080436e-03
8.000518820810425e-03	2.948439e-03
8.010284445810424e-03	8.963962e-03
8.020050070810424e-03	1.494343e-02
8.029815695810424e-03	2.086423e-02
8.039581320810424e-03	2.670401e-02
8.049346945810424e-03	3.244062e-02
8.059112570810423e-03	3.805239e-02
8.068878195810425e-03	4.351799e-02
8.078643820810425e-03	4.881674e-02
8.088409445810425e-03	5.392846e-02
8.098175070810424e-03	5.883378e-02
8.107940695810424e-03	6.351402e-02
8.117706320810424e-03	6.795146e-02
8.127471945810424e-03	7.212927e-02
8.137237570810424e-03	7.603174e-02
8.147003195810425e-03	7.964420e-02
8.166534445810425e-03	8.594674e-02
8.186065695810424e-03	9.094490e-02
8.205596945810424e-03	9.456795e-02
8.215362570810424e-03	9.584752e-02
8.225128195810425e-03	9.676635e-02
8.234893820810425e-03	9.732147e-02
8.244659445810425e-03	9.751105e-02
8.254425070810424e-03	9.733454e-02
8.264190695810424e-03	9.679248e-02
8.273956320810424e-03	9.588668e-02
8.283721945810424e-03	9.462012e-02
8.303253195810423e-03	9.102277e-02
8.322784445810425e-03	8.604965e-02
8.342315695810424e-03	7.977117e-02
8.361846945810424e-03	7.227886e-02
8.371612570810424e-03	6.811172e-02
8.391143820810425e-03	5.901382e-02
8.410675070810425e-03	4.901434e-02
8.430206320810424e-03	3.826512e-02
8.449737570810424e-03	2.692934e-02
8.469268820810425e-03	1.517873e-02
8.479034445810425e-03	9.203249e-03
8.488800070810425e-03	3.191087e-03
8.490020773935424e-03	2.438109e-03
8.492462180185425e-03	9.318380e-04
8.493568589489939e-03	2.480109e-04
8.493743338500594e-03	1.404288e-04
8.494092836521900e-03	-7.482234e-05
8.494791832564517e-03	-5.060134e-04
8.495845571669994e-03	-1.156404e-03
8.497179206142192e-03	-1.979552e-03
8.499846475086588e-03	-3.625352e-03
8.505105652757269e-03	-6.867311e-03
8.514546944101612e-03	-1.266750e-02
8.524312569101612e-03	-1.862160e-02
8.534078194101612e-03	-2.450718e-02
8.543843819101612e-03	-3.030208e-02
8.553609444101613e-03	-3.598423e-02
8.563375069101613e-03	-4.153219e-02
8.573140694101613e-03	-4.692482e-02
8.582906319101613e-03	-5.214169e-02
8.592671944101613e-03	-5.716291e-02
8.602437569101612e-03	-6.196943e-02
8.612203194101612e-03	-6.654295e-02
8.621968819101612e-03	-7.086612e-02
8.631734444101613e-03	-7.492258e-02
8.641500069101613e-03	-7.869708e-02
8.651265694101613e-03	-8.217552e-02
8.670796944101613e-03	-8.819401e-02
8.690328194101612e-03	-9.289086e-02
8.700093819101612e-03	-9.472225e-02
8.709859444101613e-03	-9.620023e-02
8.719625069101613e-03	-9.731983e-02
8.729390694101613e-03	-9.807743e-02
8.739156319101613e-03	-9.847054e-02
8.748921944101613e-03	-9.849794e-02
8.758687569101612e-03	-9.815951e-02
8.768453194101612e-03	-9.745638e-02
8.778218819101612e-03	-9.639078e-02
8.787984444101612e-03	-9.496626e-02
8.807515694101613e-03	-9.106053e-02
8.827046944101613e-03	-8.579269e-02
8.846578194101612e-03	-7.923754e-02
8.866109444101612e-03	-7.149101e-02
8.875875069101613e-03	-6.720642e-02
8.885640694101613e-03	-6.266887e-02
8.905171944101613e-03	-5.290448e-02
8.924703194101612e-03	-4.234608e-02
8.944234444101612e-03	-3.115402e-02
8.954000069101613e-03	-2.537308e-02
8.963765694101613e-03	-1.949796e-02
8.973531319101613e-03	-1.355084e-02
8.983296944101613e-03	-7.554268e-03
8.993062569101613e-03	-1.530866e-03
9.002828194101612e-03	4.496631e-03
9.012593819101612e-03	1.050541e-02
9.022359444101612e-03	1.647275e-02
9.032125069101612e-03	2.237614e-02
9.041890694101613e-03	2.819320e-02
9.051656319101613e-03	3.390197e-02
9.061421944101613e-03	3.948077e-02
9.071187569101613e-03	4.490850e-02
9.080953194101613e-03	5.016449e-02
9.090718819101612e-03	5.522885e-02
9.100484444101612e-03	6.008226e-02
9.110250069101612e-03	6.470637e-02
9.120015694101613e-03	6.908355e-02
9.129781319101613e-03	7.319732e-02
9.139546944101613e-03	7.703212e-02
9.149312569101613e-03	8.057368e-02
9.159078194101613e-03	8.380879e-02
9.178609444101612e-03	8.931372e-02
9.198140694101613e-03	9.346803e-02
9.207906319101613e-03	9.501990e-02
9.217671944101613e-03	9.621416e-02
9.227437569101613e-03	9.704692e-02
9.237203194101613e-03	9.751541e-02
9.246968819101612e-03	9.761818e-02
9.256734444101612e-03	9.735487e-02
9.266500069101612e-03	9.672640e-02
9.276265694101612e-03	9.573474e-02
9.286031319101613e-03	9.438326e-02
9.305562569101613e-03	9.061992e-02
9.325093819101613e-03	8.548805e-02
9.344625069101612e-03	7.906052e-02
9.364156319101613e-03	7.143135e-02
9.373921944101613e-03	6.720102e-02
9.393453194101613e-03	5.798863e-02
9.412984444101612e-03	4.789190e-02
9.432515694101612e-03	3.706418e-02
9.452046944101613e-03	2.566977e-02
9.461812569101613e-03	1.981377e-02
9.471578194101613e-03	1.388130e-02
9.481343819101613e-03	7.894865e-03
9.488491962643550e-03	3.491736e-03
9.489712665768551e-03	2.738838e-03
9.492154072018550e-03	1.232641e-03
9.493376611359083e-03	4.774558e-04
9.493577189293513e-03	3.537782e-04
9.493978345162375e-03	1.063934e-04
9.494780656900095e-03	-3.886980e-04
9.496385280375538e-03	-1.379059e-03
9.498359868512407e-03	-2.597672e-03
9.502309044786149e-03	-5.033649e-03
9.510207397333629e-03	-9.895444e-03
9.519973022333629e-03	-1.587298e-02
9.529738647333629e-03	-2.179202e-02
9.539504272333630e-03	-2.763020e-02
9.549269897333630e-03	-3.336538e-02
9.559035522333630e-03	-3.897586e-02
9.568801147333630e-03	-4.444034e-02
9.588332397333629e-03	-5.484889e-02
9.598098022333629e-03	-5.975341e-02
9.607863647333629e-03	-6.443294e-02
9.617629272333630e-03	-6.886973e-02
9.637160522333630e-03	-7.694888e-02
9.656691772333630e-03	-8.386945e-02
9.676223022333629e-03	-8.952925e-02
9.695754272333630e-03	-9.384695e-02
9.705519897333630e-03	-9.548296e-02
9.715285522333630e-03	-9.676265e-02
9.725051147333630e-03	-9.768175e-02
9.734816772333630e-03	-9.823732e-02
9.744582397333629e-03	-9.842754e-02
9.754348022333629e-03	-9.825184e-02
9.764113647333629e-03	-9.771075e-02
9.773879272333631e-03	-9.680606e-02
9.783644897333630e-03	-9.554068e-02
9.803176147333630e-03	-9.194590e-02
9.822707397333630e-03	-8.697528e-02
9.842238647333629e-03	-8.069889e-02
9.861769897333630e-03	-7.320805e-02
9.871535522333630e-03	-6.904133e-02
9.881301147333630e-03	-6.461429e-02
9.900832397333630e-03	-5.504729e-02
9.920363647333629e-03	-4.465224e-02
9.939894897333630e-03	-3.358701e-02
9.949660522333630e-03	-2.785521e-02
9.959426147333630e-03	-2.201942e-02
9.969191772333630e-03	-1.610176e-02
9.978957397333630e-03	-1.012458e-02
9.988723022333629e-03	-4.110527e-03
9.998488647333629e-03	1.917745e-03
1.000000000000000e-02	2.850623e-03
