time	V(n012)
0.000000000000000e+00	4.500014e-14
1.428571445265854e-08	-1.414399e-09
2.857142890531708e-08	-1.208180e-09
4.285714335797562e-08	6.186997e-10
5.714285781063416e-08	4.066242e-09
7.142857226329269e-08	9.134446e-09
8.571428671595124e-08	1.582331e-08
1.000000011686097e-07	2.413284e-08
1.695211190908478e-07	3.623941e-07
2.531740543516489e-07	2.108910e-06
3.416490460339065e-07	6.468384e-06
5.185990293984217e-07	2.206942e-05
7.330971841671437e-07	5.096344e-05
1.009421264618234e-06	1.049414e-04
1.344156006523837e-06	1.957932e-04
1.794425744756149e-06	3.608629e-04
2.372695677169732e-06	6.451076e-04
3.153422314703216e-06	1.155252e-03
4.178133142746672e-06	2.042028e-03
5.562873768261420e-06	3.622211e-03
7.411857215561814e-06	6.393726e-03
9.937206864693589e-06	1.131922e-02
1.342410201546166e-05	1.945149e-02
1.577746349830049e-05	2.428045e-02
1.762673048228156e-05	2.658897e-02
1.930231528865703e-05	2.789467e-02
2.103271021500885e-05	2.908098e-02
2.287026437647201e-05	3.029748e-02
2.639319037949224e-05	3.255201e-02
3.343904238553270e-05	3.683247e-02
4.320466738553270e-05	4.241900e-02
5.297029238553269e-05	4.769928e-02
6.273591738553269e-05	5.271951e-02
7.250154238553269e-05	5.750109e-02
8.226716738553270e-05	6.206014e-02
9.203279238553269e-05	6.640570e-02
1.017984173855327e-04	7.054665e-02
1.115640423855327e-04	7.448839e-02
1.213296673855327e-04	7.823859e-02
1.310952923855327e-04	8.180059e-02
1.408609173855327e-04	8.518074e-02
1.506265423855327e-04	8.838150e-02
1.603921673855327e-04	9.140829e-02
1.701577923855327e-04	9.426297e-02
1.799234173855327e-04	9.695019e-02
1.896890423855327e-04	9.947135e-02
1.994546673855327e-04	1.018305e-01
2.092202923855327e-04	1.040286e-01
2.189859173855327e-04	1.060693e-01
2.287515423855327e-04	1.079533e-01
2.385171673855327e-04	1.096837e-01
2.482827923855327e-04	1.112609e-01
2.580484173855327e-04	1.126879e-01
2.678140423855327e-04	1.139648e-01
2.775796673855327e-04	1.150942e-01
2.873452923855327e-04	1.160761e-01
2.971109173855327e-04	1.169129e-01
3.068765423855327e-04	1.176043e-01
3.166421673855327e-04	1.181522e-01
3.264077923855327e-04	1.185563e-01
3.361734173855327e-04	1.188177e-01
3.459390423855327e-04	1.189357e-01
3.557046673855327e-04	1.189108e-01
3.654702923855327e-04	1.187411e-01
3.752359173855327e-04	1.184258e-01
3.850015423855327e-04	1.179613e-01
3.947671673855327e-04	1.173441e-01
4.045327923855327e-04	1.165673e-01
4.142984173855327e-04	1.156218e-01
4.240640423855327e-04	1.144921e-01
4.338296673855327e-04	1.131568e-01
4.435952923855327e-04	1.115786e-01
4.533609173855327e-04	1.096937e-01
4.631265423855327e-04	1.073774e-01
4.728921673855327e-04	1.043397e-01
4.826577923855327e-04	9.963112e-02
4.909233051547732e-04	9.138648e-02
4.968250697434359e-04	7.990830e-02
5.030624495985190e-04	6.066971e-02
5.066384887510999e-04	4.809773e-02
5.096523552228468e-04	4.108687e-02
5.108707819985251e-04	3.964749e-02
5.122687315693267e-04	3.801063e-02
5.137626088790987e-04	3.624406e-02
5.157311559350656e-04	3.397823e-02
5.177687393264885e-04	3.165464e-02
5.204458020808425e-04	2.868249e-02
5.234705607940676e-04	2.537898e-02
5.271523476803053e-04	2.147183e-02
5.320047867366142e-04	1.645234e-02
5.384824851326517e-04	1.001034e-02
5.396741371749112e-04	8.852631e-03
5.420574412594301e-04	6.561674e-03
5.423079921310108e-04	6.323259e-03
5.428090938741721e-04	5.846900e-03
5.438112973604948e-04	4.898118e-03
5.442995557535460e-04	4.435792e-03
5.448913693208498e-04	3.881417e-03
5.454405642763722e-04	3.368525e-03
5.460040420467593e-04	2.842107e-03
5.469627951539968e-04	1.952617e-03
5.484873709502612e-04	5.469311e-04
5.509651440823463e-04	-1.708130e-03
5.544326039981428e-04	-4.809468e-03
5.609063068514300e-04	-1.042842e-02
5.706719318514300e-04	-1.850727e-02
5.804375568514300e-04	-2.612989e-02
5.902031818514300e-04	-3.332445e-02
5.999688068514301e-04	-4.011141e-02
6.097344318514301e-04	-4.651411e-02
6.195000568514301e-04	-5.254919e-02
6.292656818514300e-04	-5.823664e-02
6.390313068514300e-04	-6.359026e-02
6.487969318514300e-04	-6.862733e-02
6.585625568514300e-04	-7.335935e-02
6.683281818514300e-04	-7.780126e-02
6.780938068514300e-04	-8.196262e-02
6.878594318514300e-04	-8.585656e-02
6.976250568514300e-04	-8.949091e-02
7.073906818514300e-04	-9.287721e-02
7.171563068514301e-04	-9.602191e-02
7.269219318514301e-04	-9.893516e-02
7.366875568514301e-04	-1.016223e-01
7.464531818514300e-04	-1.040922e-01
7.562188068514300e-04	-1.063494e-01
7.659844318514300e-04	-1.084017e-01
7.757500568514300e-04	-1.102527e-01
7.855156818514300e-04	-1.119095e-01
7.952813068514300e-04	-1.133750e-01
8.050469318514300e-04	-1.146555e-01
8.148125568514300e-04	-1.157532e-01
8.245781818514300e-04	-1.166735e-01
8.343438068514300e-04	-1.174180e-01
8.441094318514301e-04	-1.179915e-01
8.538750568514301e-04	-1.183945e-01
8.636406818514301e-04	-1.186306e-01
8.734063068514300e-04	-1.186995e-01
8.831719318514300e-04	-1.186030e-01
8.929375568514300e-04	-1.183387e-01
9.027031818514300e-04	-1.179060e-01
9.124688068514300e-04	-1.172988e-01
9.222344318514300e-04	-1.165109e-01
9.320000568514300e-04	-1.155289e-01
9.417656818514300e-04	-1.143343e-01
9.515313068514300e-04	-1.128928e-01
9.612969318514301e-04	-1.111485e-01
9.710625568514301e-04	-1.089892e-01
9.808281818514300e-04	-1.061660e-01
9.905938068514300e-04	-1.019103e-01
1.000359431851430e-03	-9.254809e-02
1.007214450359548e-03	-7.861469e-02
1.013536648006190e-03	-5.815618e-02
1.016597947527060e-03	-4.780012e-02
1.019607605860474e-03	-4.174161e-02
1.020789275568062e-03	-4.049078e-02
1.021950876528212e-03	-3.914334e-02
1.023198354819440e-03	-3.767812e-02
1.024937416549475e-03	-3.568889e-02
1.026702137385164e-03	-3.368296e-02
1.029150479663732e-03	-3.096840e-02
1.032002189336976e-03	-2.785647e-02
1.035585904529702e-03	-2.405235e-02
1.040151018973670e-03	-1.932725e-02
1.046272865322493e-03	-1.322406e-02
1.055248289081301e-03	-4.678354e-03
1.065013914081301e-03	4.088658e-03
1.074779539081300e-03	1.236443e-02
1.084545164081300e-03	2.015857e-02
1.094310789081300e-03	2.751981e-02
1.104076414081300e-03	3.445129e-02
1.113842039081300e-03	4.099505e-02
1.123607664081300e-03	4.715118e-02
1.133373289081300e-03	5.295708e-02
1.143138914081300e-03	5.841083e-02
1.152904539081300e-03	6.354608e-02
1.162670164081300e-03	6.835943e-02
1.172435789081300e-03	7.288135e-02
1.182201414081300e-03	7.710725e-02
1.191967039081300e-03	8.106473e-02
1.201732664081300e-03	8.474848e-02
1.211498289081300e-03	8.818352e-02
1.221263914081300e-03	9.136395e-02
1.231029539081300e-03	9.431258e-02
1.240795164081300e-03	9.702308e-02
1.250560789081300e-03	9.951625e-02
1.260326414081300e-03	1.017855e-01
1.270092039081300e-03	1.038499e-01
1.279857664081300e-03	1.057028e-01
1.289623289081301e-03	1.073613e-01
1.299388914081301e-03	1.088188e-01
1.309154539081301e-03	1.100911e-01
1.318920164081301e-03	1.111712e-01
1.328685789081300e-03	1.120733e-01
1.338451414081300e-03	1.127905e-01
1.348217039081300e-03	1.133352e-01
1.357982664081300e-03	1.136998e-01
1.367748289081300e-03	1.138948e-01
1.377513914081300e-03	1.139117e-01
1.387279539081300e-03	1.137580e-01
1.397045164081300e-03	1.134228e-01
1.406810789081300e-03	1.129092e-01
1.416576414081300e-03	1.122011e-01
1.426342039081300e-03	1.112909e-01
1.436107664081300e-03	1.101503e-01
1.445873289081300e-03	1.087471e-01
1.455638914081300e-03	1.070068e-01
1.465404539081300e-03	1.047987e-01
1.475170164081300e-03	1.017856e-01
1.484935789081300e-03	9.681488e-02
1.492422698283235e-03	8.886117e-02
1.498205989890204e-03	7.717235e-02
1.504109502352515e-03	5.874417e-02
1.507720925452225e-03	4.618174e-02
1.510116701853344e-03	4.040476e-02
1.511183125886933e-03	3.896780e-02
1.512534413383647e-03	3.733874e-02
1.514112950410787e-03	3.547883e-02
1.515811602867602e-03	3.353059e-02
1.519208907781233e-03	2.969805e-02
1.522443136147146e-03	2.616475e-02
1.527833193174317e-03	2.044039e-02
1.535649921393016e-03	1.252303e-02
1.536870624518016e-03	1.132144e-02
1.539312030768016e-03	8.944667e-03
1.539922382330516e-03	8.357530e-03
1.541143085455516e-03	7.187481e-03
1.543334645627078e-03	5.109152e-03
1.543673246608350e-03	4.790887e-03
1.544350448570895e-03	4.155713e-03
1.544863074947978e-03	3.676278e-03
1.544941117866946e-03	3.603259e-03
1.545097203704884e-03	3.457352e-03
1.545409375380759e-03	3.166642e-03
1.546033718732509e-03	2.587246e-03
1.546747131014899e-03	1.927742e-03
1.548173955579680e-03	6.173578e-04
1.551027604709240e-03	-1.970262e-03
1.556734902968360e-03	-7.013962e-03
1.565632604350938e-03	-1.454258e-02
1.575398229350938e-03	-2.236046e-02
1.585163854350938e-03	-2.973899e-02
1.594929479350938e-03	-3.670200e-02
1.604695104350938e-03	-4.327152e-02
1.614460729350938e-03	-4.946706e-02
1.624226354350938e-03	-5.530708e-02
1.633991979350938e-03	-6.080801e-02
1.643757604350938e-03	-6.598556e-02
1.653523229350938e-03	-7.085370e-02
1.663288854350938e-03	-7.542578e-02
1.673054479350938e-03	-7.971368e-02
1.682820104350938e-03	-8.372892e-02
1.692585729350938e-03	-8.748160e-02
1.702351354350938e-03	-9.098160e-02
1.712116979350938e-03	-9.423754e-02
1.721882604350938e-03	-9.725793e-02
1.731648229350938e-03	-1.000501e-01
1.741413854350938e-03	-1.026215e-01
1.751179479350938e-03	-1.049784e-01
1.760945104350938e-03	-1.071272e-01
1.770710729350938e-03	-1.090733e-01
1.780476354350938e-03	-1.108223e-01
1.800007604350938e-03	-1.137475e-01
1.819538854350938e-03	-1.159379e-01
1.839070104350938e-03	-1.174225e-01
1.858601354350938e-03	-1.182240e-01
1.878132604350938e-03	-1.183565e-01
1.887898229350938e-03	-1.181729e-01
1.897663854350938e-03	-1.178211e-01
1.907429479350938e-03	-1.172976e-01
1.917195104350938e-03	-1.165964e-01
1.926960729350938e-03	-1.157069e-01
1.936726354350938e-03	-1.146138e-01
1.946491979350938e-03	-1.132905e-01
1.956257604350938e-03	-1.116921e-01
1.966023229350938e-03	-1.097364e-01
1.975788854350938e-03	-1.072515e-01
1.985554479350938e-03	-1.037859e-01
1.995320104350938e-03	-9.751780e-02
2.001807245960865e-03	-8.890087e-02
2.008165028857438e-03	-7.349703e-02
2.013241808022581e-03	-5.608843e-02
2.015929740027255e-03	-4.715006e-02
2.018532506323373e-03	-4.197409e-02
2.019683891696267e-03	-4.068017e-02
2.020875022817369e-03	-3.929070e-02
2.022131796381551e-03	-3.781579e-02
2.024645343509917e-03	-3.493370e-02
2.026942643918865e-03	-3.234636e-02
2.031321698015654e-03	-2.755849e-02
2.036663409137809e-03	-2.191404e-02
2.044674979181210e-03	-1.383029e-02
2.054440604181210e-03	-4.509575e-03
2.064206229181209e-03	4.261548e-03
2.073971854181210e-03	1.253806e-02
2.083737479181209e-03	2.033664e-02
2.093503104181210e-03	2.769934e-02
2.103268729181209e-03	3.463567e-02
2.113034354181210e-03	4.118161e-02
2.122799979181210e-03	4.734302e-02
2.132565604181210e-03	5.315180e-02
2.142331229181210e-03	5.861129e-02
2.152096854181210e-03	6.375013e-02
2.161862479181210e-03	6.856970e-02
2.171628104181210e-03	7.309590e-02
2.181393729181210e-03	7.732849e-02
2.191159354181210e-03	8.129093e-02
2.200924979181210e-03	8.498184e-02
2.210690604181210e-03	8.842250e-02
2.220456229181210e-03	9.161055e-02
2.230221854181210e-03	9.456543e-02
2.239987479181210e-03	9.728399e-02
2.249753104181210e-03	9.978402e-02
2.259518729181210e-03	1.020618e-01
2.269284354181210e-03	1.041337e-01
2.279049979181210e-03	1.059954e-01
2.288815604181210e-03	1.076621e-01
2.298581229181210e-03	1.091290e-01
2.308346854181210e-03	1.104099e-01
2.318112479181210e-03	1.115000e-01
2.327878104181209e-03	1.124116e-01
2.337643729181210e-03	1.131393e-01
2.347409354181209e-03	1.136942e-01
2.357174979181210e-03	1.140703e-01
2.366940604181210e-03	1.142767e-01
2.376706229181210e-03	1.143064e-01
2.386471854181210e-03	1.141658e-01
2.396237479181210e-03	1.138456e-01
2.406003104181210e-03	1.133483e-01
2.415768729181210e-03	1.126589e-01
2.425534354181210e-03	1.117708e-01
2.435299979181210e-03	1.106574e-01
2.445065604181210e-03	1.092896e-01
2.454831229181210e-03	1.075995e-01
2.464596854181210e-03	1.054722e-01
2.474362479181210e-03	1.026196e-01
2.484128104181210e-03	9.813794e-02
2.492554963890848e-03	8.996452e-02
2.499105565123026e-03	7.699959e-02
2.505067561295247e-03	5.823646e-02
2.508681359670763e-03	4.581965e-02
2.512067335443845e-03	3.876807e-02
2.513344641123556e-03	3.747650e-02
2.514509290842422e-03	3.613161e-02
2.515755311383237e-03	3.467422e-02
2.517369565795864e-03	3.284398e-02
2.519056212686587e-03	3.093225e-02
2.521190457521400e-03	2.857692e-02
2.523682388834705e-03	2.585549e-02
2.526682939240325e-03	2.266478e-02
2.530367570170689e-03	1.881891e-02
2.535100522882255e-03	1.403429e-02
2.541601910998505e-03	7.676758e-03
2.542788367715670e-03	6.552615e-03
2.545161281150000e-03	4.315004e-03
2.545424359436420e-03	4.069068e-03
2.545950516009260e-03	3.578213e-03
2.547002829154941e-03	2.600949e-03
2.547513171567823e-03	2.127115e-03
2.548141278408610e-03	1.550089e-03
2.548778246962304e-03	9.666464e-04
2.549367047250560e-03	4.276741e-04
2.550417459522686e-03	-5.271642e-04
2.552102484710389e-03	-2.047930e-03
2.554817322971172e-03	-4.464045e-03
2.558933777333497e-03	-8.054839e-03
2.566619630662572e-03	-1.452633e-02
2.576385255662572e-03	-2.233572e-02
2.586150880662572e-03	-2.970455e-02
2.595916505662572e-03	-3.665916e-02
2.605682130662572e-03	-4.321898e-02
2.615447755662572e-03	-4.940606e-02
2.625213380662572e-03	-5.523628e-02
2.634979005662572e-03	-6.072858e-02
2.644744630662572e-03	-6.589615e-02
2.654510255662572e-03	-7.075542e-02
2.664275880662572e-03	-7.531728e-02
2.674041505662572e-03	-7.959603e-02
2.683807130662572e-03	-8.360078e-02
2.693572755662572e-03	-8.734401e-02
2.703338380662572e-03	-9.083322e-02
2.713104005662572e-03	-9.407938e-02
2.722869630662572e-03	-9.708868e-02
2.732635255662572e-03	-9.987077e-02
2.742400880662572e-03	-1.024308e-01
2.752166505662572e-03	-1.047772e-01
2.761932130662572e-03	-1.069143e-01
2.771697755662572e-03	-1.088496e-01
2.781463380662572e-03	-1.105865e-01
2.791229005662572e-03	-1.121318e-01
2.800994630662572e-03	-1.134882e-01
2.810760255662572e-03	-1.146616e-01
2.820525880662572e-03	-1.156542e-01
2.830291505662572e-03	-1.164710e-01
2.840057130662572e-03	-1.171134e-01
2.849822755662572e-03	-1.175857e-01
2.859588380662572e-03	-1.178882e-01
2.869354005662572e-03	-1.180240e-01
2.879119630662572e-03	-1.179920e-01
2.888885255662572e-03	-1.177934e-01
2.898650880662572e-03	-1.174246e-01
2.908416505662572e-03	-1.168836e-01
2.918182130662572e-03	-1.161620e-01
2.927947755662572e-03	-1.152502e-01
2.937713380662572e-03	-1.141297e-01
2.947479005662572e-03	-1.127733e-01
2.957244630662572e-03	-1.111297e-01
2.967010255662572e-03	-1.091084e-01
2.976775880662572e-03	-1.065091e-01
2.986541505662572e-03	-1.027806e-01
2.996307130662572e-03	-9.549659e-02
3.002918663582309e-03	-8.501481e-02
3.010175836387635e-03	-6.438054e-02
3.014123265232538e-03	-5.039607e-02
3.016751138157582e-03	-4.348923e-02
3.018037874545414e-03	-4.162640e-02
3.019480756429090e-03	-3.987325e-02
3.020738903958951e-03	-3.838473e-02
3.022260101161311e-03	-3.662672e-02
3.024500114770600e-03	-3.406389e-02
3.026779190637234e-03	-3.152217e-02
3.029979080823323e-03	-2.801482e-02
3.033708387730360e-03	-2.404494e-02
3.038443614420810e-03	-1.913695e-02
3.045092300268594e-03	-1.251299e-02
3.054687321052563e-03	-3.416676e-03
3.064452946052563e-03	5.298319e-03
3.074218571052563e-03	1.352585e-02
3.083984196052563e-03	2.127595e-02
3.093749821052563e-03	2.859605e-02
3.103515446052563e-03	3.548989e-02
3.113281071052563e-03	4.199849e-02
3.123046696052563e-03	4.812251e-02
3.132812321052563e-03	5.389845e-02
3.142577946052563e-03	5.932497e-02
3.152343571052563e-03	6.443487e-02
3.162109196052563e-03	6.922532e-02
3.171874821052563e-03	7.372598e-02
3.181640446052563e-03	7.793282e-02
3.191406071052563e-03	8.187269e-02
3.201171696052563e-03	8.554080e-02
3.210937321052563e-03	8.896149e-02
3.220702946052563e-03	9.212934e-02
3.230468571052563e-03	9.506651e-02
3.240234196052563e-03	9.776717e-02
3.249999821052563e-03	1.002515e-01
3.259765446052563e-03	1.025134e-01
3.269531071052563e-03	1.045713e-01
3.279296696052563e-03	1.064190e-01
3.289062321052563e-03	1.080733e-01
3.298827946052563e-03	1.095278e-01
3.308593571052563e-03	1.107978e-01
3.318359196052563e-03	1.118769e-01
3.328124821052563e-03	1.127788e-01
3.337890446052563e-03	1.134970e-01
3.347656071052563e-03	1.140435e-01
3.357421696052563e-03	1.144114e-01
3.367187321052563e-03	1.146106e-01
3.376952946052563e-03	1.146334e-01
3.386718571052563e-03	1.144870e-01
3.396484196052563e-03	1.141614e-01
3.406249821052563e-03	1.136594e-01
3.416015446052563e-03	1.129665e-01
3.425781071052563e-03	1.120762e-01
3.435546696052563e-03	1.109618e-01
3.445312321052563e-03	1.095955e-01
3.455077946052563e-03	1.079104e-01
3.464843571052563e-03	1.057953e-01
3.474609196052563e-03	1.029722e-01
3.484374821052563e-03	9.858490e-02
3.493064428193830e-03	9.030320e-02
3.499733445213118e-03	7.716229e-02
3.505753829808823e-03	5.818424e-02
3.509323642055709e-03	4.593269e-02
3.512418704660365e-03	3.934942e-02
3.513569744774224e-03	3.811875e-02
3.514726451271144e-03	3.678405e-02
3.515967203344659e-03	3.532773e-02
3.517745717871177e-03	3.330010e-02
3.519592127670413e-03	3.120544e-02
3.522181264599838e-03	2.834794e-02
3.525229377570312e-03	2.503660e-02
3.529088920889456e-03	2.096823e-02
3.534462988111680e-03	1.545932e-02
3.542104144799643e-03	7.969161e-03
3.543324847924642e-03	6.804181e-03
3.545766254174642e-03	4.499973e-03
3.546376605737143e-03	3.930689e-03
3.547597308862142e-03	2.796182e-03
3.547748012588665e-03	2.656784e-03
3.548049420041710e-03	2.378266e-03
3.548349706613899e-03	2.100818e-03
3.548400792887001e-03	2.053570e-03
3.548502965433207e-03	1.959155e-03
3.548707310525618e-03	1.770919e-03
3.549116000710440e-03	1.395568e-03
3.549748625139649e-03	8.163342e-04
3.551013873998068e-03	-3.354083e-04
3.553544371714907e-03	-2.613139e-03
3.558605367148584e-03	-7.066038e-03
3.566152938396347e-03	-1.346152e-02
3.575918563396347e-03	-2.132209e-02
3.585684188396347e-03	-2.873995e-02
3.595449813396347e-03	-3.573948e-02
3.605215438396347e-03	-4.234265e-02
3.614981063396347e-03	-4.856939e-02
3.624746688396347e-03	-5.443810e-02
3.634512313396347e-03	-5.996556e-02
3.644277938396347e-03	-6.516741e-02
3.654043563396347e-03	-7.005795e-02
3.663809188396347e-03	-7.465044e-02
3.673574813396347e-03	-7.895706e-02
3.683340438396347e-03	-8.298926e-02
3.693106063396347e-03	-8.675740e-02
3.702871688396347e-03	-9.027128e-02
3.712637313396347e-03	-9.353977e-02
3.722402938396347e-03	-9.657131e-02
3.732168563396347e-03	-9.937348e-02
3.741934188396347e-03	-1.019536e-01
3.751699813396347e-03	-1.043181e-01
3.761465438396347e-03	-1.064734e-01
3.771231063396347e-03	-1.084250e-01
3.790762313396347e-03	-1.117386e-01
3.810293563396347e-03	-1.142969e-01
3.829824813396347e-03	-1.161321e-01
3.849356063396347e-03	-1.172702e-01
3.868887313396347e-03	-1.177297e-01
3.878652938396347e-03	-1.177078e-01
3.888418563396347e-03	-1.175180e-01
3.898184188396347e-03	-1.171584e-01
3.907949813396347e-03	-1.166251e-01
3.917715438396347e-03	-1.159116e-01
3.927481063396347e-03	-1.150064e-01
3.937246688396347e-03	-1.138927e-01
3.947012313396347e-03	-1.125414e-01
3.956777938396347e-03	-1.109028e-01
3.966543563396347e-03	-1.088841e-01
3.976309188396347e-03	-1.062848e-01
3.986074813396347e-03	-1.025461e-01
3.995840438396348e-03	-9.520503e-02
4.002460945577918e-03	-8.461227e-02
4.009667239650135e-03	-6.402562e-02
4.013610248671810e-03	-5.007642e-02
4.016224761849412e-03	-4.325598e-02
4.017500523052818e-03	-4.142539e-02
4.018932899321887e-03	-3.968816e-02
4.020251425874109e-03	-3.812897e-02
4.021757686226691e-03	-3.639031e-02
4.024008347953670e-03	-3.381731e-02
4.026297294244254e-03	-3.126727e-02
4.029467957774750e-03	-2.779442e-02
4.033188157662681e-03	-2.383702e-02
4.037888764039939e-03	-1.896684e-02
4.044468137652172e-03	-1.241290e-02
4.053945129394835e-03	-3.423757e-03
4.063710754394835e-03	5.298659e-03
4.073476379394835e-03	1.353381e-02
4.083242004394835e-03	2.129100e-02
4.093007629394835e-03	2.861854e-02
4.102773254394835e-03	3.551940e-02
4.112538879394835e-03	4.203542e-02
4.122304504394835e-03	4.816649e-02
4.132070129394835e-03	5.394992e-02
4.141835754394835e-03	5.938360e-02
4.151601379394835e-03	6.450110e-02
4.161367004394835e-03	6.929887e-02
4.171132629394835e-03	7.380730e-02
4.180898254394835e-03	7.802166e-02
4.190663879394835e-03	8.196948e-02
4.200429504394835e-03	8.564532e-02
4.210195129394835e-03	8.907416e-02
4.219960754394835e-03	9.224997e-02
4.229726379394835e-03	9.519552e-02
4.239492004394835e-03	9.790437e-02
4.249257629394835e-03	1.003973e-01
4.259023254394835e-03	1.026677e-01
4.268788879394835e-03	1.047344e-01
4.278554504394835e-03	1.065908e-01
4.288320129394835e-03	1.082541e-01
4.298085754394835e-03	1.097176e-01
4.307851379394835e-03	1.109970e-01
4.317617004394835e-03	1.120854e-01
4.327382629394835e-03	1.129970e-01
4.337148254394835e-03	1.137250e-01
4.346913879394835e-03	1.142817e-01
4.356679504394835e-03	1.146599e-01
4.366445129394835e-03	1.148700e-01
4.376210754394835e-03	1.149040e-01
4.385976379394835e-03	1.147697e-01
4.395742004394835e-03	1.144568e-01
4.405507629394835e-03	1.139692e-01
4.415273254394835e-03	1.132919e-01
4.425038879394835e-03	1.124196e-01
4.434804504394835e-03	1.113271e-01
4.444570129394835e-03	1.099884e-01
4.454335754394835e-03	1.083414e-01
4.464101379394835e-03	1.062849e-01
4.473867004394835e-03	1.035721e-01
4.483632629394835e-03	9.948296e-02
4.493398254394835e-03	9.056736e-02
4.500277370449646e-03	7.711092e-02
4.506582795024712e-03	5.709159e-02
4.510106554299614e-03	4.525203e-02
4.513575476840213e-03	3.855089e-02
4.514821378301041e-03	3.735200e-02
4.515910425544874e-03	3.610016e-02
4.517113699269239e-03	3.469545e-02
4.518811438348013e-03	3.277435e-02
4.520539107355148e-03	3.082193e-02
4.522954839552984e-03	2.816403e-02
4.525856503304908e-03	2.501618e-02
4.529555036847916e-03	2.111883e-02
4.534605920579324e-03	1.593418e-02
4.541840328643200e-03	8.817628e-03
4.547156367993327e-03	3.777212e-03
4.547370073713788e-03	3.581402e-03
4.547797485154710e-03	3.185750e-03
4.548652308036554e-03	2.393853e-03
4.548796078624735e-03	2.261691e-03
4.549083619801098e-03	1.997083e-03
4.549451244650812e-03	1.658681e-03
4.549515109398044e-03	1.599872e-03
4.549642838892507e-03	1.482307e-03
4.549898297881434e-03	1.247981e-03
4.550409215859287e-03	7.809368e-04
4.551004123823621e-03	2.387894e-04
4.552193939752289e-03	-8.394990e-04
4.554573571609624e-03	-2.973526e-03
4.559332835324295e-03	-7.151067e-03
4.567122575577427e-03	-1.373756e-02
4.576888200577427e-03	-2.157524e-02
4.586653825577426e-03	-2.897133e-02
4.596419450577426e-03	-3.594989e-02
4.606185075577426e-03	-4.253295e-02
4.615950700577427e-03	-4.874023e-02
4.625716325577426e-03	-5.459017e-02
4.635481950577426e-03	-6.009935e-02
4.645247575577426e-03	-6.528349e-02
4.655013200577427e-03	-7.015672e-02
4.664778825577426e-03	-7.473236e-02
4.674544450577426e-03	-7.902244e-02
4.684310075577426e-03	-8.303847e-02
4.694075700577427e-03	-8.679068e-02
4.703841325577426e-03	-9.028894e-02
4.713606950577426e-03	-9.354200e-02
4.723372575577426e-03	-9.655835e-02
4.733138200577427e-03	-9.934548e-02
4.742903825577426e-03	-1.019107e-01
4.752669450577426e-03	-1.042605e-01
4.762435075577426e-03	-1.064012e-01
4.772200700577427e-03	-1.083383e-01
4.791731950577426e-03	-1.116231e-01
4.811263200577427e-03	-1.141528e-01
4.830794450577426e-03	-1.159594e-01
4.850325700577427e-03	-1.170686e-01
4.869856950577426e-03	-1.174983e-01
4.879622575577426e-03	-1.174611e-01
4.899153825577427e-03	-1.168788e-01
4.908919450577426e-03	-1.163275e-01
4.918685075577426e-03	-1.155944e-01
4.928450700577426e-03	-1.146671e-01
4.938216325577427e-03	-1.135277e-01
4.947981950577426e-03	-1.121447e-01
4.957747575577426e-03	-1.104640e-01
4.967513200577426e-03	-1.083830e-01
4.977278825577427e-03	-1.056736e-01
4.987044450577426e-03	-1.016652e-01
4.996810075577426e-03	-9.322800e-02
5.003603483793838e-03	-8.066149e-02
5.010076997177460e-03	-6.072280e-02
5.013725981004486e-03	-4.811545e-02
5.016689891946679e-03	-4.154495e-02
5.017923459248715e-03	-4.014964e-02
5.019312462817532e-03	-3.854348e-02
5.020683289962152e-03	-3.693457e-02
5.022552347346478e-03	-3.480027e-02
5.024466874236790e-03	-3.263042e-02
5.027003028319299e-03	-2.983073e-02
5.029908083917799e-03	-2.667291e-02
5.033434462789249e-03	-2.294612e-02
5.038005798179783e-03	-1.823058e-02
5.044094946428431e-03	-1.218171e-02
5.052941804270646e-03	-3.779811e-03
5.062707429270646e-03	4.967766e-03
5.072473054270646e-03	1.322871e-02
5.082238679270646e-03	2.100837e-02
5.092004304270646e-03	2.835946e-02
5.101769929270646e-03	3.528093e-02
5.111535554270646e-03	4.181880e-02
5.121301179270646e-03	4.796904e-02
5.131066804270646e-03	5.377296e-02
5.140832429270647e-03	5.922466e-02
5.150598054270646e-03	6.436156e-02
5.160363679270646e-03	6.917642e-02
5.170129304270646e-03	7.370336e-02
5.179894929270646e-03	7.793406e-02
5.189660554270646e-03	8.189967e-02
5.199426179270646e-03	8.559127e-02
5.209191804270646e-03	8.903731e-02
5.218957429270646e-03	9.222842e-02
5.228723054270646e-03	9.519068e-02
5.238488679270646e-03	9.791447e-02
5.248254304270646e-03	1.004237e-01
5.258019929270646e-03	1.027087e-01
5.267785554270646e-03	1.047915e-01
5.277551179270646e-03	1.066624e-01
5.287316804270646e-03	1.083415e-01
5.297082429270646e-03	1.098193e-01
5.306848054270646e-03	1.111144e-01
5.316613679270646e-03	1.122171e-01
5.326379304270646e-03	1.131444e-01
5.336144929270646e-03	1.138868e-01
5.345910554270646e-03	1.144593e-01
5.355676179270646e-03	1.148523e-01
5.365441804270646e-03	1.150787e-01
5.375207429270646e-03	1.151282e-01
5.384973054270647e-03	1.150110e-01
5.394738679270646e-03	1.147150e-01
5.404504304270646e-03	1.142465e-01
5.414269929270646e-03	1.135890e-01
5.424035554270646e-03	1.127399e-01
5.433801179270646e-03	1.116733e-01
5.443566804270646e-03	1.103677e-01
5.453332429270646e-03	1.087634e-01
5.463098054270646e-03	1.067715e-01
5.472863679270646e-03	1.041729e-01
5.482629304270646e-03	1.003720e-01
5.492394929270646e-03	9.263353e-02
5.499105122342905e-03	8.122262e-02
5.505973048115974e-03	6.096238e-02
5.509797097879632e-03	4.754739e-02
5.512142565026708e-03	4.154789e-02
5.513244239328686e-03	3.994196e-02
5.514637964786711e-03	3.822703e-02
5.516034654811182e-03	3.657314e-02
5.517627337116863e-03	3.473651e-02
5.520812701728225e-03	3.112078e-02
5.524090459538064e-03	2.751608e-02
5.529632186756172e-03	2.160064e-02
5.537788169985237e-03	1.331259e-02
5.547553794985237e-03	3.925400e-03
5.548279749320411e-03	3.255327e-03
5.549731657990759e-03	1.915015e-03
5.550517360364927e-03	1.193462e-03
5.550679904186155e-03	1.044875e-03
5.551004991828611e-03	7.479314e-04
5.551655167113523e-03	1.560167e-04
5.552955517683348e-03	-1.020760e-03
5.555043223980487e-03	-2.891209e-03
5.559218636574764e-03	-6.562477e-03
5.566720450377203e-03	-1.293261e-02
5.576486075377203e-03	-2.081030e-02
5.586251700377203e-03	-2.824383e-02
5.596017325377203e-03	-3.525759e-02
5.605782950377203e-03	-4.187373e-02
5.615548575377203e-03	-4.811219e-02
5.625314200377203e-03	-5.399149e-02
5.635079825377203e-03	-5.952842e-02
5.644845450377203e-03	-6.473872e-02
5.654611075377203e-03	-6.963666e-02
5.664376700377203e-03	-7.423571e-02
5.674142325377203e-03	-7.854797e-02
5.683907950377203e-03	-8.258497e-02
5.693673575377203e-03	-8.635710e-02
5.703439200377203e-03	-8.987423e-02
5.713204825377203e-03	-9.314524e-02
5.722970450377203e-03	-9.617862e-02
5.732736075377203e-03	-9.898200e-02
5.742501700377203e-03	-1.015627e-01
5.752267325377203e-03	-1.039272e-01
5.762032950377203e-03	-1.060819e-01
5.771798575377203e-03	-1.080324e-01
5.781564200377203e-03	-1.097843e-01
5.791329825377203e-03	-1.113422e-01
5.801095450377203e-03	-1.127110e-01
5.810861075377203e-03	-1.138948e-01
5.820626700377203e-03	-1.148974e-01
5.830392325377203e-03	-1.157223e-01
5.840157950377203e-03	-1.163725e-01
5.849923575377203e-03	-1.168506e-01
5.859689200377203e-03	-1.171587e-01
5.869454825377203e-03	-1.172979e-01
5.879220450377203e-03	-1.172689e-01
5.888986075377203e-03	-1.170709e-01
5.898751700377203e-03	-1.167020e-01
5.908517325377203e-03	-1.161580e-01
5.918282950377203e-03	-1.154318e-01
5.928048575377203e-03	-1.145113e-01
5.937814200377203e-03	-1.133783e-01
5.947579825377203e-03	-1.120017e-01
5.957345450377203e-03	-1.103273e-01
5.967111075377203e-03	-1.082529e-01
5.976876700377203e-03	-1.055512e-01
5.986642325377203e-03	-1.015549e-01
5.996407950377203e-03	-9.315374e-02
6.003195877128827e-03	-8.064748e-02
6.009687608189082e-03	-6.069354e-02
6.013341243511836e-03	-4.805546e-02
6.016300414498243e-03	-4.146397e-02
6.017530623145580e-03	-4.006578e-02
6.018919456409061e-03	-3.845877e-02
6.020299386111862e-03	-3.683923e-02
6.022183421248211e-03	-3.468795e-02
6.024106662690944e-03	-3.250870e-02
6.026655831894354e-03	-2.969551e-02
6.029567846160106e-03	-2.653128e-02
6.033098080657395e-03	-2.280195e-02
6.037679494289970e-03	-1.807800e-02
6.043771964739010e-03	-1.202861e-02
6.052618707421949e-03	-3.630459e-03
6.062384332421949e-03	5.113492e-03
6.072149957421949e-03	1.337130e-02
6.081915582421949e-03	2.114817e-02
6.091681207421949e-03	2.849691e-02
6.101446832421949e-03	3.541632e-02
6.111212457421949e-03	4.195255e-02
6.120978082421949e-03	4.810140e-02
6.130743707421948e-03	5.390432e-02
6.140509332421949e-03	5.935524e-02
6.150274957421949e-03	6.449174e-02
6.160040582421949e-03	6.930645e-02
6.169806207421948e-03	7.383349e-02
6.179571832421949e-03	7.806450e-02
6.189337457421949e-03	8.203075e-02
6.199103082421949e-03	8.572314e-02
6.208868707421948e-03	8.917028e-02
6.218634332421949e-03	9.236262e-02
6.228399957421949e-03	9.532640e-02
6.238165582421949e-03	9.805182e-02
6.247931207421949e-03	1.005630e-01
6.257696832421949e-03	1.028500e-01
6.267462457421949e-03	1.049351e-01
6.277228082421949e-03	1.068083e-01
6.286993707421949e-03	1.084900e-01
6.296759332421949e-03	1.099705e-01
6.306524957421949e-03	1.112685e-01
6.316290582421949e-03	1.123743e-01
6.326056207421949e-03	1.133049e-01
6.335821832421949e-03	1.140507e-01
6.345587457421949e-03	1.146269e-01
6.355353082421949e-03	1.150237e-01
6.365118707421949e-03	1.152543e-01
6.374884332421948e-03	1.153082e-01
6.384649957421949e-03	1.151959e-01
6.394415582421949e-03	1.149052e-01
6.404181207421949e-03	1.144427e-01
6.413946832421948e-03	1.137920e-01
6.423712457421949e-03	1.129510e-01
6.433478082421949e-03	1.118942e-01
6.443243707421949e-03	1.106011e-01
6.453009332421948e-03	1.090141e-01
6.462774957421949e-03	1.070486e-01
6.472540582421949e-03	1.044974e-01
6.482306207421949e-03	1.008126e-01
6.492071832421949e-03	9.354513e-02
6.498712078755283e-03	8.298781e-02
6.505928483554553e-03	6.242884e-02
6.510064698002580e-03	4.793768e-02
6.512478946279634e-03	4.167951e-02
6.513611896748713e-03	4.002094e-02
6.515050807862425e-03	3.825387e-02
6.516422770795185e-03	3.663094e-02
6.518028404977632e-03	3.478026e-02
6.521239673342527e-03	3.113638e-02
6.524456345346101e-03	2.760008e-02
6.529890201187853e-03	2.179677e-02
6.537811287177096e-03	1.373542e-02
6.547576912177096e-03	4.327164e-03
6.548797615302096e-03	3.198902e-03
6.549102791083346e-03	2.916619e-03
6.549713142645846e-03	2.353004e-03
6.550554098362314e-03	1.580101e-03
6.551258393985603e-03	9.351723e-04
6.551363760232083e-03	8.388521e-04
6.551574492725045e-03	6.464898e-04
6.551995957710968e-03	2.629700e-04
6.552838887682816e-03	-5.010585e-04
6.554103496075475e-03	-1.640113e-03
6.556632712860794e-03	-3.892641e-03
6.561691146431430e-03	-8.296496e-03
6.569859698712889e-03	-1.513302e-02
6.579625323712888e-03	-2.288212e-02
6.589390948712888e-03	-3.019399e-02
6.599156573712889e-03	-3.709245e-02
6.608922198712889e-03	-4.359885e-02
6.618687823712889e-03	-4.973283e-02
6.628453448712888e-03	-5.551229e-02
6.638219073712889e-03	-6.095384e-02
6.647984698712889e-03	-6.607267e-02
6.657750323712889e-03	-7.088297e-02
6.667515948712888e-03	-7.539761e-02
6.677281573712889e-03	-7.962872e-02
6.687047198712889e-03	-8.358739e-02
6.696812823712889e-03	-8.728393e-02
6.706578448712888e-03	-9.072787e-02
6.716344073712889e-03	-9.392805e-02
6.726109698712889e-03	-9.689263e-02
6.735875323712889e-03	-9.962922e-02
6.745640948712888e-03	-1.021448e-01
6.755406573712889e-03	-1.044461e-01
6.765172198712889e-03	-1.065389e-01
6.774937823712889e-03	-1.084291e-01
6.794469073712889e-03	-1.116220e-01
6.814000323712889e-03	-1.140621e-01
6.823765948712888e-03	-1.150099e-01
6.833531573712889e-03	-1.157807e-01
6.843297198712889e-03	-1.163774e-01
6.853062823712889e-03	-1.168025e-01
6.862828448712889e-03	-1.170577e-01
6.872594073712888e-03	-1.171442e-01
6.882359698712889e-03	-1.170619e-01
6.892125323712889e-03	-1.168100e-01
6.901890948712889e-03	-1.163856e-01
6.911656573712888e-03	-1.157838e-01
6.921422198712889e-03	-1.149956e-01
6.931187823712889e-03	-1.140079e-01
6.940953448712889e-03	-1.127982e-01
6.950719073712888e-03	-1.113289e-01
6.960484698712889e-03	-1.095335e-01
6.970250323712889e-03	-1.072793e-01
6.980015948712889e-03	-1.042480e-01
6.989781573712888e-03	-9.935565e-02
6.997473526805355e-03	-9.135471e-02
7.003245008077310e-03	-7.986503e-02
7.009268340246819e-03	-6.118143e-02
7.012820577405293e-03	-4.870678e-02
7.015433446724260e-03	-4.237484e-02
7.016576076250952e-03	-4.087661e-02
7.017948649204319e-03	-3.923392e-02
7.019498287718839e-03	-3.740510e-02
7.021079936686400e-03	-3.558829e-02
7.023584531734558e-03	-3.274069e-02
7.026004610080469e-03	-3.006214e-02
7.029420371566127e-03	-2.634867e-02
7.033403244184745e-03	-2.214899e-02
7.038640983382005e-03	-1.678166e-02
7.046123159428139e-03	-9.439195e-03
7.055888784428139e-03	-3.423114e-04
7.065654409428139e-03	8.219174e-03
7.075420034428139e-03	1.630504e-02
7.085185659428139e-03	2.392178e-02
7.094951284428139e-03	3.111791e-02
7.104716909428139e-03	3.789425e-02
7.114482534428139e-03	4.429341e-02
7.124248159428139e-03	5.031333e-02
7.134013784428139e-03	5.599226e-02
7.143779409428139e-03	6.132624e-02
7.153545034428139e-03	6.634989e-02
7.163310659428139e-03	7.105789e-02
7.173076284428139e-03	7.548162e-02
7.182841909428139e-03	7.961473e-02
7.192607534428139e-03	8.348586e-02
7.202373159428139e-03	8.708788e-02
7.212138784428139e-03	9.044693e-02
7.221904409428138e-03	9.355540e-02
7.231670034428139e-03	9.643718e-02
7.241435659428139e-03	9.908432e-02
7.251201284428139e-03	1.015187e-01
7.260966909428138e-03	1.037323e-01
7.270732534428139e-03	1.057452e-01
7.280498159428139e-03	1.075491e-01
7.290263784428139e-03	1.091626e-01
7.300029409428139e-03	1.105775e-01
7.309795034428139e-03	1.118106e-01
7.319560659428139e-03	1.128538e-01
7.329326284428139e-03	1.137224e-01
7.339091909428139e-03	1.144081e-01
7.348857534428139e-03	1.149245e-01
7.358623159428139e-03	1.152630e-01
7.368388784428139e-03	1.154351e-01
7.378154409428139e-03	1.154316e-01
7.387920034428139e-03	1.152610e-01
7.397685659428139e-03	1.149120e-01
7.407451284428139e-03	1.143892e-01
7.417216909428139e-03	1.136760e-01
7.426982534428139e-03	1.127678e-01
7.436748159428139e-03	1.116372e-01
7.446513784428139e-03	1.102577e-01
7.456279409428139e-03	1.085626e-01
7.466045034428138e-03	1.064442e-01
7.475810659428139e-03	1.036316e-01
7.485576284428139e-03	9.930491e-02
7.495341909428139e-03	8.946716e-02
7.502187029884451e-03	7.493237e-02
7.507895946836851e-03	5.621206e-02
7.511255840251727e-03	4.509996e-02
7.514519720529064e-03	3.895847e-02
7.515762167916579e-03	3.772812e-02
7.516850610485828e-03	3.647260e-02
7.518052733279740e-03	3.507018e-02
7.519987141854371e-03	3.287609e-02
7.521977974828082e-03	3.063457e-02
7.525038968097871e-03	2.728155e-02
7.528919341587749e-03	2.312284e-02
7.534203810859891e-03	1.765633e-02
7.542783603566693e-03	9.156304e-03
7.544004306691693e-03	7.992375e-03
7.546445712941692e-03	5.676152e-03
7.547056064504193e-03	5.103488e-03
7.548276767629192e-03	3.962699e-03
7.549693213665975e-03	2.649802e-03
7.550047325175171e-03	2.323685e-03
7.550755548193563e-03	1.672913e-03
7.550932603948160e-03	1.510765e-03
7.551286715457356e-03	1.186833e-03
7.551548731879532e-03	9.467868e-04
7.551592427411109e-03	9.067606e-04
7.551679818474266e-03	8.269018e-04
7.551854600600578e-03	6.676556e-04
7.552204164853202e-03	3.495768e-04
7.552903293358451e-03	-2.844094e-04
7.554301550368949e-03	-1.544460e-03
7.557098064389943e-03	-4.033305e-03
7.562478055056354e-03	-8.705613e-03
7.570652848576582e-03	-1.552385e-02
7.580418473576582e-03	-2.324616e-02
7.590184098576582e-03	-3.053260e-02
7.599949723576581e-03	-3.740687e-02
7.609715348576581e-03	-4.389019e-02
7.619480973576582e-03	-5.000209e-02
7.629246598576582e-03	-5.576041e-02
7.639012223576581e-03	-6.118163e-02
7.648777848576581e-03	-6.628092e-02
7.658543473576582e-03	-7.107236e-02
7.668309098576582e-03	-7.556883e-02
7.678074723576581e-03	-7.978231e-02
7.687840348576581e-03	-8.372391e-02
7.697605973576582e-03	-8.740387e-02
7.707371598576582e-03	-9.083170e-02
7.717137223576582e-03	-9.401615e-02
7.726902848576581e-03	-9.696541e-02
7.736668473576582e-03	-9.968700e-02
7.746434098576582e-03	-1.021880e-01
7.756199723576582e-03	-1.044748e-01
7.765965348576581e-03	-1.065536e-01
7.775730973576582e-03	-1.084299e-01
7.785496598576582e-03	-1.101090e-01
7.805027848576581e-03	-1.128945e-01
7.824559098576581e-03	-1.149441e-01
7.844090348576582e-03	-1.162859e-01
7.853855973576582e-03	-1.166980e-01
7.863621598576582e-03	-1.169403e-01
7.873387223576582e-03	-1.170136e-01
7.883152848576581e-03	-1.169180e-01
7.892918473576581e-03	-1.166523e-01
7.902684098576581e-03	-1.162135e-01
7.912449723576581e-03	-1.155964e-01
7.922215348576582e-03	-1.147917e-01
7.931980973576582e-03	-1.137853e-01
7.941746598576582e-03	-1.125536e-01
7.951512223576582e-03	-1.110569e-01
7.961277848576582e-03	-1.092241e-01
7.971043473576581e-03	-1.069111e-01
7.980809098576581e-03	-1.037630e-01
7.990574723576581e-03	-9.849975e-02
7.997734132296775e-03	-9.053186e-02
8.003440407410694e-03	-7.867683e-02
8.009190228419224e-03	-6.052796e-02
8.012705405817276e-03	-4.825931e-02
8.015629311679043e-03	-4.158575e-02
8.016791345528823e-03	-4.022688e-02
8.018184912782247e-03	-3.860518e-02
8.019601946786473e-03	-3.693929e-02
8.021655372439093e-03	-3.459025e-02
8.023676088902120e-03	-3.230203e-02
8.026481160796854e-03	-2.921018e-02
8.029668507573202e-03	-2.575964e-02
8.033601535619665e-03	-2.162676e-02
8.038973288319250e-03	-1.614021e-02
8.046322790564279e-03	-8.952077e-03
8.056088415564279e-03	1.209220e-04
8.065854040564278e-03	8.659062e-03
8.075619665564278e-03	1.672455e-02
8.085385290564278e-03	2.432088e-02
8.095150915564278e-03	3.149920e-02
8.104916540564278e-03	3.825746e-02
8.114682165564277e-03	4.464092e-02
8.124447790564277e-03	5.064473e-02
8.134213415564279e-03	5.630977e-02
8.143979040564278e-03	6.162935e-02
8.153744665564278e-03	6.664066e-02
8.163510290564278e-03	7.133576e-02
8.173275915564278e-03	7.574850e-02
8.183041540564278e-03	7.986999e-02
8.192807165564277e-03	8.373130e-02
8.202572790564277e-03	8.732284e-02
8.212338415564279e-03	9.067311e-02
8.222104040564279e-03	9.377208e-02
8.231869665564278e-03	9.664596e-02
8.241635290564278e-03	9.928449e-02
8.251400915564278e-03	1.017118e-01
8.261166540564278e-03	1.039175e-01
8.270932165564278e-03	1.059240e-01
8.280697790564277e-03	1.077208e-01
8.290463415564279e-03	1.093284e-01
8.300229040564279e-03	1.107368e-01
8.309994665564278e-03	1.119646e-01
8.319760290564278e-03	1.130018e-01
8.329525915564278e-03	1.138656e-01
8.339291540564278e-03	1.145458e-01
8.349057165564278e-03	1.150579e-01
8.358822790564277e-03	1.153914e-01
8.368588415564277e-03	1.155596e-01
8.378354040564279e-03	1.155515e-01
8.388119665564278e-03	1.153774e-01
8.397885290564278e-03	1.150243e-01
8.407650915564278e-03	1.144983e-01
8.417416540564278e-03	1.137814e-01
8.427182165564278e-03	1.128705e-01
8.436947790564277e-03	1.117365e-01
8.446713415564277e-03	1.103547e-01
8.456479040564279e-03	1.086569e-01
8.466244665564279e-03	1.065368e-01
8.476010290564278e-03	1.037226e-01
8.485775915564278e-03	9.939766e-02
8.495541540564278e-03	8.957195e-02
8.502366281092886e-03	7.511104e-02
8.508728991809997e-03	5.415244e-02
8.512098563915054e-03	4.366998e-02
8.514910758539787e-03	3.889428e-02
8.516412937946494e-03	3.730746e-02
8.517614083830774e-03	3.591459e-02
8.518932975854852e-03	3.439308e-02
8.520916480081183e-03	3.214837e-02
8.524883488533846e-03	2.775867e-02
8.531052350129161e-03	2.119805e-02
8.540817975129161e-03	1.135146e-02
8.542038678254161e-03	1.016935e-02
8.544480084504161e-03	7.820963e-03
8.549362897004162e-03	3.230199e-03
8.550107192595720e-03	2.543824e-03
8.551595783778839e-03	1.177594e-03
8.552207304452093e-03	6.174466e-04
8.552304557527729e-03	5.292711e-04
8.552499063678999e-03	3.533757e-04
8.552888075981542e-03	1.168092e-06
8.553475685023130e-03	-5.304214e-04
8.554111123545339e-03	-1.103178e-03
8.555382000589758e-03	-2.242727e-03
8.557887754612912e-03	-4.463457e-03
8.561966098177654e-03	-8.007320e-03
8.569749716583336e-03	-1.453574e-02
8.579515341583336e-03	-2.231049e-02
8.589280966583335e-03	-2.964615e-02
8.599046591583335e-03	-3.656708e-02
8.608812216583335e-03	-4.309433e-02
8.618577841583335e-03	-4.924809e-02
8.628343466583335e-03	-5.504590e-02
8.638109091583336e-03	-6.050488e-02
8.647874716583336e-03	-6.563986e-02
8.657640341583336e-03	-7.046550e-02
8.667405966583335e-03	-7.499442e-02
8.677171591583335e-03	-7.923913e-02
8.686937216583335e-03	-8.321034e-02
8.696702841583335e-03	-8.691891e-02
8.706468466583335e-03	-9.037392e-02
8.716234091583334e-03	-9.358474e-02
8.725999716583336e-03	-9.655908e-02
8.735765341583336e-03	-9.930508e-02
8.745530966583336e-03	-1.018293e-01
8.755296591583335e-03	-1.041389e-01
8.765062216583335e-03	-1.062393e-01
8.774827841583335e-03	-1.081369e-01
8.784593466583335e-03	-1.098363e-01
8.804124716583336e-03	-1.126608e-01
8.823655966583336e-03	-1.147473e-01
8.833421591583335e-03	-1.155230e-01
8.843187216583335e-03	-1.161241e-01
8.852952841583335e-03	-1.165533e-01
8.862718466583335e-03	-1.168121e-01
8.872484091583335e-03	-1.169019e-01
8.882249716583336e-03	-1.168225e-01
8.892015341583336e-03	-1.165731e-01
8.911546591583335e-03	-1.155502e-01
8.921312216583335e-03	-1.147626e-01
8.931077841583335e-03	-1.137747e-01
8.940843466583335e-03	-1.125633e-01
8.950609091583335e-03	-1.110907e-01
8.960374716583334e-03	-1.092884e-01
8.970140341583336e-03	-1.070208e-01
8.979905966583336e-03	-1.039584e-01
8.989671591583336e-03	-9.896334e-02
8.997188573555869e-03	-9.098902e-02
9.002932912694375e-03	-7.941388e-02
9.008874134244404e-03	-6.090016e-02
9.012416202796414e-03	-4.847652e-02
9.015037246818810e-03	-4.216758e-02
9.016174141793284e-03	-4.069069e-02
9.017545365111221e-03	-3.905323e-02
9.019217390390129e-03	-3.708322e-02
9.020804440964208e-03	-3.526313e-02
9.023421441072311e-03	-3.229408e-02
9.025918173990191e-03	-2.953810e-02
9.029414390977609e-03	-2.574897e-02
9.033591238755122e-03	-2.136161e-02
9.039084367719183e-03	-1.576163e-02
9.047034187198858e-03	-8.015933e-03
9.056799812198858e-03	1.005147e-03
9.066565437198857e-03	9.496384e-03
9.076331062198857e-03	1.751693e-02
9.086096687198857e-03	2.507216e-02
9.095862312198858e-03	3.221062e-02
9.105627937198858e-03	3.893233e-02
9.115393562198858e-03	4.528012e-02
9.125159187198858e-03	5.125120e-02
9.134924812198858e-03	5.688411e-02
9.144690437198857e-03	6.217421e-02
9.154456062198857e-03	6.715644e-02
9.164221687198857e-03	7.182484e-02
9.173987312198857e-03	7.621112e-02
9.183752937198858e-03	8.030832e-02
9.193518562198858e-03	8.414544e-02
9.203284187198858e-03	8.771476e-02
9.213049812198858e-03	9.104279e-02
9.222815437198858e-03	9.412134e-02
9.232581062198857e-03	9.697469e-02
9.242346687198857e-03	9.959433e-02
9.252112312198857e-03	1.020026e-01
9.261877937198858e-03	1.041908e-01
9.271643562198858e-03	1.061795e-01
9.281409187198858e-03	1.079599e-01
9.291174812198858e-03	1.095509e-01
9.300940437198858e-03	1.109439e-01
9.310706062198857e-03	1.121561e-01
9.320471687198857e-03	1.131789e-01
9.330237312198857e-03	1.140279e-01
9.340002937198858e-03	1.146944e-01
9.349768562198858e-03	1.151924e-01
9.359534187198858e-03	1.155128e-01
9.369299812198858e-03	1.156674e-01
9.379065437198858e-03	1.156466e-01
9.388831062198857e-03	1.154592e-01
9.398596687198857e-03	1.150934e-01
9.408362312198857e-03	1.145539e-01
9.418127937198857e-03	1.138238e-01
9.427893562198858e-03	1.128983e-01
9.437659187198858e-03	1.117490e-01
9.447424812198858e-03	1.103491e-01
9.457190437198858e-03	1.086294e-01
9.466956062198858e-03	1.064778e-01
9.476721687198857e-03	1.036092e-01
9.486487312198857e-03	9.914044e-02
9.495017599548577e-03	9.090436e-02
9.501619021517487e-03	7.784544e-02
9.507596082298881e-03	5.901037e-02
9.511129347900158e-03	4.680980e-02
9.513825537280625e-03	4.072148e-02
9.514906318790524e-03	3.942481e-02
9.516274917163474e-03	3.782049e-02
9.517572815044327e-03	3.629197e-02
9.520070926983227e-03	3.343364e-02
9.522518121131821e-03	3.067704e-02
9.526381683521028e-03	2.645802e-02
9.531482244658376e-03	2.105032e-02
9.538970408496642e-03	1.346363e-02
9.548736033496642e-03	4.080608e-03
9.549956736621640e-03	2.955725e-03
9.550261912402892e-03	2.674213e-03
9.550872263965391e-03	2.112121e-03
9.551719721158605e-03	1.335365e-03
9.552397909357472e-03	7.159270e-04
9.552498968969448e-03	6.237905e-04
9.552701088193399e-03	4.397822e-04
9.553105326641300e-03	7.283779e-05
9.553913803537104e-03	-6.582882e-04
9.555268173415028e-03	-1.875187e-03
9.557976913170873e-03	-4.279738e-03
9.563394392682566e-03	-8.973230e-03
9.571655510263758e-03	-1.584427e-02
9.581421135263758e-03	-2.354286e-02
9.591186760263758e-03	-3.080662e-02
9.600952385263758e-03	-3.765908e-02
9.610718010263758e-03	-4.412138e-02
9.620483635263759e-03	-5.021298e-02
9.630249260263759e-03	-5.595161e-02
9.640014885263759e-03	-6.135373e-02
9.649780510263758e-03	-6.643443e-02
9.659546135263758e-03	-7.120774e-02
9.669311760263758e-03	-7.568648e-02
9.679077385263758e-03	-7.988263e-02
9.688843010263758e-03	-8.380723e-02
9.698608635263759e-03	-8.747049e-02
9.708374260263759e-03	-9.088188e-02
9.718139885263759e-03	-9.405017e-02
9.727905510263759e-03	-9.698346e-02
9.737671135263758e-03	-9.968930e-02
9.747436760263758e-03	-1.021747e-01
9.757202385263758e-03	-1.044461e-01
9.766968010263758e-03	-1.065096e-01
9.786499260263759e-03	-1.100348e-01
9.806030510263759e-03	-1.127904e-01
9.815796135263758e-03	-1.138904e-01
9.835327385263758e-03	-1.155533e-01
9.854858635263758e-03	-1.165192e-01
9.864624260263759e-03	-1.167462e-01
9.874389885263759e-03	-1.168038e-01
9.884155510263759e-03	-1.166922e-01
9.903686760263758e-03	-1.159534e-01
9.913452385263758e-03	-1.153174e-01
9.923218010263758e-03	-1.144918e-01
9.932983635263758e-03	-1.134616e-01
9.942749260263759e-03	-1.122016e-01
9.952514885263759e-03	-1.106688e-01
9.962280510263759e-03	-1.087855e-01
9.972046135263759e-03	-1.063909e-01
9.981811760263758e-03	-1.030731e-01
9.991577385263758e-03	-9.723842e-02
9.998855619097736e-03	-8.784703e-02
1.000000000000000e-02	-8.567076e-02
