time	V(n012)
0.000000000000000e+00	4.500007e-14
1.428571445265854e-08	-2.883781e-09
2.857142890531708e-08	-2.458799e-09
4.285714335797562e-08	1.274991e-09
5.714285781063416e-08	8.317589e-09
7.142857226329269e-08	1.866899e-08
8.571428671595124e-08	3.232921e-08
1.000000011686097e-07	4.929823e-08
1.784554688780060e-07	9.519521e-07
2.654845564885080e-07	4.991853e-06
3.810708408034103e-07	1.729258e-05
5.524585050246181e-07	4.493305e-05
7.280971579314290e-07	7.862041e-05
1.056940190544827e-06	1.512513e-04
1.470494072398724e-06	2.514013e-04
2.166635758049346e-06	4.264991e-04
3.275145361375352e-06	7.130521e-04
5.492164568027362e-06	1.303446e-03
9.926202981331385e-06	2.554873e-03
1.879427980793943e-05	5.321256e-03
2.855990480793943e-05	8.744582e-03
3.832552980793943e-05	1.252007e-02
4.809115480793943e-05	1.660579e-02
5.785677980793943e-05	2.095865e-02
6.762240480793943e-05	2.553839e-02
7.738802980793943e-05	3.030372e-02
8.715365480793944e-05	3.521615e-02
9.691927980793943e-05	4.023626e-02
1.066849048079394e-04	4.532749e-02
1.164505298079394e-04	5.045247e-02
1.262161548079394e-04	5.557679e-02
1.359817798079394e-04	6.066533e-02
1.457474048079394e-04	6.568603e-02
1.555130298079394e-04	7.060630e-02
1.652786548079394e-04	7.539668e-02
1.750442798079394e-04	8.002734e-02
1.848099048079394e-04	8.447167e-02
1.945755298079394e-04	8.870280e-02
2.043411548079394e-04	9.269711e-02
2.141067798079394e-04	9.643085e-02
2.238724048079394e-04	9.988353e-02
2.336380298079394e-04	1.030346e-01
2.434036548079394e-04	1.058666e-01
2.531692798079394e-04	1.083624e-01
2.629349048079394e-04	1.105077e-01
2.727005298079395e-04	1.122886e-01
2.824661548079395e-04	1.136941e-01
2.922317798079394e-04	1.147135e-01
3.019974048079394e-04	1.153394e-01
3.117630298079394e-04	1.155644e-01
3.215286548079394e-04	1.153846e-01
3.312942798079394e-04	1.147962e-01
3.410599048079395e-04	1.137988e-01
3.508255298079394e-04	1.123922e-01
3.605911548079394e-04	1.105795e-01
3.703567798079394e-04	1.083641e-01
3.898880298079394e-04	1.027520e-01
4.094192798079394e-04	9.562281e-02
4.289505298079394e-04	8.706933e-02
4.387161548079394e-04	8.229414e-02
4.484817798079394e-04	7.720794e-02
4.680130298079395e-04	6.617663e-02
4.777786548079394e-04	6.027083e-02
4.875442798079394e-04	5.413254e-02
5.070755298079394e-04	4.124940e-02
5.266067798079395e-04	2.771478e-02
5.363724048079395e-04	2.076497e-02
5.461380298079395e-04	1.372714e-02
5.559036548079395e-04	6.627860e-03
5.571243579329395e-04	5.736629e-03
5.574295337141894e-04	5.513825e-03
5.580398852766894e-04	5.068219e-03
5.592605884016895e-04	4.176768e-03
5.599059419716071e-04	3.704053e-03
5.606485868730195e-04	3.162308e-03
5.613436553462466e-04	2.654769e-03
5.620643650982810e-04	2.127446e-03
5.631959860755840e-04	1.300203e-03
5.650849893035845e-04	-8.193338e-05
5.683612335109746e-04	-2.478888e-03
5.736067920445335e-04	-6.317254e-03
5.833584008790805e-04	-1.343801e-02
5.931240258790806e-04	-2.053047e-02
6.028896508790806e-04	-2.755660e-02
6.126552758790806e-04	-3.449142e-02
6.224209008790806e-04	-4.130773e-02
6.321865258790806e-04	-4.798128e-02
6.419521508790806e-04	-5.448592e-02
6.517177758790806e-04	-6.079858e-02
6.614834008790806e-04	-6.689462e-02
6.712490258790806e-04	-7.275259e-02
6.810146508790806e-04	-7.834972e-02
6.907802758790806e-04	-8.366657e-02
7.005459008790807e-04	-8.868259e-02
7.103115258790806e-04	-9.338059e-02
7.200771508790806e-04	-9.774242e-02
7.298427758790806e-04	-1.017533e-01
7.396084008790806e-04	-1.053978e-01
7.493740258790806e-04	-1.086635e-01
7.591396508790806e-04	-1.115375e-01
7.689052758790806e-04	-1.140103e-01
7.786709008790806e-04	-1.160716e-01
7.884365258790806e-04	-1.177146e-01
7.982021508790806e-04	-1.189321e-01
8.079677758790806e-04	-1.197202e-01
8.177334008790806e-04	-1.200747e-01
8.274990258790807e-04	-1.199948e-01
8.372646508790806e-04	-1.194797e-01
8.470302758790806e-04	-1.185318e-01
8.567959008790806e-04	-1.171536e-01
8.665615258790806e-04	-1.153509e-01
8.763271508790806e-04	-1.131294e-01
8.860927758790806e-04	-1.104982e-01
8.958584008790806e-04	-1.074664e-01
9.056240258790806e-04	-1.040461e-01
9.153896508790806e-04	-1.002494e-01
9.251552758790806e-04	-9.609132e-02
9.349209008790806e-04	-9.158684e-02
9.446865258790807e-04	-8.675375e-02
9.544521508790807e-04	-8.160946e-02
9.642177758790806e-04	-7.617420e-02
9.739834008790806e-04	-7.046769e-02
9.837490258790807e-04	-6.451225e-02
9.935146508790807e-04	-5.832956e-02
1.003280275879081e-03	-5.194374e-02
1.013045900879081e-03	-4.537810e-02
1.022811525879081e-03	-3.865818e-02
1.032577150879081e-03	-3.180857e-02
1.042342775879081e-03	-2.485589e-02
1.052108400879081e-03	-1.782565e-02
1.061874025879081e-03	-1.074512e-02
1.071639650879081e-03	-3.640358e-03
1.081405275879081e-03	3.461084e-03
1.091170900879081e-03	1.053314e-02
1.100936525879081e-03	1.754819e-02
1.110702150879081e-03	2.448053e-02
1.120467775879081e-03	3.130319e-02
1.130233400879081e-03	3.799109e-02
1.139999025879081e-03	4.451831e-02
1.149764650879081e-03	5.086090e-02
1.159530275879081e-03	5.699441e-02
1.169295900879081e-03	6.289645e-02
1.179061525879081e-03	6.854437e-02
1.188827150879081e-03	7.391777e-02
1.198592775879081e-03	7.899613e-02
1.208358400879081e-03	8.376128e-02
1.218124025879081e-03	8.819512e-02
1.227889650879081e-03	9.228188e-02
1.237655275879081e-03	9.600604e-02
1.247420900879081e-03	9.935441e-02
1.257186525879081e-03	1.023141e-01
1.266952150879081e-03	1.048747e-01
1.276717775879081e-03	1.070261e-01
1.286483400879081e-03	1.087606e-01
1.296249025879081e-03	1.100712e-01
1.306014650879081e-03	1.109532e-01
1.315780275879081e-03	1.114026e-01
1.325545900879081e-03	1.114180e-01
1.335311525879081e-03	1.109984e-01
1.345077150879081e-03	1.101458e-01
1.354842775879081e-03	1.088627e-01
1.364608400879081e-03	1.071543e-01
1.374374025879081e-03	1.050262e-01
1.384139650879081e-03	1.024870e-01
1.393905275879081e-03	9.954576e-02
1.403670900879081e-03	9.621387e-02
1.413436525879081e-03	9.250351e-02
1.423202150879081e-03	8.842910e-02
1.432967775879081e-03	8.400563e-02
1.442733400879081e-03	7.925020e-02
1.452499025879081e-03	7.418041e-02
1.462264650879081e-03	6.881579e-02
1.472030275879081e-03	6.317625e-02
1.481795900879081e-03	5.728346e-02
1.491561525879081e-03	5.115935e-02
1.501327150879081e-03	4.482739e-02
1.511092775879081e-03	3.831120e-02
1.520858400879081e-03	3.163572e-02
1.530624025879081e-03	2.482587e-02
1.540389650879081e-03	1.790774e-02
1.550155275879081e-03	1.090721e-02
1.553817385254081e-03	8.264901e-03
1.558700197754081e-03	4.733495e-03
1.559374705380346e-03	4.244766e-03
1.560723720632877e-03	3.267203e-03
1.561401291952381e-03	2.775131e-03
1.561514565747081e-03	2.693079e-03
1.561741113336481e-03	2.529067e-03
1.562194208515281e-03	2.200694e-03
1.563100398872881e-03	1.543447e-03
1.564257226335841e-03	7.041413e-04
1.566570881261760e-03	-9.753106e-04
1.571198191113597e-03	-4.335361e-03
1.580452810817272e-03	-1.105033e-02
1.590218435817272e-03	-1.810870e-02
1.599984060817272e-03	-2.511284e-02
1.609749685817272e-03	-3.203612e-02
1.619515310817272e-03	-3.885233e-02
1.629280935817272e-03	-4.553555e-02
1.639046560817272e-03	-5.206054e-02
1.648812185817272e-03	-5.840257e-02
1.658577810817272e-03	-6.453782e-02
1.678109060817272e-03	-7.609662e-02
1.697640310817272e-03	-8.656462e-02
1.707405935817272e-03	-9.134045e-02
1.717171560817272e-03	-9.578712e-02
1.726937185817272e-03	-9.988820e-02
1.736702810817272e-03	-1.036288e-01
1.746468435817272e-03	-1.069950e-01
1.756234060817272e-03	-1.099745e-01
1.765999685817272e-03	-1.125562e-01
1.775765310817272e-03	-1.147304e-01
1.785530935817272e-03	-1.164889e-01
1.805062185817272e-03	-1.187326e-01
1.824593435817272e-03	-1.192513e-01
1.844124685817272e-03	-1.180339e-01
1.863655935817272e-03	-1.150960e-01
1.873421560817272e-03	-1.129941e-01
1.883187185817272e-03	-1.104798e-01
1.892952810817272e-03	-1.075626e-01
1.912484060817272e-03	-1.005644e-01
1.932015310817272e-03	-9.210451e-02
1.951546560817272e-03	-8.231012e-02
1.961312185817272e-03	-7.695784e-02
1.980843435817272e-03	-6.544404e-02
2.000374685817272e-03	-5.299740e-02
2.019905935817272e-03	-3.980546e-02
2.039437185817272e-03	-2.606702e-02
2.049202810817272e-03	-1.905740e-02
2.058968435817272e-03	-1.198927e-02
2.068734060817272e-03	-4.889477e-03
2.078499685817272e-03	2.215294e-03
2.088265310817272e-03	9.298137e-03
2.098030935817272e-03	1.633223e-02
2.107796560817272e-03	2.329097e-02
2.117562185817272e-03	3.014807e-02
2.127327810817272e-03	3.687756e-02
2.137093435817272e-03	4.345410e-02
2.146859060817272e-03	4.985280e-02
2.156624685817272e-03	5.604970e-02
2.166390310817272e-03	6.202145e-02
2.176155935817272e-03	6.774582e-02
2.185921560817272e-03	7.320140e-02
2.195687185817272e-03	7.836805e-02
2.205452810817272e-03	8.322656e-02
2.215218435817272e-03	8.775917e-02
2.224984060817272e-03	9.194907e-02
2.234749685817272e-03	9.578104e-02
2.244515310817272e-03	9.924084e-02
2.254280935817272e-03	1.023159e-01
2.264046560817272e-03	1.049946e-01
2.273812185817272e-03	1.072672e-01
2.293343435817272e-03	1.105609e-01
2.312874685817272e-03	1.121463e-01
2.322640310817272e-03	1.122894e-01
2.332405935817272e-03	1.119979e-01
2.342171560817272e-03	1.112724e-01
2.361702810817272e-03	1.085317e-01
2.381234060817272e-03	1.041072e-01
2.400765310817272e-03	9.806465e-02
2.420296560817272e-03	9.049493e-02
2.439827810817272e-03	8.151216e-02
2.449593435817272e-03	7.653249e-02
2.469124685817272e-03	6.569052e-02
2.488655935817272e-03	5.381001e-02
2.508187185817272e-03	4.107034e-02
2.527718435817272e-03	2.766390e-02
2.537484060817272e-03	2.077360e-02
2.547249685817272e-03	1.379324e-02
2.557015310817272e-03	6.749178e-03
2.558236013942272e-03	5.864773e-03
2.560677420192272e-03	4.095449e-03
2.561287771754772e-03	3.652829e-03
2.562508474879772e-03	2.767448e-03
2.562680485802904e-03	2.642665e-03
2.563024507649168e-03	2.393091e-03
2.563485454899719e-03	2.058432e-03
2.563564054683655e-03	2.001258e-03
2.563721254251527e-03	1.886942e-03
2.564035653387271e-03	1.658698e-03
2.564664451658758e-03	1.202394e-03
2.565391404044723e-03	6.747008e-04
2.566845308816652e-03	-3.808780e-04
2.569753118360510e-03	-2.492940e-03
2.575387966596453e-03	-6.585288e-03
2.584080588482013e-03	-1.288710e-02
2.593846213482014e-03	-1.993015e-02
2.603611838482013e-03	-2.690912e-02
2.613377463482014e-03	-3.379743e-02
2.623143088482013e-03	-4.056907e-02
2.642674338482013e-03	-5.366001e-02
2.652439963482013e-03	-5.992985e-02
2.662205588482014e-03	-6.598430e-02
2.671971213482013e-03	-7.180052e-02
2.681736838482014e-03	-7.735696e-02
2.691502463482013e-03	-8.263282e-02
2.701268088482014e-03	-8.760873e-02
2.711033713482013e-03	-9.226622e-02
2.720799338482014e-03	-9.658833e-02
2.730564963482013e-03	-1.005591e-01
2.740330588482014e-03	-1.041640e-01
2.750096213482013e-03	-1.073897e-01
2.759861838482014e-03	-1.102245e-01
2.769627463482013e-03	-1.126576e-01
2.779393088482014e-03	-1.146799e-01
2.789158713482013e-03	-1.162836e-01
2.808689963482013e-03	-1.182120e-01
2.828221213482013e-03	-1.184111e-01
2.847752463482013e-03	-1.168749e-01
2.857518088482014e-03	-1.154615e-01
2.867283713482013e-03	-1.136240e-01
2.877049338482014e-03	-1.113693e-01
2.886814963482013e-03	-1.087055e-01
2.896580588482014e-03	-1.056426e-01
2.916111838482013e-03	-9.836706e-02
2.935643088482013e-03	-8.965178e-02
2.955174338482013e-03	-7.962801e-02
2.974705588482013e-03	-6.844678e-02
2.994236838482013e-03	-5.627657e-02
3.004002463482014e-03	-4.987738e-02
3.023533713482014e-03	-3.657152e-02
3.043064963482014e-03	-2.275714e-02
3.052830588482013e-03	-1.572418e-02
3.062596213482014e-03	-8.642648e-03
3.072361838482013e-03	-1.539405e-03
3.082127463482014e-03	5.558882e-03
3.091893088482013e-03	1.262516e-02
3.101658713482014e-03	1.963282e-02
3.111424338482013e-03	2.655526e-02
3.121189963482014e-03	3.336638e-02
3.130955588482013e-03	4.004035e-02
3.140721213482014e-03	4.655205e-02
3.150486838482014e-03	5.287688e-02
3.160252463482013e-03	5.899112e-02
3.170018088482014e-03	6.487181e-02
3.179783713482013e-03	7.049704e-02
3.189549338482014e-03	7.584585e-02
3.199314963482013e-03	8.089848e-02
3.209080588482014e-03	8.563621e-02
3.218846213482013e-03	9.004169e-02
3.228611838482014e-03	9.409866e-02
3.238377463482013e-03	9.779231e-02
3.248143088482014e-03	1.011090e-01
3.257908713482013e-03	1.040365e-01
3.267674338482014e-03	1.065639e-01
3.277439963482013e-03	1.086818e-01
3.296971213482013e-03	1.116584e-01
3.316502463482013e-03	1.129203e-01
3.326268088482014e-03	1.129007e-01
3.336033713482013e-03	1.124465e-01
3.345799338482014e-03	1.115592e-01
3.365330588482014e-03	1.084994e-01
3.384861838482014e-03	1.037661e-01
3.404393088482013e-03	9.742980e-02
3.423924338482013e-03	8.958579e-02
3.443455588482013e-03	8.035231e-02
3.453221213482014e-03	7.525732e-02
3.462986838482013e-03	6.986875e-02
3.482518088482013e-03	5.829336e-02
3.492283713482014e-03	5.215028e-02
3.511814963482014e-03	3.926923e-02
3.531346213482014e-03	2.575833e-02
3.541111838482013e-03	1.883017e-02
3.550877463482014e-03	1.182169e-02
3.560643088482013e-03	4.759423e-03
3.561863791607014e-03	3.873507e-03
3.564305197857014e-03	2.101580e-03
3.565526188396113e-03	1.214636e-03
3.565747664049577e-03	1.053790e-03
3.566190615356505e-03	7.321270e-04
3.567076517970360e-03	8.874578e-05
3.568848323198072e-03	-1.198309e-03
3.572391933653493e-03	-3.772860e-03
3.578864603060567e-03	-8.472386e-03
3.588630228060567e-03	-1.554019e-02
3.598395853060567e-03	-2.255818e-02
3.608161478060567e-03	-2.949963e-02
3.617927103060567e-03	-3.633832e-02
3.627692728060567e-03	-4.304824e-02
3.637458353060567e-03	-4.960406e-02
3.647223978060567e-03	-5.598094e-02
3.656989603060567e-03	-6.215491e-02
3.666755228060567e-03	-6.810272e-02
3.676520853060567e-03	-7.380218e-02
3.686286478060567e-03	-7.923202e-02
3.705817728060567e-03	-8.920351e-02
3.715583353060567e-03	-9.370842e-02
3.725348978060567e-03	-9.787030e-02
3.735114603060567e-03	-1.016739e-01
3.744880228060567e-03	-1.051053e-01
3.754645853060567e-03	-1.081517e-01
3.764411478060567e-03	-1.108020e-01
3.774177103060567e-03	-1.130461e-01
3.783942728060567e-03	-1.148756e-01
3.803473978060567e-03	-1.172640e-01
3.813239603060567e-03	-1.178133e-01
3.823005228060567e-03	-1.179289e-01
3.832770853060567e-03	-1.176100e-01
3.842536478060567e-03	-1.168575e-01
3.852302103060567e-03	-1.156738e-01
3.862067728060567e-03	-1.140632e-01
3.871833353060567e-03	-1.120315e-01
3.881598978060567e-03	-1.095861e-01
3.891364603060567e-03	-1.067362e-01
3.910895853060567e-03	-9.986674e-02
3.930427103060567e-03	-9.152623e-02
3.949958353060567e-03	-8.184016e-02
3.959723978060567e-03	-7.653744e-02
3.969489603060567e-03	-7.095453e-02
3.989020853060567e-03	-5.903338e-02
3.998786478060568e-03	-5.274009e-02
4.008552103060567e-03	-4.625639e-02
4.028083353060567e-03	-3.281618e-02
4.047614603060567e-03	-1.891543e-02
4.057380228060567e-03	-1.185772e-02
4.067145853060567e-03	-4.763954e-03
4.076911478060568e-03	2.339097e-03
4.086677103060567e-03	9.424592e-03
4.096442728060567e-03	1.646561e-02
4.106208353060567e-03	2.343560e-02
4.115973978060567e-03	3.030812e-02
4.125739603060567e-03	3.705722e-02
4.135505228060567e-03	4.365737e-02
4.145270853060567e-03	5.008368e-02
4.155036478060567e-03	5.631196e-02
4.164802103060567e-03	6.231880e-02
4.174567728060567e-03	6.808177e-02
4.184333353060567e-03	7.357936e-02
4.194098978060567e-03	7.879117e-02
4.203864603060567e-03	8.369794e-02
4.213630228060567e-03	8.828159e-02
4.223395853060567e-03	9.252526e-02
4.233161478060567e-03	9.641339e-02
4.242927103060568e-03	9.993166e-02
4.252692728060567e-03	1.030672e-01
4.262458353060567e-03	1.058083e-01
4.272223978060567e-03	1.081448e-01
4.281989603060568e-03	1.100679e-01
4.301520853060567e-03	1.126461e-01
4.311286478060567e-03	1.132911e-01
4.321052103060568e-03	1.135025e-01
4.330817728060567e-03	1.132793e-01
4.340583353060567e-03	1.126220e-01
4.360114603060567e-03	1.100158e-01
4.379645853060567e-03	1.057216e-01
4.399177103060567e-03	9.980302e-02
4.418708353060567e-03	9.234896e-02
4.438239603060567e-03	8.347170e-02
4.457770853060567e-03	7.330516e-02
4.477302103060567e-03	6.200279e-02
4.496833353060567e-03	4.973520e-02
4.516364603060567e-03	3.668753e-02
4.535895853060567e-03	2.305678e-02
4.545661478060567e-03	1.608684e-02
4.555427103060567e-03	9.048889e-03
4.559089212435567e-03	6.396251e-03
4.563972024935567e-03	2.854201e-03
4.564589632986397e-03	2.405650e-03
4.565824849088057e-03	1.508581e-03
4.566451659745781e-03	1.052452e-03
4.566558127051188e-03	9.751632e-04
4.566771061662001e-03	8.206976e-04
4.567196930883626e-03	5.115038e-04
4.568048669326877e-03	-1.072612e-04
4.569211166586719e-03	-9.518685e-04
4.571536161106404e-03	-2.641397e-03
4.576186150145775e-03	-6.019310e-03
4.585317831123574e-03	-1.263892e-02
4.595083456123574e-03	-1.967786e-02
4.604849081123573e-03	-2.664936e-02
4.614614706123573e-03	-3.352692e-02
4.624380331123574e-03	-4.028456e-02
4.634145956123574e-03	-4.689659e-02
4.643911581123573e-03	-5.333811e-02
4.663442831123574e-03	-6.561305e-02
4.673208456123574e-03	-7.140038e-02
4.692739706123573e-03	-8.216707e-02
4.712270956123574e-03	-9.172530e-02
4.722036581123574e-03	-9.600659e-02
4.731802206123573e-03	-9.993453e-02
4.741567831123574e-03	-1.034949e-01
4.751333456123574e-03	-1.066743e-01
4.761099081123574e-03	-1.094613e-01
4.770864706123573e-03	-1.118453e-01
4.780630331123574e-03	-1.138174e-01
4.800161581123574e-03	-1.164969e-01
4.819692831123574e-03	-1.174576e-01
4.829458456123574e-03	-1.172869e-01
4.848989706123573e-03	-1.156453e-01
4.868520956123574e-03	-1.122910e-01
4.878286581123574e-03	-1.099859e-01
4.888052206123573e-03	-1.072729e-01
4.907583456123574e-03	-1.006656e-01
4.927114706123573e-03	-9.256814e-02
4.946645956123574e-03	-8.310235e-02
4.966177206123574e-03	-7.241091e-02
4.985708456123574e-03	-6.065498e-02
5.005239706123574e-03	-4.801176e-02
5.024770956123574e-03	-3.467190e-02
5.044302206123574e-03	-2.083655e-02
5.054067831123573e-03	-1.379815e-02
5.063833456123574e-03	-6.714551e-03
5.073599081123574e-03	3.873373e-04
5.083364706123574e-03	7.480866e-03
5.093130331123573e-03	1.453891e-02
5.102895956123573e-03	2.153500e-02
5.112661581123574e-03	2.844245e-02
5.122427206123574e-03	3.523529e-02
5.132192831123573e-03	4.188770e-02
5.141958456123573e-03	4.837468e-02
5.151724081123574e-03	5.467167e-02
5.161489706123574e-03	6.075511e-02
5.171255331123573e-03	6.660211e-02
5.181020956123573e-03	7.219096e-02
5.190786581123574e-03	7.750077e-02
5.200552206123574e-03	8.251198e-02
5.210317831123574e-03	8.720603e-02
5.220083456123573e-03	9.156572e-02
5.229849081123574e-03	9.557500e-02
5.239614706123574e-03	9.921920e-02
5.249380331123574e-03	1.024848e-01
5.259145956123573e-03	1.053599e-01
5.268911581123574e-03	1.078337e-01
5.278677206123574e-03	1.098970e-01
5.298208456123573e-03	1.127621e-01
5.307974081123574e-03	1.135527e-01
5.327505331123574e-03	1.138339e-01
5.347036581123573e-03	1.123790e-01
5.366567831123574e-03	1.092080e-01
5.386099081123573e-03	1.043672e-01
5.405630331123574e-03	9.792868e-02
5.425161581123573e-03	8.998923e-02
5.444692831123574e-03	8.066850e-02
5.454458456123574e-03	7.553337e-02
5.473989706123574e-03	6.441038e-02
5.493520956123574e-03	5.229212e-02
5.513052206123574e-03	3.936145e-02
5.532583456123574e-03	2.581358e-02
5.542349081123573e-03	1.887183e-02
5.552114706123574e-03	1.185311e-02
5.561880331123574e-03	4.783947e-03
5.563101034248574e-03	3.897422e-03
5.565542440498574e-03	2.124343e-03
5.565769072594170e-03	1.959745e-03
5.566222336785363e-03	1.630528e-03
5.567128865167748e-03	9.719015e-04
5.567617078107055e-03	6.158803e-04
5.568196310858528e-03	1.957254e-04
5.568780944126234e-03	-2.285250e-04
5.569346040958913e-03	-6.396174e-04
5.570417912725453e-03	-1.418240e-03
5.572000072002872e-03	-2.568530e-03
5.574718451795684e-03	-4.543411e-03
5.578504304964229e-03	-7.292985e-03
5.585844591332091e-03	-1.261165e-02
5.595610216332091e-03	-1.964889e-02
5.605375841332091e-03	-2.661658e-02
5.615141466332092e-03	-3.348963e-02
5.624907091332091e-03	-4.024066e-02
5.644438341332091e-03	-5.327772e-02
5.663969591332091e-03	-6.553106e-02
5.683500841332091e-03	-7.681699e-02
5.703032091332091e-03	-8.696765e-02
5.712797716332091e-03	-9.157002e-02
5.722563341332091e-03	-9.583331e-02
5.732328966332091e-03	-9.974312e-02
5.742094591332091e-03	-1.032839e-01
5.751860216332091e-03	-1.064437e-01
5.761625841332091e-03	-1.092098e-01
5.771391466332091e-03	-1.115730e-01
5.781157091332092e-03	-1.135232e-01
5.790922716332091e-03	-1.150540e-01
5.800688341332091e-03	-1.161584e-01
5.810453966332091e-03	-1.168331e-01
5.820219591332092e-03	-1.170739e-01
5.829985216332091e-03	-1.168809e-01
5.839750841332091e-03	-1.162532e-01
5.849516466332091e-03	-1.151941e-01
5.859282091332092e-03	-1.137061e-01
5.869047716332091e-03	-1.117956e-01
5.878813341332091e-03	-1.094687e-01
5.888578966332091e-03	-1.067350e-01
5.898344591332091e-03	-1.036037e-01
5.917875841332091e-03	-9.619871e-02
5.937407091332091e-03	-8.736508e-02
5.956938341332091e-03	-7.723588e-02
5.976469591332091e-03	-6.596381e-02
5.996000841332091e-03	-5.371882e-02
6.015532091332091e-03	-4.068552e-02
6.035063341332091e-03	-2.706046e-02
6.044828966332091e-03	-2.009020e-02
6.054594591332091e-03	-1.304923e-02
6.064360216332092e-03	-5.964975e-03
6.074125841332091e-03	1.136583e-03
6.083891466332091e-03	8.227864e-03
6.093657091332091e-03	1.528265e-02
6.103422716332092e-03	2.227360e-02
6.113188341332091e-03	2.917491e-02
6.122953966332091e-03	3.595978e-02
6.132719591332091e-03	4.260325e-02
6.142485216332091e-03	4.907953e-02
6.152250841332091e-03	5.536492e-02
6.162016466332091e-03	6.143509e-02
6.171782091332091e-03	6.726801e-02
6.181547716332091e-03	7.284121e-02
6.191313341332091e-03	7.813469e-02
6.201078966332091e-03	8.312815e-02
6.210844591332091e-03	8.780387e-02
6.220610216332091e-03	9.214399e-02
6.230375841332091e-03	9.613322e-02
6.240141466332091e-03	9.975629e-02
6.249907091332091e-03	1.030005e-01
6.259672716332091e-03	1.058532e-01
6.269438341332092e-03	1.083045e-01
6.279203966332091e-03	1.103444e-01
6.288969591332091e-03	1.119659e-01
6.298735216332091e-03	1.131622e-01
6.308500841332092e-03	1.139290e-01
6.318266466332091e-03	1.142626e-01
6.328032091332091e-03	1.141620e-01
6.337797716332091e-03	1.136267e-01
6.347563341332092e-03	1.126591e-01
6.357328966332091e-03	1.112621e-01
6.367094591332091e-03	1.094411e-01
6.376860216332091e-03	1.072024e-01
6.386625841332091e-03	1.045548e-01
6.396391466332091e-03	1.015077e-01
6.406157091332091e-03	9.807312e-02
6.415922716332091e-03	9.426341e-02
6.425688341332091e-03	9.009342e-02
6.435453966332091e-03	8.557846e-02
6.445219591332091e-03	8.073597e-02
6.454985216332091e-03	7.558385e-02
6.464750841332091e-03	7.014193e-02
6.474516466332091e-03	6.443039e-02
6.484282091332091e-03	5.847117e-02
6.494047716332091e-03	5.228640e-02
6.503813341332091e-03	4.589979e-02
6.513578966332092e-03	3.933511e-02
6.523344591332091e-03	3.261749e-02
6.533110216332091e-03	2.577200e-02
6.542875841332091e-03	1.882482e-02
6.552641466332092e-03	1.180191e-02
6.562407091332091e-03	4.730161e-03
6.563627794457091e-03	3.843372e-03
6.566069200707091e-03	2.069884e-03
6.566331041916763e-03	1.879675e-03
6.566854724336108e-03	1.499229e-03
6.567902089174796e-03	7.380699e-04
6.568011753607089e-03	6.581928e-04
6.568231082471673e-03	4.984935e-04
6.568669740200840e-03	1.797081e-04
6.569362168264901e-03	-3.234076e-04
6.570185198895533e-03	-9.215556e-04
6.571831260156797e-03	-2.117826e-03
6.575123382679325e-03	-4.510227e-03
6.581074578857700e-03	-8.830139e-03
6.590840203857700e-03	-1.589179e-02
6.600605828857700e-03	-2.289752e-02
6.610371453857700e-03	-2.982088e-02
6.620137078857700e-03	-3.663550e-02
6.629902703857700e-03	-4.331570e-02
6.639668328857700e-03	-4.983609e-02
6.649433953857700e-03	-5.617219e-02
6.659199578857700e-03	-6.229999e-02
6.668965203857700e-03	-6.819666e-02
6.678730828857700e-03	-7.384000e-02
6.698262078857700e-03	-8.428416e-02
6.708027703857700e-03	-8.904636e-02
6.717793328857700e-03	-9.347810e-02
6.727558953857700e-03	-9.756330e-02
6.737324578857700e-03	-1.012868e-01
6.747090203857700e-03	-1.046351e-01
6.756855828857700e-03	-1.075956e-01
6.766621453857700e-03	-1.101576e-01
6.776387078857700e-03	-1.123112e-01
6.786152703857700e-03	-1.140484e-01
6.795918328857700e-03	-1.153624e-01
6.805683953857700e-03	-1.162481e-01
6.815449578857700e-03	-1.167016e-01
6.825215203857700e-03	-1.167212e-01
6.834980828857700e-03	-1.163063e-01
6.844746453857700e-03	-1.154581e-01
6.854512078857700e-03	-1.141796e-01
6.864277703857700e-03	-1.124753e-01
6.874043328857700e-03	-1.103513e-01
6.883808953857700e-03	-1.078158e-01
6.903340203857700e-03	-1.015487e-01
6.922871453857700e-03	-9.376800e-02
6.942402703857700e-03	-8.459069e-02
6.961933953857700e-03	-7.415511e-02
6.981465203857700e-03	-6.261859e-02
7.000996453857700e-03	-5.015509e-02
7.020527703857700e-03	-3.695254e-02
7.040058953857700e-03	-2.321009e-02
7.049824578857700e-03	-1.620094e-02
7.059590203857700e-03	-9.135151e-03
7.069355828857700e-03	-2.039309e-03
7.079121453857700e-03	5.059701e-03
7.088887078857700e-03	1.213503e-02
7.098652703857700e-03	1.915981e-02
7.108418328857700e-03	2.610755e-02
7.118183953857700e-03	3.295183e-02
7.127949578857700e-03	3.966688e-02
7.137715203857700e-03	4.622719e-02
7.147480828857700e-03	5.260815e-02
7.157246453857700e-03	5.878560e-02
7.167012078857700e-03	6.473649e-02
7.176777703857700e-03	7.043844e-02
7.186543328857700e-03	7.587037e-02
7.196308953857700e-03	8.101198e-02
7.206074578857700e-03	8.584443e-02
7.215840203857700e-03	9.034978e-02
7.225605828857700e-03	9.451162e-02
7.235371453857700e-03	9.831455e-02
7.245137078857700e-03	1.017447e-01
7.254902703857700e-03	1.047894e-01
7.264668328857700e-03	1.074373e-01
7.274433953857700e-03	1.096786e-01
7.284199578857700e-03	1.115048e-01
7.293965203857700e-03	1.129088e-01
7.303730828857700e-03	1.138853e-01
7.313496453857700e-03	1.144302e-01
7.323262078857700e-03	1.145413e-01
7.333027703857700e-03	1.142177e-01
7.342793328857700e-03	1.134604e-01
7.352558953857700e-03	1.122721e-01
7.372090203857700e-03	1.086208e-01
7.391621453857700e-03	1.033174e-01
7.411152703857700e-03	9.644136e-02
7.430683953857700e-03	8.809590e-02
7.450215203857700e-03	7.840687e-02
7.469746453857700e-03	6.752045e-02
7.489277703857700e-03	5.560088e-02
7.508808953857700e-03	4.282803e-02
7.528340203857700e-03	2.939464e-02
7.547871453857700e-03	1.550352e-02
7.557637078857700e-03	8.451738e-03
7.564256721168775e-03	3.649366e-03
7.565477424293775e-03	2.762196e-03
7.567562123139640e-03	1.247286e-03
7.568595341138897e-03	4.957794e-04
7.568773233748680e-03	3.665449e-04
7.569129018968246e-03	1.080807e-04
7.569840589407377e-03	-4.090562e-04
7.571263730285642e-03	-1.443446e-03
7.573365936523213e-03	-2.971410e-03
7.577570348998353e-03	-6.025886e-03
7.585979173948635e-03	-1.212101e-02
7.595744798948634e-03	-1.915851e-02
7.605510423948634e-03	-2.612673e-02
7.615276048948634e-03	-3.299934e-02
7.634807298948634e-03	-4.635392e-02
7.644572923948634e-03	-5.278539e-02
7.654338548948634e-03	-5.902044e-02
7.664104173948635e-03	-6.503561e-02
7.673869798948635e-03	-7.080841e-02
7.683635423948634e-03	-7.631727e-02
7.693401048948634e-03	-8.154178e-02
7.712932298948635e-03	-9.106159e-02
7.722697923948634e-03	-9.532188e-02
7.732463548948634e-03	-9.922786e-02
7.742229173948635e-03	-1.027652e-01
7.751994798948635e-03	-1.059208e-01
7.761760423948634e-03	-1.086830e-01
7.771526048948634e-03	-1.110416e-01
7.781291673948634e-03	-1.129875e-01
7.800822923948634e-03	-1.156134e-01
7.820354173948635e-03	-1.165192e-01
7.830119798948635e-03	-1.163209e-01
7.839885423948634e-03	-1.156886e-01
7.849651048948634e-03	-1.146243e-01
7.869182298948634e-03	-1.112163e-01
7.878947923948634e-03	-1.088850e-01
7.888713548948635e-03	-1.061465e-01
7.908244798948635e-03	-9.949049e-02
7.927776048948634e-03	-9.134813e-02
7.947307298948634e-03	-8.184200e-02
7.966838548948635e-03	-7.111543e-02
7.986369798948635e-03	-5.933016e-02
7.996135423948635e-03	-5.309548e-02
8.015666673948634e-03	-4.005963e-02
8.035197923948634e-03	-2.643343e-02
8.044963548948634e-03	-1.946295e-02
8.054729173948635e-03	-1.242252e-02
8.064494798948635e-03	-5.338805e-03
8.074260423948635e-03	1.761472e-03
8.084026048948634e-03	8.851442e-03
8.093791673948634e-03	1.590418e-02
8.103557298948634e-03	2.289306e-02
8.113322923948634e-03	2.979157e-02
8.123088548948634e-03	3.657360e-02
8.132854173948635e-03	4.321353e-02
8.142619798948635e-03	4.968625e-02
8.152385423948635e-03	5.596738e-02
8.162151048948635e-03	6.203330e-02
8.171916673948634e-03	6.786131e-02
8.181682298948634e-03	7.342964e-02
8.191447923948634e-03	7.871762e-02
8.201213548948634e-03	8.370565e-02
8.210979173948635e-03	8.837539e-02
8.220744798948635e-03	9.270962e-02
8.230510423948635e-03	9.669247e-02
8.240276048948635e-03	1.003093e-01
8.250041673948634e-03	1.035468e-01
8.259807298948634e-03	1.063930e-01
8.269572923948634e-03	1.088373e-01
8.279338548948634e-03	1.108706e-01
8.298869798948635e-03	1.136745e-01
8.308635423948635e-03	1.144342e-01
8.318401048948635e-03	1.147609e-01
8.328166673948634e-03	1.146533e-01
8.337932298948634e-03	1.141112e-01
8.357463548948634e-03	1.117328e-01
8.376994798948635e-03	1.076598e-01
8.396526048948635e-03	1.019523e-01
8.416057298948634e-03	9.469572e-02
8.435588548948634e-03	8.599935e-02
8.455119798948635e-03	7.599428e-02
8.474651048948635e-03	6.483144e-02
8.494182298948634e-03	5.267926e-02
8.513713548948634e-03	3.972108e-02
8.533244798948634e-03	2.615245e-02
8.543010423948635e-03	1.920297e-02
8.552776048948635e-03	1.217825e-02
8.562541673948635e-03	5.104919e-03
8.563762377073634e-03	4.217994e-03
8.566203783323635e-03	2.444173e-03
8.566814134886134e-03	2.000615e-03
8.568034838011135e-03	1.113487e-03
8.568753205198069e-03	5.908883e-04
8.568878712204214e-03	4.995964e-04
8.569129726216507e-03	3.170975e-04
8.569631754241093e-03	-4.777969e-05
8.570635810290264e-03	-7.775428e-04
8.572643922388604e-03	-2.237159e-03
8.576660146585287e-03	-5.155588e-03
8.582678441069818e-03	-9.522582e-03
8.592444066069817e-03	-1.657788e-02
8.602209691069817e-03	-2.357299e-02
8.611975316069819e-03	-3.048130e-02
8.621740941069819e-03	-3.727673e-02
8.631506566069818e-03	-4.393348e-02
8.641272191069818e-03	-5.042643e-02
8.651037816069818e-03	-5.673104e-02
8.660803441069818e-03	-6.282363e-02
8.670569066069818e-03	-6.868133e-02
8.680334691069817e-03	-7.428227e-02
8.690100316069819e-03	-7.960565e-02
8.699865941069819e-03	-8.463173e-02
8.709631566069818e-03	-8.934199e-02
8.719397191069818e-03	-9.371911e-02
8.729162816069818e-03	-9.774704e-02
8.738928441069818e-03	-1.014110e-01
8.748694066069818e-03	-1.046975e-01
8.758459691069817e-03	-1.075944e-01
8.768225316069819e-03	-1.100909e-01
8.777990941069819e-03	-1.121777e-01
8.797522191069818e-03	-1.150917e-01
8.817053441069818e-03	-1.162908e-01
8.826819066069818e-03	-1.162398e-01
8.836584691069817e-03	-1.157544e-01
8.856115941069819e-03	-1.134882e-01
8.865881566069819e-03	-1.117153e-01
8.875647191069818e-03	-1.095241e-01
8.885412816069818e-03	-1.069225e-01
8.895178441069818e-03	-1.039204e-01
8.914709691069818e-03	-9.676095e-02
8.934240941069819e-03	-8.815330e-02
8.953772191069818e-03	-7.822715e-02
8.973303441069818e-03	-6.713217e-02
8.992834691069818e-03	-5.503569e-02
9.012365941069819e-03	-4.212011e-02
9.031897191069818e-03	-2.858025e-02
9.041662816069818e-03	-2.163978e-02
9.051428441069818e-03	-1.462043e-02
9.061194066069818e-03	-7.548759e-03
9.070959691069818e-03	-4.515020e-04
9.080725316069817e-03	6.644569e-03
9.090490941069817e-03	1.371245e-02
9.100256566069819e-03	2.072547e-02
9.110022191069819e-03	2.765703e-02
9.119787816069818e-03	3.448090e-02
9.129553441069818e-03	4.117125e-02
9.139319066069818e-03	4.770279e-02
9.149084691069818e-03	5.405091e-02
9.158850316069818e-03	6.019169e-02
9.168615941069817e-03	6.610213e-02
9.178381566069819e-03	7.176012e-02
9.188147191069819e-03	7.714463e-02
9.197912816069818e-03	8.223568e-02
9.207678441069818e-03	8.701451e-02
9.217444066069818e-03	9.146349e-02
9.227209691069818e-03	9.556635e-02
9.236975316069818e-03	9.930798e-02
9.246740941069817e-03	1.026747e-01
9.256506566069819e-03	1.056539e-01
9.266272191069819e-03	1.082348e-01
9.276037816069818e-03	1.104075e-01
9.285803441069818e-03	1.121640e-01
9.305334691069818e-03	1.144023e-01
9.315100316069818e-03	1.148752e-01
9.324865941069817e-03	1.149141e-01
9.334631566069817e-03	1.145184e-01
9.354162816069819e-03	1.124298e-01
9.373694066069818e-03	1.086390e-01
9.393225316069818e-03	1.032017e-01
9.412756566069817e-03	9.619922e-02
9.432287816069819e-03	8.773686e-02
9.451819066069818e-03	7.794218e-02
9.471350316069818e-03	6.696293e-02
9.490881566069817e-03	5.496475e-02
9.510412816069819e-03	4.212863e-02
9.529944066069818e-03	2.864828e-02
9.549475316069818e-03	1.472720e-02
9.559240941069818e-03	7.666945e-03
9.560461644194818e-03	6.780959e-03
9.562903050444818e-03	5.008675e-03
9.565201187634879e-03	3.339506e-03
9.565775721932393e-03	2.921957e-03
9.566924790527422e-03	2.086864e-03
9.567212057676180e-03	1.878088e-03
9.567786591973696e-03	1.460532e-03
9.568935660568725e-03	6.252246e-04
9.569491333428815e-03	2.199700e-04
9.570170008572861e-03	-2.724658e-04
9.570830091494807e-03	-7.517662e-04
9.571447016908419e-03	-1.200697e-03
9.572545406052816e-03	-1.998857e-03
9.574151414362495e-03	-3.166618e-03
9.576927559253852e-03	-5.183379e-03
9.581043429059183e-03	-8.171374e-03
9.588614479100263e-03	-1.365128e-02
9.598380104100263e-03	-2.067380e-02
9.608145729100263e-03	-2.761929e-02
9.617911354100263e-03	-3.446274e-02
9.627676979100263e-03	-4.117692e-02
9.637442604100262e-03	-4.773773e-02
9.647208229100264e-03	-5.411912e-02
9.656973854100264e-03	-6.029832e-02
9.666739479100264e-03	-6.625086e-02
9.676505104100263e-03	-7.195573e-02
9.696036354100263e-03	-8.253609e-02
9.705801979100263e-03	-8.737244e-02
9.715567604100262e-03	-9.188288e-02
9.725333229100262e-03	-9.604967e-02
9.735098854100264e-03	-9.985871e-02
9.744864479100264e-03	-1.032948e-01
9.754630104100263e-03	-1.063465e-01
9.764395729100263e-03	-1.090013e-01
9.774161354100263e-03	-1.112504e-01
9.783926979100263e-03	-1.130842e-01
9.793692604100263e-03	-1.144967e-01
9.803458229100262e-03	-1.154814e-01
9.813223854100264e-03	-1.160352e-01
9.822989479100264e-03	-1.161546e-01
9.832755104100263e-03	-1.158401e-01
9.842520729100263e-03	-1.150913e-01
9.852286354100263e-03	-1.139119e-01
9.862051979100263e-03	-1.123050e-01
9.871817604100263e-03	-1.102775e-01
9.881583229100262e-03	-1.078358e-01
9.891348854100264e-03	-1.049901e-01
9.901114479100264e-03	-1.017499e-01
9.910880104100264e-03	-9.812850e-02
9.920645729100263e-03	-9.413847e-02
9.940176979100263e-03	-8.511601e-02
9.959708229100262e-03	-7.481855e-02
9.979239479100264e-03	-6.340137e-02
9.998770729100263e-03	-5.103665e-02
1.000000000000000e-02	-5.023096e-02
