time	V(n012)
0.000000000000000e+00	4.500007e-14
1.428571445265854e-08	-2.299649e-09
2.857142890531708e-08	-1.962001e-09
4.285714335797562e-08	1.012991e-09
5.714285781063416e-08	6.625325e-09
7.142857226329269e-08	1.487500e-08
8.571428671595124e-08	2.576202e-08
1.000000011686097e-07	3.928638e-08
1.721735917975717e-07	6.353492e-07
2.566847335036398e-07	3.564303e-06
3.522049111252634e-07	1.130907e-05
5.432452663685106e-07	3.797378e-05
7.702210437425757e-07	8.321081e-05
1.093048119610914e-06	1.695056e-04
1.501361596591024e-06	3.072899e-04
2.127473038486700e-06	5.604136e-04
3.046178005648424e-06	9.894063e-04
4.428000847499657e-06	1.700291e-03
6.480276230031517e-06	2.826338e-03
9.977589239938920e-06	4.853882e-03
1.697221525975373e-05	9.251849e-03
2.673784025975373e-05	1.609412e-02
3.650346525975373e-05	2.366372e-02
4.626909025975373e-05	3.183660e-02
5.603471525975373e-05	4.045375e-02
6.580034025975374e-05	4.929468e-02
7.556596525975373e-05	5.809218e-02
8.533159025975373e-05	6.660926e-02
9.509721525975374e-05	7.472655e-02
1.048628402597537e-04	8.242590e-02
1.146284652597537e-04	8.972965e-02
1.243940902597537e-04	9.666229e-02
1.341597152597537e-04	1.032468e-01
1.439253402597537e-04	1.094900e-01
1.536909652597537e-04	1.154043e-01
1.634565902597537e-04	1.209979e-01
1.732222152597537e-04	1.262747e-01
1.829878402597537e-04	1.312407e-01
1.889738041494620e-04	1.341323e-01
1.931101152084583e-04	1.360626e-01
1.960785132820829e-04	1.374140e-01
1.989127932166238e-04	1.386778e-01
2.008094954090526e-04	1.395100e-01
2.020050823157702e-04	1.400290e-01
2.035151841461434e-04	1.406776e-01
2.045170590888397e-04	1.411037e-01
2.058617724458417e-04	1.416709e-01
2.085511991598456e-04	1.427877e-01
2.139300525878535e-04	1.449536e-01
2.236956775878535e-04	1.486537e-01
2.334613025878535e-04	1.520568e-01
2.432269275878535e-04	1.551639e-01
2.529925525878535e-04	1.579762e-01
2.627581775878535e-04	1.604936e-01
2.725238025878535e-04	1.627161e-01
2.822894275878535e-04	1.646417e-01
2.920550525878536e-04	1.662684e-01
3.018206775878535e-04	1.675915e-01
3.115863025878535e-04	1.686055e-01
3.213519275878535e-04	1.693013e-01
3.311175525878535e-04	1.696671e-01
3.408831775878535e-04	1.696860e-01
3.506488025878536e-04	1.693330e-01
3.604144275878535e-04	1.685755e-01
3.701800525878535e-04	1.673665e-01
3.799456775878535e-04	1.656378e-01
3.897113025878535e-04	1.632963e-01
3.994769275878535e-04	1.602144e-01
4.092425525878536e-04	1.562406e-01
4.190081775878536e-04	1.512317e-01
4.287738025878535e-04	1.451202e-01
4.385394275878535e-04	1.379474e-01
4.397601307128536e-04	1.369748e-01
4.422015369628536e-04	1.350005e-01
4.444361877689800e-04	1.331435e-01
4.469846142814791e-04	1.309701e-01
4.471655686891843e-04	1.308133e-01
4.475274775045945e-04	1.304992e-01
4.481012384544230e-04	1.299986e-01
4.487248804299489e-04	1.294505e-01
4.493522655305683e-04	1.288955e-01
4.499672381631492e-04	1.283488e-01
4.514728155307796e-04	1.269973e-01
4.528533271864446e-04	1.257414e-01
4.543208078331996e-04	1.243892e-01
4.572557691267097e-04	1.216325e-01
4.629974103158462e-04	1.160457e-01
4.720330561754969e-04	1.067647e-01
4.817986811754969e-04	9.611303e-02
4.915643061754970e-04	8.487511e-02
5.013299311754970e-04	7.310975e-02
5.110955561754970e-04	6.087779e-02
5.208611811754970e-04	4.824584e-02
5.306268061754970e-04	3.529444e-02
5.403924311754970e-04	2.213457e-02
5.501580561754970e-04	8.934072e-03
5.513787593004970e-04	7.290669e-03
5.516839350817469e-04	6.880126e-03
5.522942866442470e-04	6.059786e-03
5.524468745348720e-04	5.854981e-03
5.527520503161219e-04	5.445552e-03
5.529988802225054e-04	5.114263e-03
5.530454837547079e-04	5.051639e-03
5.531386908191130e-04	4.926446e-03
5.533251049479229e-04	4.676549e-03
5.536979332055428e-04	4.177500e-03
5.542226444341464e-04	3.475861e-03
5.552720668913536e-04	2.075619e-03
5.573709118057680e-04	-7.127218e-04
5.615686016345968e-04	-6.230384e-03
5.684764860722633e-04	-1.509677e-02
5.782421110722632e-04	-2.708701e-02
5.880077360722632e-04	-3.840558e-02
5.977733610722632e-04	-4.908093e-02
6.075389860722633e-04	-5.915847e-02
6.173046110722633e-04	-6.867900e-02
6.270702360722633e-04	-7.767455e-02
6.368358610722633e-04	-8.617067e-02
6.466014860722633e-04	-9.418835e-02
6.563671110722633e-04	-1.017455e-01
6.661327360722633e-04	-1.088583e-01
6.758983610722633e-04	-1.155398e-01
6.856639860722633e-04	-1.218034e-01
6.954296110722633e-04	-1.276608e-01
7.051952360722632e-04	-1.331227e-01
7.149608610722632e-04	-1.381991e-01
7.247264860722632e-04	-1.428988e-01
7.344921110722633e-04	-1.472299e-01
7.442577360722633e-04	-1.512000e-01
7.500270865226585e-04	-1.533782e-01
7.541403097809442e-04	-1.548561e-01
7.581452889470334e-04	-1.562355e-01
7.617553192812641e-04	-1.574287e-01
7.640364960118944e-04	-1.581575e-01
7.642530963227212e-04	-1.582255e-01
7.646862969443748e-04	-1.583608e-01
7.655526981876821e-04	-1.586297e-01
7.663115129995589e-04	-1.588637e-01
7.671335769628768e-04	-1.591145e-01
7.680335280516068e-04	-1.593864e-01
7.690495107983646e-04	-1.596898e-01
7.710814762918801e-04	-1.602856e-01
7.751454072789112e-04	-1.614330e-01
7.832732692529735e-04	-1.635518e-01
7.930388942529735e-04	-1.657886e-01
8.028045192529735e-04	-1.676888e-01
8.125701442529735e-04	-1.692518e-01
8.223357692529735e-04	-1.704742e-01
8.321013942529735e-04	-1.713504e-01
8.418670192529735e-04	-1.718705e-01
8.516326442529734e-04	-1.720197e-01
8.613982692529734e-04	-1.717757e-01
8.711638942529734e-04	-1.711064e-01
8.809295192529734e-04	-1.699648e-01
8.906951442529734e-04	-1.682829e-01
9.004607692529734e-04	-1.659634e-01
9.102263942529735e-04	-1.628738e-01
9.199920192529735e-04	-1.588531e-01
9.253279046744103e-04	-1.562097e-01
9.256691949880933e-04	-1.560284e-01
9.263517756154593e-04	-1.556631e-01
9.277169368701911e-04	-1.549151e-01
9.290137000497104e-04	-1.541827e-01
9.304144152078304e-04	-1.533683e-01
9.318941806118215e-04	-1.524819e-01
9.332419554435510e-04	-1.516513e-01
9.349737175940657e-04	-1.505516e-01
9.365473637405280e-04	-1.495216e-01
9.376074448169460e-04	-1.488114e-01
9.389865633731197e-04	-1.478679e-01
9.406339642140937e-04	-1.467122e-01
9.439287658960419e-04	-1.443095e-01
9.478865697913375e-04	-1.412682e-01
9.558021775819287e-04	-1.347149e-01
9.655678025819286e-04	-1.258491e-01
9.753334275819286e-04	-1.162206e-01
9.850990525819287e-04	-1.059105e-01
9.948646775819288e-04	-9.498759e-02
1.004630302581929e-03	-8.351532e-02
1.014395927581929e-03	-7.155684e-02
1.024161552581929e-03	-5.917779e-02
1.033927177581929e-03	-4.645142e-02
1.043692802581929e-03	-3.346842e-02
1.053458427581929e-03	-2.035558e-02
1.063224052581929e-03	-7.299253e-03
1.072989677581929e-03	5.457182e-03
1.082755302581929e-03	1.768547e-02
1.092520927581929e-03	2.926485e-02
1.102286552581929e-03	4.018577e-02
1.112052177581929e-03	5.048439e-02
1.121817802581929e-03	6.020258e-02
1.131583427581929e-03	6.937528e-02
1.141349052581929e-03	7.803053e-02
1.151114677581929e-03	8.619100e-02
1.160880302581929e-03	9.387574e-02
1.170645927581929e-03	1.011013e-01
1.180411552581929e-03	1.078827e-01
1.190177177581929e-03	1.142325e-01
1.199942802581929e-03	1.201628e-01
1.209708427581929e-03	1.256847e-01
1.219474052581929e-03	1.308084e-01
1.225328372768539e-03	1.336926e-01
1.229516725214961e-03	1.356705e-01
1.232486882621726e-03	1.370304e-01
1.235143457406934e-03	1.382169e-01
1.237083684311217e-03	1.390664e-01
1.238276491812460e-03	1.395818e-01
1.239791113586325e-03	1.402274e-01
1.240757198174330e-03	1.406344e-01
1.242112759288458e-03	1.411995e-01
1.250246125973229e-03	1.444400e-01
1.260011750973229e-03	1.479954e-01
1.269777375973229e-03	1.511892e-01
1.279543000973229e-03	1.540249e-01
1.289308625973229e-03	1.565051e-01
1.299074250973229e-03	1.586301e-01
1.308839875973229e-03	1.603989e-01
1.318605500973229e-03	1.618073e-01
1.328371125973229e-03	1.628480e-01
1.338136750973229e-03	1.635090e-01
1.347902375973228e-03	1.637724e-01
1.357668000973228e-03	1.636114e-01
1.367433625973228e-03	1.629870e-01
1.377199250973228e-03	1.618426e-01
1.386964875973228e-03	1.600976e-01
1.396730500973229e-03	1.576393e-01
1.406496125973229e-03	1.543243e-01
1.416261750973229e-03	1.500000e-01
1.426027375973229e-03	1.445631e-01
1.435793000973229e-03	1.380150e-01
1.437013704098229e-03	1.371155e-01
1.439455110348229e-03	1.352853e-01
1.441700843652576e-03	1.335477e-01
1.444436005709802e-03	1.313648e-01
1.444721490890514e-03	1.311324e-01
1.445292461251937e-03	1.306659e-01
1.445895445110397e-03	1.301697e-01
1.446619395539483e-03	1.295687e-01
1.447285047894648e-03	1.290116e-01
1.447923211531508e-03	1.284745e-01
1.448618979734085e-03	1.278846e-01
1.449540803184936e-03	1.270967e-01
1.451039783152288e-03	1.257992e-01
1.452628805764322e-03	1.244026e-01
1.455806850988389e-03	1.215448e-01
1.462162941436522e-03	1.155828e-01
1.471928566436522e-03	1.058246e-01
1.481694191436522e-03	9.540061e-02
1.491459816436522e-03	8.437350e-02
1.501225441436522e-03	7.280311e-02
1.510991066436522e-03	6.075121e-02
1.520756691436522e-03	4.828444e-02
1.530522316436522e-03	3.548219e-02
1.540287941436522e-03	2.245163e-02
1.550053566436522e-03	9.353251e-03
1.551274269561522e-03	7.720038e-03
1.553715675811522e-03	4.463149e-03
1.553844914371354e-03	4.291316e-03
1.554103391491017e-03	3.947772e-03
1.554508138634028e-03	3.410242e-03
1.554853174535970e-03	2.951965e-03
1.554908953895509e-03	2.877803e-03
1.555020512614586e-03	2.729545e-03
1.555243630052741e-03	2.433604e-03
1.555689864929050e-03	1.842553e-03
1.556267726356345e-03	1.078050e-03
1.557423449210934e-03	-4.471992e-04
1.559734894920113e-03	-3.481987e-03
1.564357786338470e-03	-9.474646e-03
1.572183326042169e-03	-1.933103e-02
1.581948951042169e-03	-3.104647e-02
1.591714576042169e-03	-4.209907e-02
1.601480201042169e-03	-5.252640e-02
1.611245826042169e-03	-6.237249e-02
1.621011451042169e-03	-7.167549e-02
1.630777076042169e-03	-8.046472e-02
1.640542701042169e-03	-8.876415e-02
1.650308326042169e-03	-9.659331e-02
1.660073951042169e-03	-1.039699e-01
1.669839576042169e-03	-1.109075e-01
1.679605201042169e-03	-1.174202e-01
1.689370826042169e-03	-1.235205e-01
1.699136451042170e-03	-1.292193e-01
1.708902076042170e-03	-1.345272e-01
1.718667701042170e-03	-1.394533e-01
1.728433326042170e-03	-1.440065e-01
1.738198951042169e-03	-1.481942e-01
1.747964576042169e-03	-1.520237e-01
1.753679352388232e-03	-1.541005e-01
1.758260317012661e-03	-1.556788e-01
1.762680818414613e-03	-1.571292e-01
1.763057414359391e-03	-1.572493e-01
1.763810606248945e-03	-1.574882e-01
1.765316990028054e-03	-1.579597e-01
1.766650601858740e-03	-1.583692e-01
1.767871672459128e-03	-1.587380e-01
1.768715278595883e-03	-1.589911e-01
1.769745115974293e-03	-1.592949e-01
1.770856698118256e-03	-1.596199e-01
1.772689207368238e-03	-1.601445e-01
1.776354225868203e-03	-1.611593e-01
1.783684262868132e-03	-1.630443e-01
1.793449887868132e-03	-1.652613e-01
1.803215512868132e-03	-1.671404e-01
1.812981137868132e-03	-1.686821e-01
1.822746762868132e-03	-1.698814e-01
1.832512387868132e-03	-1.707334e-01
1.842278012868132e-03	-1.712264e-01
1.852043637868132e-03	-1.713459e-01
1.861809262868132e-03	-1.710674e-01
1.871574887868132e-03	-1.703581e-01
1.881340512868132e-03	-1.691676e-01
1.891106137868132e-03	-1.674256e-01
1.900871762868132e-03	-1.650294e-01
1.910637387868132e-03	-1.618435e-01
1.920403012868132e-03	-1.577048e-01
1.921623715993132e-03	-1.571077e-01
1.924065122243132e-03	-1.558751e-01
1.924471849278851e-03	-1.556614e-01
1.925285303350287e-03	-1.552299e-01
1.926544941921242e-03	-1.545454e-01
1.927960746195314e-03	-1.537523e-01
1.929335812338675e-03	-1.529588e-01
1.930741524110938e-03	-1.521236e-01
1.932304722932547e-03	-1.511666e-01
1.934309892167129e-03	-1.498958e-01
1.935474741527062e-03	-1.491360e-01
1.936809178998308e-03	-1.482458e-01
1.938205305432849e-03	-1.472924e-01
1.940997558301932e-03	-1.453187e-01
1.944633156179129e-03	-1.426196e-01
1.951904351933522e-03	-1.368091e-01
1.961669976933522e-03	-1.282220e-01
1.971435601933522e-03	-1.188407e-01
1.981201226933522e-03	-1.087533e-01
1.990966851933522e-03	-9.803014e-02
2.000732476933522e-03	-8.673610e-02
2.010498101933522e-03	-7.493336e-02
2.020263726933522e-03	-6.268641e-02
2.030029351933522e-03	-5.006500e-02
2.039794976933522e-03	-3.715289e-02
2.049560601933522e-03	-2.406313e-02
2.059326226933522e-03	-1.096232e-02
2.069091851933522e-03	1.918489e-03
2.078857476933522e-03	1.433347e-02
2.088623101933522e-03	2.612204e-02
2.098388726933522e-03	3.724690e-02
2.108154351933522e-03	4.773677e-02
2.117919976933522e-03	5.763434e-02
2.127685601933522e-03	6.697714e-02
2.137451226933522e-03	7.579521e-02
2.147216851933522e-03	8.411275e-02
2.156982476933522e-03	9.194977e-02
2.166748101933522e-03	9.932353e-02
2.176513726933522e-03	1.062497e-01
2.186279351933522e-03	1.127410e-01
2.196044976933522e-03	1.188098e-01
2.205810601933522e-03	1.244685e-01
2.215576226933522e-03	1.297264e-01
2.223531309051397e-03	1.337199e-01
2.228094583582313e-03	1.358947e-01
2.231127899134459e-03	1.372939e-01
2.233561265468826e-03	1.383900e-01
2.235281628902996e-03	1.391513e-01
2.236430194718855e-03	1.396536e-01
2.237862363850899e-03	1.402719e-01
2.238907412395764e-03	1.407179e-01
2.240208340534738e-03	1.412673e-01
2.242810196812686e-03	1.423462e-01
2.248013909368583e-03	1.444255e-01
2.257779534368582e-03	1.480478e-01
2.267545159368583e-03	1.513091e-01
2.277310784368583e-03	1.542132e-01
2.287076409368583e-03	1.567630e-01
2.296842034368583e-03	1.589595e-01
2.306607659368583e-03	1.608021e-01
2.316373284368583e-03	1.622875e-01
2.326138909368583e-03	1.634095e-01
2.335904534368583e-03	1.641577e-01
2.345670159368583e-03	1.645162e-01
2.355435784368583e-03	1.644611e-01
2.365201409368582e-03	1.639579e-01
2.374967034368583e-03	1.629560e-01
2.384732659368582e-03	1.613828e-01
2.394498284368583e-03	1.591362e-01
2.404263909368582e-03	1.560805e-01
2.414029534368583e-03	1.520609e-01
2.423795159368582e-03	1.469498e-01
2.433560784368583e-03	1.407131e-01
2.439492955016435e-03	1.364026e-01
2.440067782860023e-03	1.359639e-01
2.441217438547197e-03	1.350797e-01
2.443242678448961e-03	1.334900e-01
2.445362461536525e-03	1.317832e-01
2.445720653204627e-03	1.314899e-01
2.446437036540830e-03	1.309009e-01
2.447083940657130e-03	1.303647e-01
2.447735233047116e-03	1.298204e-01
2.448314487075614e-03	1.293323e-01
2.448928577845395e-03	1.288122e-01
2.449590382080914e-03	1.282480e-01
2.450310942262263e-03	1.276295e-01
2.451415092359905e-03	1.266730e-01
2.452779232097344e-03	1.254765e-01
2.454894482854620e-03	1.235896e-01
2.459124984369172e-03	1.197041e-01
2.465595646303143e-03	1.134866e-01
2.475361271303143e-03	1.035182e-01
2.485126896303143e-03	9.290336e-02
2.494892521303143e-03	8.170400e-02
2.504658146303143e-03	6.998035e-02
2.514423771303143e-03	5.779523e-02
2.524189396303143e-03	4.521808e-02
2.533955021303143e-03	3.233384e-02
2.543720646303143e-03	1.926144e-02
2.553486271303143e-03	6.179694e-03
2.554706974428143e-03	4.554010e-03
2.554958070007272e-03	4.219835e-03
2.555460261165529e-03	3.552042e-03
2.556464643482044e-03	2.219776e-03
2.556581815619630e-03	2.064658e-03
2.556816159894802e-03	1.754528e-03
2.557071741070851e-03	1.416295e-03
2.557307165015747e-03	1.103723e-03
2.557554594175660e-03	7.769430e-04
2.557829140101547e-03	4.155914e-04
2.558158407557877e-03	-1.910967e-05
2.558816942470537e-03	-8.857606e-04
2.559536996689287e-03	-1.832157e-03
2.560949715953758e-03	-3.681552e-03
2.562796073205511e-03	-6.085017e-03
2.565865084530580e-03	-1.003967e-02
2.571051654512138e-03	-1.659516e-02
2.580817279512138e-03	-2.844131e-02
2.590582904512138e-03	-3.962269e-02
2.600348529512138e-03	-5.016908e-02
2.610114154512139e-03	-6.012559e-02
2.619879779512138e-03	-6.953111e-02
2.629645404512138e-03	-7.841711e-02
2.639411029512138e-03	-8.680784e-02
2.649176654512138e-03	-9.472416e-02
2.658942279512138e-03	-1.021830e-01
2.668707904512138e-03	-1.092006e-01
2.678473529512138e-03	-1.157893e-01
2.688239154512138e-03	-1.219625e-01
2.698004779512138e-03	-1.277312e-01
2.707770404512138e-03	-1.331063e-01
2.717536029512138e-03	-1.380969e-01
2.727301654512138e-03	-1.427123e-01
2.737067279512138e-03	-1.469597e-01
2.746832904512138e-03	-1.508468e-01
2.756598529512138e-03	-1.543792e-01
2.763683801476188e-03	-1.567228e-01
2.763982510141712e-03	-1.568174e-01
2.764579927472760e-03	-1.570060e-01
2.765774762134856e-03	-1.573791e-01
2.767581610166205e-03	-1.579332e-01
2.767819861915322e-03	-1.580051e-01
2.768296365413557e-03	-1.581484e-01
2.769249372410026e-03	-1.584324e-01
2.770017028877793e-03	-1.586594e-01
2.770889746319073e-03	-1.589147e-01
2.771768362241257e-03	-1.591689e-01
2.772798380699366e-03	-1.594635e-01
2.774858417615583e-03	-1.600412e-01
2.778978491448016e-03	-1.611512e-01
2.787218639112883e-03	-1.631896e-01
2.796984264112883e-03	-1.652934e-01
2.806749889112883e-03	-1.670582e-01
2.816515514112883e-03	-1.684825e-01
2.826281139112883e-03	-1.695612e-01
2.836046764112883e-03	-1.702868e-01
2.845812389112883e-03	-1.706465e-01
2.855578014112883e-03	-1.706220e-01
2.865343639112883e-03	-1.701854e-01
2.875109264112883e-03	-1.692972e-01
2.884874889112883e-03	-1.678991e-01
2.894640514112883e-03	-1.659081e-01
2.904406139112883e-03	-1.632074e-01
2.914171764112882e-03	-1.596472e-01
2.920328042361412e-03	-1.568903e-01
2.921295006038833e-03	-1.564140e-01
2.923228933393676e-03	-1.554379e-01
2.924698458510491e-03	-1.546645e-01
2.926057186212214e-03	-1.539254e-01
2.927575876723770e-03	-1.530729e-01
2.929032811286957e-03	-1.522285e-01
2.930513464302846e-03	-1.513438e-01
2.932554050028663e-03	-1.500811e-01
2.933853363000737e-03	-1.492515e-01
2.935105856302527e-03	-1.484328e-01
2.936489759892519e-03	-1.475070e-01
2.939050159954589e-03	-1.457356e-01
2.942302615327243e-03	-1.433792e-01
2.948807526072552e-03	-1.383283e-01
2.958052179317292e-03	-1.304412e-01
2.967817804317292e-03	-1.213072e-01
2.977583429317292e-03	-1.114419e-01
2.987349054317292e-03	-1.009189e-01
2.997114679317292e-03	-8.980418e-02
3.006880304317292e-03	-7.815979e-02
3.016645929317292e-03	-6.604917e-02
3.026411554317292e-03	-5.353969e-02
3.036177179317292e-03	-4.070960e-02
3.045942804317292e-03	-2.766096e-02
3.055708429317292e-03	-1.454220e-02
3.065474054317292e-03	-1.567618e-03
3.075239679317292e-03	1.101035e-02
3.085005304317292e-03	2.299567e-02
3.094770929317292e-03	3.431794e-02
3.104536554317292e-03	4.499378e-02
3.114302179317292e-03	5.506524e-02
3.124067804317292e-03	6.457219e-02
3.133833429317292e-03	7.354687e-02
3.143599054317292e-03	8.201502e-02
3.153364679317292e-03	8.999775e-02
3.163130304317292e-03	9.751303e-02
3.172895929317292e-03	1.045772e-01
3.182661554317292e-03	1.112032e-01
3.192427179317292e-03	1.174041e-01
3.202192804317292e-03	1.231920e-01
3.211958429317292e-03	1.285769e-01
3.221724054317292e-03	1.335691e-01
3.226872465683974e-03	1.360448e-01
3.229795959974083e-03	1.374031e-01
3.232166899137854e-03	1.384798e-01
3.233850522601671e-03	1.392314e-01
3.234992036420438e-03	1.397352e-01
3.236403606015459e-03	1.403502e-01
3.237451773202647e-03	1.408019e-01
3.238740919185281e-03	1.413515e-01
3.241319211150547e-03	1.424314e-01
3.246475795081080e-03	1.445142e-01
3.256241420081080e-03	1.481801e-01
3.266007045081080e-03	1.514854e-01
3.275772670081080e-03	1.544343e-01
3.285538295081080e-03	1.570300e-01
3.295303920081080e-03	1.592737e-01
3.305069545081080e-03	1.611652e-01
3.314835170081080e-03	1.627018e-01
3.324600795081080e-03	1.638781e-01
3.334366420081080e-03	1.646846e-01
3.344132045081080e-03	1.651068e-01
3.353897670081080e-03	1.651228e-01
3.363663295081080e-03	1.647008e-01
3.373428920081080e-03	1.637942e-01
3.383194545081080e-03	1.623360e-01
3.392960170081080e-03	1.602310e-01
3.402725795081080e-03	1.573506e-01
3.412491420081080e-03	1.535406e-01
3.422257045081080e-03	1.486609e-01
3.432022670081080e-03	1.426517e-01
3.440240771845716e-03	1.367558e-01
3.441018025275068e-03	1.361583e-01
3.442572532133772e-03	1.349511e-01
3.444600237851829e-03	1.333406e-01
3.446881464477651e-03	1.314813e-01
3.447118356642003e-03	1.312852e-01
3.447592140970707e-03	1.308917e-01
3.448223560016427e-03	1.303639e-01
3.448858785055884e-03	1.298287e-01
3.449440844721151e-03	1.293344e-01
3.450048089506208e-03	1.288161e-01
3.450698271187188e-03	1.282576e-01
3.451429492617918e-03	1.276253e-01
3.452548225881741e-03	1.266489e-01
3.453913678729839e-03	1.254425e-01
3.456064590544732e-03	1.235098e-01
3.460366414174519e-03	1.195298e-01
3.466978046429332e-03	1.131292e-01
3.476743671429331e-03	1.030907e-01
3.486509296429332e-03	9.241217e-02
3.496274921429331e-03	8.115561e-02
3.506040546429332e-03	6.938149e-02
3.515806171429331e-03	5.715317e-02
3.525571796429332e-03	4.454096e-02
3.535337421429331e-03	3.163177e-02
3.545103046429332e-03	1.854807e-02
3.554868671429331e-03	5.473799e-03
3.556089374554332e-03	3.850683e-03
3.556394550335582e-03	3.445256e-03
3.557004901898082e-03	2.635267e-03
3.557952959678471e-03	1.380520e-03
3.558124929492505e-03	1.153402e-03
3.558468869120572e-03	6.994077e-04
3.558846618699795e-03	2.011406e-04
3.559084066101557e-03	-1.134861e-04
3.559367065230900e-03	-4.858463e-04
3.559634214837945e-03	-8.358160e-04
3.559931175220740e-03	-1.226736e-03
3.560525095986329e-03	-2.005432e-03
3.561074130121082e-03	-2.724923e-03
3.562117193002926e-03	-4.086909e-03
3.563318866296226e-03	-5.650130e-03
3.565130375157670e-03	-7.991847e-03
3.567859000744007e-03	-1.148475e-02
3.572355924201693e-03	-1.713979e-02
3.581197020930100e-03	-2.785390e-02
3.590962645930100e-03	-3.905247e-02
3.600728270930100e-03	-4.961484e-02
3.610493895930100e-03	-5.958530e-02
3.620259520930100e-03	-6.900366e-02
3.630025145930100e-03	-7.790067e-02
3.639790770930100e-03	-8.630163e-02
3.649556395930100e-03	-9.422655e-02
3.659322020930100e-03	-1.016933e-01
3.669087645930100e-03	-1.087174e-01
3.678853270930100e-03	-1.153121e-01
3.688618895930100e-03	-1.214897e-01
3.698384520930100e-03	-1.272625e-01
3.708150145930100e-03	-1.326402e-01
3.717915770930100e-03	-1.376331e-01
3.727681395930100e-03	-1.422493e-01
3.737447020930100e-03	-1.464972e-01
3.747212645930100e-03	-1.503833e-01
3.756978270930100e-03	-1.539143e-01
3.763526591371310e-03	-1.560850e-01
3.763798019062104e-03	-1.561715e-01
3.764340874443693e-03	-1.563439e-01
3.765426585206870e-03	-1.566854e-01
3.767598006733226e-03	-1.573554e-01
3.769542973820436e-03	-1.579404e-01
3.769806527661127e-03	-1.580183e-01
3.770333635342509e-03	-1.581733e-01
3.771073156289960e-03	-1.583895e-01
3.771862755350605e-03	-1.586186e-01
3.772706850798647e-03	-1.588607e-01
3.773852815408396e-03	-1.591855e-01
3.774923449412339e-03	-1.594846e-01
3.777064717420224e-03	-1.600706e-01
3.781347253435994e-03	-1.611932e-01
3.789912325467536e-03	-1.632422e-01
3.799677950467536e-03	-1.652595e-01
3.809443575467536e-03	-1.669366e-01
3.819209200467536e-03	-1.682704e-01
3.828974825467536e-03	-1.692556e-01
3.838740450467536e-03	-1.698827e-01
3.848506075467536e-03	-1.701378e-01
3.858271700467536e-03	-1.699992e-01
3.868037325467536e-03	-1.694362e-01
3.877802950467536e-03	-1.684032e-01
3.887568575467536e-03	-1.668350e-01
3.897334200467536e-03	-1.646378e-01
3.907099825467536e-03	-1.616836e-01
3.916865450467536e-03	-1.578147e-01
3.918086153592536e-03	-1.572539e-01
3.920527559842536e-03	-1.560947e-01
3.922350464694187e-03	-1.551810e-01
3.923810864887666e-03	-1.544201e-01
3.925203155025109e-03	-1.536701e-01
3.926709969492114e-03	-1.528320e-01
3.928134922585063e-03	-1.520140e-01
3.929785024547864e-03	-1.510358e-01
3.931636313280963e-03	-1.498992e-01
3.932800142774391e-03	-1.491639e-01
3.934128398039462e-03	-1.483051e-01
3.935541845170905e-03	-1.473685e-01
3.938368739433792e-03	-1.454259e-01
3.941562434185606e-03	-1.431229e-01
3.947949823689232e-03	-1.381902e-01
3.957142159461311e-03	-1.303913e-01
3.966907784461311e-03	-1.213016e-01
3.976673409461311e-03	-1.114765e-01
3.986439034461311e-03	-1.009899e-01
3.996204659461311e-03	-8.990768e-02
4.005970284461311e-03	-7.829184e-02
4.015735909461311e-03	-6.620549e-02
4.025501534461311e-03	-5.371571e-02
4.035267159461311e-03	-4.090005e-02
4.045032784461311e-03	-2.785944e-02
4.054798409461311e-03	-1.474048e-02
4.064564034461311e-03	-1.755915e-03
4.074329659461311e-03	1.084083e-02
4.084095284461311e-03	2.284934e-02
4.093860909461310e-03	3.419520e-02
4.103626534461311e-03	4.489348e-02
4.113392159461311e-03	5.498634e-02
4.123157784461311e-03	6.451391e-02
4.132923409461310e-03	7.350881e-02
4.142689034461311e-03	8.199693e-02
4.152454659461311e-03	8.999957e-02
4.162220284461311e-03	9.753478e-02
4.171985909461311e-03	1.046189e-01
4.181751534461311e-03	1.112650e-01
4.191517159461311e-03	1.174863e-01
4.201282784461311e-03	1.232947e-01
4.211048409461311e-03	1.287004e-01
4.220814034461311e-03	1.337136e-01
4.225942055013468e-03	1.361908e-01
4.228901125357801e-03	1.375722e-01
4.231184789998923e-03	1.386146e-01
4.232793863602891e-03	1.393373e-01
4.233940097662974e-03	1.398463e-01
4.235314390531156e-03	1.404490e-01
4.236419885635699e-03	1.409284e-01
4.237696369049187e-03	1.414762e-01
4.240249335876163e-03	1.425527e-01
4.245355269530114e-03	1.446303e-01
4.255120894530113e-03	1.483265e-01
4.264886519530113e-03	1.516627e-01
4.274652144530114e-03	1.546432e-01
4.284417769530114e-03	1.572712e-01
4.294183394530113e-03	1.595483e-01
4.303949019530113e-03	1.614745e-01
4.313714644530114e-03	1.630476e-01
4.323480269530114e-03	1.642625e-01
4.333245894530114e-03	1.651106e-01
4.343011519530113e-03	1.655783e-01
4.352777144530113e-03	1.656450e-01
4.362542769530114e-03	1.652810e-01
4.372308394530114e-03	1.644423e-01
4.382074019530113e-03	1.630661e-01
4.391839644530113e-03	1.610620e-01
4.401605269530114e-03	1.583071e-01
4.411370894530114e-03	1.546492e-01
4.421136519530113e-03	1.499407e-01
4.430902144530113e-03	1.441038e-01
4.440667769530114e-03	1.371740e-01
4.441666568016033e-03	1.364029e-01
4.443664164987871e-03	1.348411e-01
4.445837969897589e-03	1.330969e-01
4.448233243454287e-03	1.311228e-01
4.448418207132037e-03	1.309679e-01
4.448788134487537e-03	1.306575e-01
4.449370057199115e-03	1.301664e-01
4.449999832898462e-03	1.296306e-01
4.450630600707352e-03	1.290904e-01
4.451221669077325e-03	1.285815e-01
4.451905753360820e-03	1.279887e-01
4.452800958656174e-03	1.272071e-01
4.454288565880429e-03	1.258927e-01
4.455812186743973e-03	1.245269e-01
4.458859428471059e-03	1.217371e-01
4.464953911925232e-03	1.159347e-01
4.474719536925233e-03	1.060580e-01
4.484485161925233e-03	9.552588e-02
4.494250786925232e-03	8.440147e-02
4.504016411925232e-03	7.274518e-02
4.513782036925233e-03	6.061963e-02
4.523547661925233e-03	4.809269e-02
4.533313286925232e-03	3.524577e-02
4.543078911925232e-03	2.218962e-02
4.552844536925232e-03	9.089737e-03
4.558190715944170e-03	1.977307e-03
4.558343303834794e-03	1.775645e-03
4.558648479616045e-03	1.372496e-03
4.559258831178544e-03	5.673170e-04
4.559396819440546e-03	3.855189e-04
4.559672795964548e-03	2.208004e-05
4.560224749012553e-03	-7.041721e-04
4.560538574330168e-03	-1.118162e-03
4.560900173682871e-03	-1.592108e-03
4.561270096498096e-03	-2.075824e-03
4.561634486783892e-03	-2.553498e-03
4.562363267355485e-03	-3.505031e-03
4.563185761165348e-03	-4.577183e-03
4.564573986350986e-03	-6.377751e-03
4.566340379660264e-03	-8.654900e-03
4.569139427189371e-03	-1.222524e-02
4.574095025844232e-03	-1.842526e-02
4.583134549409501e-03	-2.929566e-02
4.592900174409501e-03	-4.039929e-02
4.602665799409501e-03	-5.087201e-02
4.612431424409502e-03	-6.075945e-02
4.622197049409501e-03	-7.009847e-02
4.631962674409501e-03	-7.892043e-02
4.641728299409501e-03	-8.724815e-02
4.651493924409502e-03	-9.510285e-02
4.661259549409501e-03	-1.025004e-01
4.671025174409501e-03	-1.094576e-01
4.680790799409501e-03	-1.159860e-01
4.690556424409502e-03	-1.220993e-01
4.700322049409501e-03	-1.278080e-01
4.710087674409501e-03	-1.331234e-01
4.719853299409501e-03	-1.380539e-01
4.729618924409502e-03	-1.426092e-01
4.739384549409502e-03	-1.467958e-01
4.749150174409501e-03	-1.506219e-01
4.758915799409501e-03	-1.540923e-01
4.766366354900201e-03	-1.565043e-01
4.766664246115688e-03	-1.565962e-01
4.767260028546660e-03	-1.567796e-01
4.768451593408605e-03	-1.571425e-01
4.770520297022979e-03	-1.577598e-01
4.770756903068257e-03	-1.578292e-01
4.771230115158812e-03	-1.579673e-01
4.772176539339922e-03	-1.582411e-01
4.772959273695347e-03	-1.584657e-01
4.773837063786775e-03	-1.587147e-01
4.774759091163316e-03	-1.589734e-01
4.775805110131081e-03	-1.592632e-01
4.777897148066613e-03	-1.598307e-01
4.782081223937675e-03	-1.609190e-01
4.790449375679800e-03	-1.629075e-01
4.800215000679800e-03	-1.649118e-01
4.809980625679800e-03	-1.665745e-01
4.819746250679800e-03	-1.678929e-01
4.829511875679800e-03	-1.688608e-01
4.839277500679800e-03	-1.694689e-01
4.849043125679800e-03	-1.697018e-01
4.858808750679800e-03	-1.695380e-01
4.868574375679800e-03	-1.689446e-01
4.878340000679800e-03	-1.678751e-01
4.888105625679800e-03	-1.662612e-01
4.897871250679800e-03	-1.640064e-01
4.907636875679800e-03	-1.609789e-01
4.917402500679800e-03	-1.570200e-01
4.918623203804800e-03	-1.564467e-01
4.921064610054800e-03	-1.552622e-01
4.922715338685622e-03	-1.544183e-01
4.924164713406077e-03	-1.536501e-01
4.925744878431820e-03	-1.527838e-01
4.927201222102534e-03	-1.519582e-01
4.928857753801352e-03	-1.509880e-01
4.930652706252404e-03	-1.498992e-01
4.931825888234083e-03	-1.491669e-01
4.933133711059487e-03	-1.483313e-01
4.934545503832185e-03	-1.474067e-01
4.937369089377580e-03	-1.454881e-01
4.940378262882695e-03	-1.433437e-01
4.946396609892925e-03	-1.387619e-01
4.954738891816021e-03	-1.318143e-01
4.964504516816022e-03	-1.228959e-01
4.974270141816022e-03	-1.132238e-01
4.984035766816022e-03	-1.028757e-01
4.993801391816021e-03	-9.191772e-02
5.003567016816021e-03	-8.041249e-02
5.013332641816022e-03	-6.842239e-02
5.023098266816022e-03	-5.601327e-02
5.032863891816021e-03	-4.325973e-02
5.042629516816021e-03	-3.025655e-02
5.052395141816022e-03	-1.713928e-02
5.062160766816022e-03	-4.107715e-03
5.071926391816022e-03	8.586230e-03
5.081692016816021e-03	2.072233e-02
5.091457641816022e-03	3.220092e-02
5.101223266816022e-03	4.302533e-02
5.110988891816022e-03	5.323592e-02
5.120754516816021e-03	6.287425e-02
5.130520141816022e-03	7.197446e-02
5.140285766816022e-03	8.056366e-02
5.150051391816022e-03	8.866391e-02
5.159817016816021e-03	9.629381e-02
5.169582641816022e-03	1.034701e-01
5.179348266816022e-03	1.102062e-01
5.189113891816022e-03	1.165155e-01
5.198879516816021e-03	1.224101e-01
5.208645141816022e-03	1.279005e-01
5.218410766816022e-03	1.329971e-01
5.223804421976003e-03	1.356456e-01
5.226514274881592e-03	1.369319e-01
5.230004403491749e-03	1.385456e-01
5.231878005244990e-03	1.393926e-01
5.233061827338415e-03	1.399212e-01
5.234587126050357e-03	1.405934e-01
5.235587393485029e-03	1.410291e-01
5.236910490774006e-03	1.415997e-01
5.239556685351959e-03	1.427203e-01
5.244849074507865e-03	1.448806e-01
5.254614699507864e-03	1.485865e-01
5.264380324507865e-03	1.519330e-01
5.274145949507865e-03	1.549243e-01
5.283911574507865e-03	1.575640e-01
5.293677199507864e-03	1.598536e-01
5.303442824507865e-03	1.617933e-01
5.313208449507865e-03	1.633811e-01
5.322974074507865e-03	1.646122e-01
5.332739699507864e-03	1.654783e-01
5.342505324507865e-03	1.659664e-01
5.352270949507865e-03	1.660566e-01
5.362036574507865e-03	1.657201e-01
5.371802199507864e-03	1.649147e-01
5.381567824507865e-03	1.635794e-01
5.391333449507865e-03	1.616270e-01
5.401099074507865e-03	1.589372e-01
5.410864699507864e-03	1.553596e-01
5.420630324507864e-03	1.507433e-01
5.430395949507865e-03	1.450003e-01
5.440161574507865e-03	1.381559e-01
5.441382277632864e-03	1.372209e-01
5.443823683882865e-03	1.353208e-01
5.446073903635584e-03	1.335167e-01
5.448693286023321e-03	1.313560e-01
5.448898142844241e-03	1.311841e-01
5.449307856486080e-03	1.308394e-01
5.449906180542538e-03	1.303331e-01
5.450578550043451e-03	1.297594e-01
5.451219910659598e-03	1.292082e-01
5.451911733645800e-03	1.286102e-01
5.452552954724932e-03	1.280522e-01
5.453466272417747e-03	1.272516e-01
5.454882334925980e-03	1.259958e-01
5.456435420336346e-03	1.245990e-01
5.459541591157078e-03	1.217450e-01
5.464949047125335e-03	1.165926e-01
5.473695033445233e-03	1.077942e-01
5.483460658445233e-03	9.734354e-02
5.493226283445233e-03	8.629259e-02
5.502991908445234e-03	7.470217e-02
5.512757533445233e-03	6.263442e-02
5.522523158445233e-03	5.015622e-02
5.532288783445233e-03	3.734632e-02
5.542054408445234e-03	2.430969e-02
5.551820033445233e-03	1.120198e-02
5.553040736570233e-03	9.567013e-03
5.555482142820234e-03	6.306016e-03
5.556092494382733e-03	5.493871e-03
5.557313197507734e-03	3.871916e-03
5.559754603757733e-03	6.436743e-04
5.560098996800204e-03	1.902550e-04
5.560787782885147e-03	-7.155631e-04
5.561207488559224e-03	-1.266916e-03
5.561260258412110e-03	-1.336300e-03
5.561365798117881e-03	-1.475027e-03
5.561576877529424e-03	-1.751872e-03
5.561999036352512e-03	-2.304530e-03
5.562472377747984e-03	-2.923359e-03
5.563419060538928e-03	-4.157620e-03
5.565312426120816e-03	-6.613031e-03
5.569099157284592e-03	-1.146416e-02
5.575607352081194e-03	-1.959057e-02
5.585372977081194e-03	-3.123335e-02
5.595138602081193e-03	-4.221522e-02
5.604904227081193e-03	-5.257536e-02
5.614669852081194e-03	-6.235669e-02
5.624435477081194e-03	-7.159619e-02
5.634201102081193e-03	-8.032234e-02
5.643966727081193e-03	-8.855853e-02
5.653732352081194e-03	-9.632397e-02
5.663497977081194e-03	-1.036354e-01
5.673263602081193e-03	-1.105081e-01
5.683029227081193e-03	-1.169546e-01
5.692794852081194e-03	-1.229872e-01
5.702560477081194e-03	-1.286173e-01
5.712326102081194e-03	-1.338549e-01
5.722091727081193e-03	-1.387095e-01
5.731857352081194e-03	-1.431893e-01
5.741622977081194e-03	-1.473019e-01
5.751388602081194e-03	-1.510541e-01
5.757118988393228e-03	-1.530903e-01
5.761885164961015e-03	-1.546914e-01
5.766198699174487e-03	-1.560686e-01
5.769755873472704e-03	-1.571530e-01
5.771834084871792e-03	-1.577644e-01
5.773156668174465e-03	-1.581440e-01
5.774161165900465e-03	-1.584290e-01
5.775118480301606e-03	-1.586969e-01
5.776142984189387e-03	-1.589800e-01
5.777237563831366e-03	-1.592784e-01
5.779426723115324e-03	-1.598620e-01
5.783312200919240e-03	-1.608556e-01
5.790509051693365e-03	-1.625529e-01
5.800274676693365e-03	-1.645598e-01
5.810040301693365e-03	-1.662240e-01
5.819805926693365e-03	-1.675431e-01
5.829571551693365e-03	-1.685105e-01
5.839337176693365e-03	-1.691169e-01
5.849102801693365e-03	-1.693467e-01
5.858868426693365e-03	-1.691778e-01
5.868634051693365e-03	-1.685769e-01
5.878399676693365e-03	-1.674969e-01
5.888165301693365e-03	-1.658680e-01
5.897930926693365e-03	-1.635928e-01
5.907696551693365e-03	-1.605376e-01
5.917462176693365e-03	-1.565441e-01
5.918682879818365e-03	-1.559658e-01
5.921124286068365e-03	-1.547712e-01
5.922656779084742e-03	-1.539820e-01
5.924219003846883e-03	-1.531487e-01
5.925811912185855e-03	-1.522686e-01
5.927279695856753e-03	-1.514303e-01
5.929052707361527e-03	-1.503828e-01
5.930768325701424e-03	-1.493335e-01
5.932025737627289e-03	-1.485421e-01
5.933479247795048e-03	-1.476042e-01
5.935282562865948e-03	-1.464060e-01
5.938889193007751e-03	-1.438978e-01
5.942565473563781e-03	-1.411924e-01
5.949918034675843e-03	-1.353613e-01
5.959683659675843e-03	-1.268290e-01
5.969449284675844e-03	-1.175005e-01
5.979214909675843e-03	-1.074621e-01
5.988980534675843e-03	-9.678323e-02
5.998746159675843e-03	-8.552784e-02
6.008511784675844e-03	-7.375766e-02
6.018277409675843e-03	-6.153652e-02
6.028043034675843e-03	-4.893390e-02
6.037808659675843e-03	-3.603344e-02
6.047574284675844e-03	-2.294897e-02
6.057339909675843e-03	-9.849281e-03
6.067105534675843e-03	3.030827e-03
6.076871159675843e-03	1.544221e-02
6.086636784675843e-03	2.722472e-02
6.096402409675843e-03	3.834334e-02
6.106168034675843e-03	4.882846e-02
6.115933659675843e-03	5.872349e-02
6.125699284675843e-03	6.806618e-02
6.135464909675844e-03	7.688662e-02
6.145230534675843e-03	8.520897e-02
6.154996159675843e-03	9.305324e-02
6.164761784675843e-03	1.004366e-01
6.174527409675844e-03	1.073743e-01
6.184293034675843e-03	1.138803e-01
6.194058659675843e-03	1.199663e-01
6.203824284675843e-03	1.256436e-01
6.213589909675844e-03	1.309231e-01
6.219910078580811e-03	1.341319e-01
6.224155773661912e-03	1.361966e-01
6.227134373955433e-03	1.376019e-01
6.229466886917597e-03	1.386778e-01
6.231245181914409e-03	1.394843e-01
6.232385435641761e-03	1.399953e-01
6.233814088566415e-03	1.406277e-01
6.234820503794482e-03	1.410682e-01
6.236112315928481e-03	1.416282e-01
6.238695940196476e-03	1.427283e-01
6.243863188732468e-03	1.448518e-01
6.253628813732468e-03	1.485867e-01
6.263394438732468e-03	1.519626e-01
6.273160063732468e-03	1.549835e-01
6.282925688732468e-03	1.576532e-01
6.292691313732468e-03	1.599734e-01
6.302456938732468e-03	1.619447e-01
6.312222563732468e-03	1.635650e-01
6.321988188732468e-03	1.648304e-01
6.331753813732468e-03	1.657325e-01
6.341519438732468e-03	1.662596e-01
6.351285063732468e-03	1.663925e-01
6.361050688732468e-03	1.661041e-01
6.370816313732468e-03	1.653539e-01
6.380581938732468e-03	1.640842e-01
6.390347563732468e-03	1.622113e-01
6.400113188732468e-03	1.596201e-01
6.409878813732468e-03	1.561626e-01
6.419644438732468e-03	1.516847e-01
6.429410063732468e-03	1.460850e-01
6.439175688732468e-03	1.393736e-01
6.444878979749948e-03	1.349780e-01
6.445286789398487e-03	1.346507e-01
6.446102408695567e-03	1.339928e-01
6.447733647289725e-03	1.326577e-01
6.449246285363848e-03	1.313972e-01
6.450253418975518e-03	1.305458e-01
6.451013754522660e-03	1.298961e-01
6.451686846205824e-03	1.293159e-01
6.452317437148098e-03	1.287697e-01
6.452966990109674e-03	1.282031e-01
6.453852463091929e-03	1.274254e-01
6.455032722828070e-03	1.263780e-01
6.456509361030111e-03	1.250511e-01
6.459337648864659e-03	1.224586e-01
6.463478815444496e-03	1.185461e-01
6.470664263278698e-03	1.114459e-01
6.480429888278698e-03	1.012072e-01
6.490195513278698e-03	9.034744e-02
6.499961138278698e-03	7.892847e-02
6.509726763278698e-03	6.701148e-02
6.519492388278698e-03	5.466140e-02
6.529258013278698e-03	4.195170e-02
6.539023638278698e-03	2.897614e-02
6.548789263278698e-03	1.586967e-02
6.558554888278698e-03	2.833359e-03
6.559775591403698e-03	1.220255e-03
6.560080767184948e-03	8.174075e-04
6.560691118747448e-03	1.274742e-05
6.561339985582323e-03	-8.404256e-04
6.561469569077449e-03	-1.010502e-03
6.561728736067702e-03	-1.350493e-03
6.561945632201248e-03	-1.635078e-03
6.561989831709776e-03	-1.693169e-03
6.562078230726834e-03	-1.809329e-03
6.562255028760948e-03	-2.041071e-03
6.562608624829176e-03	-2.503531e-03
6.562980716119213e-03	-2.989697e-03
6.563724898699288e-03	-3.959747e-03
6.565213263859438e-03	-5.891784e-03
6.568189994179738e-03	-9.719891e-03
6.573812025470688e-03	-1.680241e-02
6.582497663099435e-03	-2.732166e-02
6.592263288099435e-03	-3.851846e-02
6.602028913099435e-03	-4.907807e-02
6.611794538099435e-03	-5.904532e-02
6.621560163099434e-03	-6.845891e-02
6.631325788099435e-03	-7.735036e-02
6.641091413099435e-03	-8.574411e-02
6.650857038099435e-03	-9.366089e-02
6.660622663099434e-03	-1.011179e-01
6.670388288099435e-03	-1.081313e-01
6.680153913099435e-03	-1.147137e-01
6.689919538099435e-03	-1.208781e-01
6.699685163099434e-03	-1.266360e-01
6.709450788099435e-03	-1.319978e-01
6.719216413099435e-03	-1.369732e-01
6.728982038099435e-03	-1.415709e-01
6.738747663099435e-03	-1.457987e-01
6.748513288099435e-03	-1.496634e-01
6.755417263956911e-03	-1.521798e-01
6.760065628281879e-03	-1.537745e-01
6.764786775627693e-03	-1.553127e-01
6.769097646828547e-03	-1.566458e-01
6.771831852403337e-03	-1.574557e-01
6.772088175672135e-03	-1.575300e-01
6.772600822209729e-03	-1.576779e-01
6.773626115284918e-03	-1.579707e-01
6.774447048066339e-03	-1.582025e-01
6.775294401044771e-03	-1.584397e-01
6.776197488583031e-03	-1.586891e-01
6.777240246250136e-03	-1.589740e-01
6.778887308755900e-03	-1.594153e-01
6.782181433767428e-03	-1.602693e-01
6.788769683790484e-03	-1.618598e-01
6.798535308790485e-03	-1.639315e-01
6.808300933790485e-03	-1.656600e-01
6.818066558790485e-03	-1.670435e-01
6.827832183790484e-03	-1.680757e-01
6.837597808790485e-03	-1.687481e-01
6.847363433790485e-03	-1.690459e-01
6.857129058790485e-03	-1.689484e-01
6.866894683790484e-03	-1.684240e-01
6.876660308790485e-03	-1.674280e-01
6.886425933790485e-03	-1.658945e-01
6.896191558790485e-03	-1.637308e-01
6.905957183790484e-03	-1.608084e-01
6.915722808790485e-03	-1.569715e-01
6.916943511915485e-03	-1.564146e-01
6.919384918165484e-03	-1.552633e-01
6.921118069216375e-03	-1.544007e-01
6.922573080093941e-03	-1.536484e-01
6.924204918970925e-03	-1.527745e-01
6.925702491030956e-03	-1.519440e-01
6.927299362175103e-03	-1.510284e-01
6.929249403697255e-03	-1.498685e-01
6.930523332291876e-03	-1.490864e-01
6.931839980746935e-03	-1.482577e-01
6.933275508228892e-03	-1.473309e-01
6.935951103049365e-03	-1.455392e-01
6.939197594697476e-03	-1.432556e-01
6.945690577993697e-03	-1.383454e-01
6.954854256201716e-03	-1.307020e-01
6.964619881201717e-03	-1.217396e-01
6.974385506201716e-03	-1.120298e-01
6.984151131201716e-03	-1.016476e-01
6.993916756201716e-03	-9.065901e-02
7.003682381201716e-03	-7.912587e-02
7.013448006201716e-03	-6.711081e-02
7.023213631201716e-03	-5.467977e-02
7.032979256201716e-03	-4.190845e-02
7.042744881201716e-03	-2.889389e-02
7.052510506201717e-03	-1.577640e-02
7.062276131201716e-03	-2.761967e-03
7.072041756201716e-03	9.894856e-03
7.081807381201716e-03	2.198041e-02
7.091573006201717e-03	3.340558e-02
7.101338631201716e-03	4.417933e-02
7.111104256201716e-03	5.434329e-02
7.120869881201716e-03	6.393867e-02
7.130635506201717e-03	7.299901e-02
7.140401131201716e-03	8.155099e-02
7.150166756201716e-03	8.961631e-02
7.159932381201716e-03	9.721341e-02
7.169698006201717e-03	1.043588e-01
7.179463631201716e-03	1.110658e-01
7.189229256201716e-03	1.173477e-01
7.198994881201716e-03	1.232166e-01
7.208760506201717e-03	1.286827e-01
7.218526131201716e-03	1.337566e-01
7.223797251013206e-03	1.363343e-01
7.226649797303867e-03	1.376827e-01
7.229034878741225e-03	1.387855e-01
7.230720922092499e-03	1.395520e-01
7.231846360516005e-03	1.400580e-01
7.233252222657444e-03	1.406822e-01
7.234269042679245e-03	1.411289e-01
7.235546906903602e-03	1.416846e-01
7.238102635352315e-03	1.427769e-01
7.243214092249740e-03	1.448862e-01
7.252979717249740e-03	1.486392e-01
7.262745342249740e-03	1.520332e-01
7.272510967249740e-03	1.550727e-01
7.282276592249740e-03	1.577612e-01
7.292042217249740e-03	1.601008e-01
7.301807842249740e-03	1.620921e-01
7.311573467249740e-03	1.637333e-01
7.321339092249740e-03	1.650206e-01
7.331104717249740e-03	1.659463e-01
7.340870342249740e-03	1.664986e-01
7.350635967249740e-03	1.666595e-01
7.360401592249740e-03	1.664026e-01
7.370167217249740e-03	1.656890e-01
7.379932842249740e-03	1.644626e-01
7.389698467249740e-03	1.626429e-01
7.399464092249740e-03	1.601174e-01
7.409229717249740e-03	1.567409e-01
7.418995342249740e-03	1.523570e-01
7.428760967249740e-03	1.468564e-01
7.438526592249740e-03	1.402376e-01
7.443998374220356e-03	1.360735e-01
7.444457979010788e-03	1.357090e-01
7.445377188591651e-03	1.349760e-01
7.447215607753379e-03	1.334854e-01
7.449190578042059e-03	1.318482e-01
7.449443713737781e-03	1.316354e-01
7.449949985129224e-03	1.312086e-01
7.450596037511015e-03	1.306603e-01
7.451227002386725e-03	1.301207e-01
7.451799861113039e-03	1.296270e-01
7.452407383067555e-03	1.291007e-01
7.453080028912672e-03	1.285145e-01
7.453753330684833e-03	1.279239e-01
7.454856331214396e-03	1.269481e-01
7.456189960697953e-03	1.257543e-01
7.458194954328929e-03	1.239314e-01
7.462204941590883e-03	1.201868e-01
7.469929420958128e-03	1.126220e-01
7.479695045958128e-03	1.024430e-01
7.489460670958127e-03	9.163757e-02
7.499226295958127e-03	8.026723e-02
7.508991920958128e-03	6.839354e-02
7.518757545958128e-03	5.608061e-02
7.528523170958128e-03	4.340100e-02
7.538288795958127e-03	3.044535e-02
7.548054420958127e-03	1.734332e-02
7.557820045958128e-03	4.288084e-03
7.559040749083128e-03	2.670535e-03
7.561482155333128e-03	-5.502423e-04
7.561607978015811e-03	-7.153949e-04
7.561859623381178e-03	-1.045539e-03
7.562278383239539e-03	-1.594290e-03
7.562544230505601e-03	-1.943253e-03
7.562584303954582e-03	-1.995823e-03
7.562664450852543e-03	-2.100721e-03
7.562824744648466e-03	-2.310104e-03
7.563145332240312e-03	-2.729001e-03
7.563786507424003e-03	-3.565247e-03
7.564864237235419e-03	-4.966402e-03
7.567019696858249e-03	-7.750680e-03
7.571330616103909e-03	-1.323845e-02
7.579258295283800e-03	-2.301156e-02
7.589023920283800e-03	-3.444666e-02
7.598789545283800e-03	-4.522996e-02
7.608555170283800e-03	-5.540512e-02
7.618320795283800e-03	-6.501310e-02
7.628086420283800e-03	-7.408841e-02
7.637852045283800e-03	-8.265735e-02
7.647617670283800e-03	-9.074214e-02
7.657383295283800e-03	-9.836087e-02
7.667148920283800e-03	-1.055299e-01
7.676914545283800e-03	-1.122636e-01
7.686680170283801e-03	-1.185745e-01
7.696445795283800e-03	-1.244744e-01
7.706211420283800e-03	-1.299745e-01
7.715977045283800e-03	-1.350843e-01
7.725742670283801e-03	-1.398132e-01
7.735508295283800e-03	-1.441691e-01
7.745273920283800e-03	-1.481593e-01
7.755039545283800e-03	-1.517903e-01
7.760449201336031e-03	-1.536488e-01
7.764965945196375e-03	-1.551179e-01
7.769284474239199e-03	-1.564525e-01
7.772113795747587e-03	-1.572895e-01
7.772391709676599e-03	-1.573699e-01
7.772947537534622e-03	-1.575301e-01
7.774059193250671e-03	-1.578466e-01
7.774960724777799e-03	-1.580997e-01
7.775805536275215e-03	-1.583352e-01
7.776765985982514e-03	-1.585988e-01
7.777867348184871e-03	-1.588978e-01
7.779327920913098e-03	-1.592869e-01
7.782249066369554e-03	-1.600427e-01
7.788091357282464e-03	-1.614615e-01
7.797856982282463e-03	-1.635601e-01
7.807622607282463e-03	-1.653150e-01
7.817388232282464e-03	-1.667246e-01
7.827153857282464e-03	-1.677827e-01
7.836919482282463e-03	-1.684812e-01
7.846685107282463e-03	-1.688052e-01
7.856450732282463e-03	-1.687347e-01
7.866216357282463e-03	-1.682383e-01
7.875981982282463e-03	-1.672725e-01
7.885747607282462e-03	-1.657721e-01
7.895513232282464e-03	-1.636459e-01
7.905278857282464e-03	-1.607673e-01
7.915044482282464e-03	-1.569812e-01
7.916265185407462e-03	-1.564312e-01
7.918706591657464e-03	-1.552939e-01
7.919074027960563e-03	-1.551155e-01
7.919808900566762e-03	-1.547554e-01
7.921278645779161e-03	-1.540156e-01
7.922605860217796e-03	-1.533248e-01
7.924156299712944e-03	-1.524912e-01
7.925572853379652e-03	-1.517039e-01
7.927451034319327e-03	-1.506227e-01
7.929296430131785e-03	-1.495188e-01
7.930436706112201e-03	-1.488166e-01
7.932000840244310e-03	-1.478281e-01
7.933524197598883e-03	-1.468378e-01
7.936570912308025e-03	-1.447762e-01
7.940562120602254e-03	-1.419170e-01
7.948544537190712e-03	-1.356934e-01
7.958310162190712e-03	-1.272503e-01
7.968075787190713e-03	-1.180023e-01
7.977841412190713e-03	-1.080364e-01
7.987607037190713e-03	-9.742327e-02
7.997372662190713e-03	-8.622662e-02
8.007138287190713e-03	-7.450817e-02
8.016903912190712e-03	-6.233125e-02
8.026669537190712e-03	-4.976452e-02
8.036435162190712e-03	-3.688985e-02
8.046200787190712e-03	-2.381761e-02
8.055966412190713e-03	-1.071136e-02
8.065732037190713e-03	2.198158e-03
8.075497662190713e-03	1.465811e-02
8.085263287190713e-03	2.649726e-02
8.095028912190712e-03	3.767182e-02
8.104794537190712e-03	4.820961e-02
8.114560162190712e-03	5.815416e-02
8.124325787190712e-03	6.754401e-02
8.134091412190713e-03	7.640987e-02
8.143857037190713e-03	8.477633e-02
8.153622662190713e-03	9.266371e-02
8.163388287190713e-03	1.000894e-01
8.173153912190713e-03	1.070692e-01
8.182919537190712e-03	1.136160e-01
8.192685162190712e-03	1.197425e-01
8.202450787190712e-03	1.254604e-01
8.212216412190713e-03	1.307797e-01
8.218633752242825e-03	1.340629e-01
8.223019712012274e-03	1.362108e-01
8.225919429772953e-03	1.375884e-01
8.228519623373169e-03	1.387955e-01
8.230322446494255e-03	1.396172e-01
8.231462974768036e-03	1.401311e-01
8.232915307680095e-03	1.407772e-01
8.233886738530000e-03	1.412047e-01
8.235186146013910e-03	1.417709e-01
8.237784960981728e-03	1.428836e-01
8.242982590917363e-03	1.450311e-01
8.252748215917365e-03	1.487879e-01
8.262513840917364e-03	1.521858e-01
8.272279465917364e-03	1.552297e-01
8.282045090917364e-03	1.579230e-01
8.291810715917364e-03	1.602678e-01
8.301576340917364e-03	1.622647e-01
8.311341965917363e-03	1.639123e-01
8.321107590917363e-03	1.652064e-01
8.330873215917363e-03	1.661400e-01
8.340638840917364e-03	1.667012e-01
8.350404465917364e-03	1.668725e-01
8.360170090917364e-03	1.666278e-01
8.369935715917364e-03	1.659290e-01
8.379701340917364e-03	1.647208e-01
8.389466965917363e-03	1.629242e-01
8.399232590917363e-03	1.604279e-01
8.408998215917363e-03	1.570880e-01
8.418763840917365e-03	1.527475e-01
8.428529465917364e-03	1.472929e-01
8.438295090917364e-03	1.407170e-01
8.443666514563061e-03	1.366532e-01
8.444176057009659e-03	1.362513e-01
8.445195141902855e-03	1.354424e-01
8.447233311689246e-03	1.337942e-01
8.449239883094904e-03	1.321328e-01
8.449577248847437e-03	1.318492e-01
8.450251980352503e-03	1.312800e-01
8.450892320011776e-03	1.307356e-01
8.451530301280055e-03	1.301891e-01
8.452100923423907e-03	1.296965e-01
8.452712980294458e-03	1.291654e-01
8.453390828737258e-03	1.285736e-01
8.454058376171792e-03	1.279871e-01
8.455167028057899e-03	1.270046e-01
8.456500157248534e-03	1.258093e-01
8.458502836263206e-03	1.239855e-01
8.462508194292548e-03	1.202396e-01
8.470518910351232e-03	1.123757e-01
8.480284535351231e-03	1.021656e-01
8.490050160351231e-03	9.133217e-02
8.499815785351233e-03	7.993673e-02
8.509581410351233e-03	6.804109e-02
8.519347035351232e-03	5.570953e-02
8.529112660351232e-03	4.301516e-02
8.538878285351232e-03	3.004964e-02
8.548643910351232e-03	1.694461e-02
8.558409535351232e-03	3.895747e-03
8.559630238476232e-03	2.279806e-03
8.562071644726232e-03	-9.373837e-04
8.562187753777376e-03	-1.089601e-03
8.562419971879663e-03	-1.393893e-03
8.562884408084240e-03	-2.001921e-03
8.563147370090696e-03	-2.347404e-03
8.563465188990692e-03	-2.762228e-03
8.563766188367227e-03	-3.153702e-03
8.564087229053953e-03	-3.572748e-03
8.564729310427406e-03	-4.407371e-03
8.565354416706540e-03	-5.219029e-03
8.566479702350270e-03	-6.673829e-03
8.567816880487057e-03	-8.394307e-03
8.569806815160869e-03	-1.093466e-02
8.572983967780546e-03	-1.494037e-02
8.578323240573442e-03	-2.151946e-02
8.588088865573442e-03	-3.303367e-02
8.597854490573442e-03	-4.389124e-02
8.607620115573441e-03	-5.413598e-02
8.617385740573441e-03	-6.380816e-02
8.627151365573443e-03	-7.294443e-02
8.636916990573442e-03	-8.157072e-02
8.646682615573442e-03	-8.971076e-02
8.656448240573442e-03	-9.738201e-02
8.666213865573442e-03	-1.046019e-01
8.675979490573442e-03	-1.113844e-01
8.685745115573441e-03	-1.177427e-01
8.695510740573441e-03	-1.236880e-01
8.705276365573443e-03	-1.292325e-01
8.715041990573442e-03	-1.343850e-01
8.724807615573442e-03	-1.391557e-01
8.734573240573442e-03	-1.435518e-01
8.744338865573442e-03	-1.475816e-01
8.754104490573442e-03	-1.512508e-01
8.763870115573441e-03	-1.545655e-01
8.764598511264697e-03	-1.547984e-01
8.765569705519704e-03	-1.551062e-01
8.766789903366571e-03	-1.554879e-01
8.769230299060304e-03	-1.562351e-01
8.771739034896571e-03	-1.569802e-01
8.773709998452802e-03	-1.575489e-01
8.775005351791194e-03	-1.579135e-01
8.776008850371388e-03	-1.581929e-01
8.776988697526109e-03	-1.584616e-01
8.778021805654398e-03	-1.587415e-01
8.779138473653157e-03	-1.590396e-01
8.781371809650676e-03	-1.596222e-01
8.785320810773878e-03	-1.606085e-01
8.792793228519964e-03	-1.623211e-01
8.802558853519965e-03	-1.642567e-01
8.812324478519965e-03	-1.658475e-01
8.822090103519965e-03	-1.670901e-01
8.831855728519964e-03	-1.679771e-01
8.841621353519964e-03	-1.684976e-01
8.851386978519964e-03	-1.686339e-01
8.861152603519964e-03	-1.683614e-01
8.870918228519964e-03	-1.676426e-01
8.880683853519965e-03	-1.664245e-01
8.890449478519965e-03	-1.646294e-01
8.900215103519965e-03	-1.621494e-01
8.909980728519964e-03	-1.588413e-01
8.915675231492688e-03	-1.564692e-01
8.916895934617688e-03	-1.559078e-01
8.919337340867688e-03	-1.547479e-01
8.920821321966203e-03	-1.540060e-01
8.922315987697702e-03	-1.532322e-01
8.923891956493821e-03	-1.523872e-01
8.925348477025731e-03	-1.515794e-01
8.927283821144976e-03	-1.504663e-01
8.929097609524532e-03	-1.493822e-01
8.930225995662925e-03	-1.486881e-01
8.931826120965356e-03	-1.476778e-01
8.933346153664330e-03	-1.466902e-01
8.936386219062275e-03	-1.446344e-01
8.939738126831187e-03	-1.422466e-01
8.946441942369010e-03	-1.371106e-01
8.955127813872435e-03	-1.297999e-01
8.964893438872435e-03	-1.207938e-01
8.974659063872436e-03	-1.110448e-01
8.984424688872436e-03	-1.006277e-01
8.994190313872436e-03	-8.960740e-02
9.003955938872436e-03	-7.804584e-02
9.013721563872435e-03	-6.600538e-02
9.023487188872435e-03	-5.355250e-02
9.033252813872435e-03	-4.076376e-02
9.043018438872435e-03	-2.773855e-02
9.052784063872436e-03	-1.462149e-02
9.062549688872436e-03	-1.624070e-03
9.072315313872436e-03	1.099764e-02
9.082080938872436e-03	2.303676e-02
9.091846563872436e-03	3.441358e-02
9.101612188872435e-03	4.514167e-02
9.111377813872435e-03	5.526348e-02
9.121143438872435e-03	6.481984e-02
9.130909063872435e-03	7.384376e-02
9.140674688872436e-03	8.236151e-02
9.150440313872436e-03	9.039450e-02
9.160205938872436e-03	9.796097e-02
9.169971563872436e-03	1.050773e-01
9.179737188872435e-03	1.117567e-01
9.189502813872435e-03	1.180123e-01
9.199268438872435e-03	1.238562e-01
9.209034063872435e-03	1.292985e-01
9.218799688872436e-03	1.343497e-01
9.223732717098388e-03	1.367542e-01
9.226927613750239e-03	1.382596e-01
9.229011188878635e-03	1.392197e-01
9.230367336533925e-03	1.398362e-01
9.231631795555926e-03	1.404044e-01
9.232952623920869e-03	1.409908e-01
9.234144574770365e-03	1.415142e-01
9.235633608102372e-03	1.421603e-01
9.238611674766389e-03	1.434267e-01
9.242790697787042e-03	1.451465e-01
9.251148743828350e-03	1.483865e-01
9.260914368828350e-03	1.518393e-01
9.270679993828350e-03	1.549375e-01
9.280445618828350e-03	1.576851e-01
9.290211243828349e-03	1.600844e-01
9.299976868828349e-03	1.621362e-01
9.309742493828349e-03	1.638394e-01
9.319508118828349e-03	1.651906e-01
9.329273743828350e-03	1.661831e-01
9.339039368828350e-03	1.668062e-01
9.348804993828350e-03	1.670433e-01
9.358570618828350e-03	1.668704e-01
9.368336243828350e-03	1.662516e-01
9.378101868828349e-03	1.651356e-01
9.387867493828349e-03	1.634478e-01
9.397633118828349e-03	1.610836e-01
9.407398743828349e-03	1.579040e-01
9.417164368828350e-03	1.537513e-01
9.426929993828350e-03	1.484983e-01
9.436695618828350e-03	1.421160e-01
9.443001354198250e-03	1.374290e-01
9.443721463039545e-03	1.368653e-01
9.445161680722134e-03	1.357274e-01
9.447156462405024e-03	1.341174e-01
9.449459723583711e-03	1.322113e-01
9.449828537301929e-03	1.319009e-01
9.450566164738364e-03	1.312774e-01
9.451208965504091e-03	1.307298e-01
9.451853708277488e-03	1.301761e-01
9.452423726041310e-03	1.296829e-01
9.453029943319756e-03	1.291559e-01
9.453674261786806e-03	1.285923e-01
9.454391115342601e-03	1.279613e-01
9.455508402571059e-03	1.269689e-01
9.456862868185794e-03	1.257517e-01
9.458962846354009e-03	1.238340e-01
9.463162802690439e-03	1.198910e-01
9.469640945318531e-03	1.135412e-01
9.479406570318531e-03	1.033977e-01
9.489172195318531e-03	9.262403e-02
9.498937820318533e-03	8.128258e-02
9.508703445318532e-03	6.943458e-02
9.518469070318532e-03	5.714416e-02
9.528234695318532e-03	4.448299e-02
9.538000320318532e-03	3.154005e-02
9.547765945318532e-03	1.844131e-02
9.557531570318531e-03	5.374619e-03
9.558752273443532e-03	3.754276e-03
9.561193679693531e-03	5.271515e-04
9.561804031256031e-03	-2.748409e-04
9.562715564141053e-03	-1.470648e-03
9.562815000597113e-03	-1.600831e-03
9.563013873509238e-03	-1.861095e-03
9.563411619333483e-03	-2.381372e-03
9.563698166024528e-03	-2.757129e-03
9.563996839462515e-03	-3.146425e-03
9.564328033348706e-03	-3.576890e-03
9.564663399363203e-03	-4.013878e-03
9.565334131392196e-03	-4.884468e-03
9.566066559065826e-03	-5.833504e-03
9.567356805319584e-03	-7.497304e-03
9.569012082261729e-03	-9.618790e-03
9.571586064831992e-03	-1.288420e-02
9.575988683838766e-03	-1.837065e-02
9.584045667766503e-03	-2.806172e-02
9.593811292766504e-03	-3.919930e-02
9.603576917766504e-03	-4.970264e-02
9.613342542766504e-03	-5.961746e-02
9.623108167766504e-03	-6.898065e-02
9.632873792766504e-03	-7.782391e-02
9.642639417766503e-03	-8.617038e-02
9.652405042766503e-03	-9.404128e-02
9.662170667766503e-03	-1.014528e-01
9.671936292766503e-03	-1.084217e-01
9.681701917766504e-03	-1.149597e-01
9.691467542766504e-03	-1.210805e-01
9.701233167766504e-03	-1.267947e-01
9.710998792766504e-03	-1.321135e-01
9.720764417766503e-03	-1.370455e-01
9.730530042766503e-03	-1.416002e-01
9.740295667766503e-03	-1.457846e-01
9.750061292766503e-03	-1.496061e-01
9.759826917766504e-03	-1.530701e-01
9.767630843084171e-03	-1.555847e-01
9.767903661627305e-03	-1.556684e-01
9.768449298713570e-03	-1.558352e-01
9.769540572886102e-03	-1.561657e-01
9.771723121231167e-03	-1.568134e-01
9.773758011624245e-03	-1.574012e-01
9.774036122664805e-03	-1.574800e-01
9.774592344745923e-03	-1.576369e-01
9.775478531741138e-03	-1.578846e-01
9.776315222674836e-03	-1.581165e-01
9.777199708927015e-03	-1.583585e-01
9.778310581091815e-03	-1.586588e-01
9.779411804814992e-03	-1.589519e-01
9.781614252261348e-03	-1.595250e-01
9.786019147154061e-03	-1.606187e-01
9.794828936939485e-03	-1.625965e-01
9.804594561939484e-03	-1.644621e-01
9.814360186939484e-03	-1.659822e-01
9.824125811939486e-03	-1.671522e-01
9.833891436939485e-03	-1.679645e-01
9.843657061939485e-03	-1.684064e-01
9.853422686939485e-03	-1.684593e-01
9.863188311939485e-03	-1.680956e-01
9.872953936939485e-03	-1.672752e-01
9.882719561939484e-03	-1.659400e-01
9.892485186939484e-03	-1.640064e-01
9.902250811939486e-03	-1.613582e-01
9.912016436939486e-03	-1.578464e-01
9.913237140064484e-03	-1.573341e-01
9.915678546314486e-03	-1.562732e-01
9.917883940063635e-03	-1.552539e-01
9.919582968089907e-03	-1.544303e-01
9.920994375855604e-03	-1.537193e-01
9.922703451076698e-03	-1.528262e-01
9.924268898133852e-03	-1.519774e-01
9.925779005004564e-03	-1.511302e-01
9.927693005065760e-03	-1.500169e-01
9.929252399604342e-03	-1.490775e-01
9.930516076938968e-03	-1.482951e-01
9.931971206485224e-03	-1.473706e-01
9.934064880473844e-03	-1.459968e-01
9.937755904245562e-03	-1.434520e-01
9.942903140652467e-03	-1.396520e-01
9.952668765652468e-03	-1.317032e-01
9.962434390652468e-03	-1.228883e-01
9.972200015652468e-03	-1.133125e-01
9.981965640652467e-03	-1.030505e-01
9.991731265652467e-03	-9.217080e-02
1.000000000000000e-02	-8.252010e-02
