time	V(n012)
0.000000000000000e+00	4.500009e-14
1.428571445265854e-08	-1.564761e-09
2.857142890531708e-08	-1.335964e-09
4.285714335797562e-08	6.864359e-10
5.714285781063416e-08	4.502438e-09
7.142857226329269e-08	1.011204e-08
8.571428671595124e-08	1.751525e-08
1.000000011686097e-07	2.671206e-08
1.697739414524897e-07	4.040049e-07
2.535030712925253e-07	2.342501e-06
3.426201472517632e-07	7.208126e-06
5.208542991702391e-07	2.455889e-05
7.369417347372686e-07	5.650141e-05
1.017088889285618e-06	1.161063e-04
1.358234645334714e-06	2.160130e-04
1.821733716056050e-06	3.972127e-04
2.423616141138851e-06	7.080362e-04
3.249473498558604e-06	1.264039e-03
4.356149858698633e-06	2.226274e-03
5.895832537109411e-06	3.934636e-03
8.035967632706495e-06	6.925379e-03
1.113279900290331e-05	1.226668e-02
1.580103914268138e-05	2.138481e-02
2.022033013896957e-05	2.832778e-02
2.284817615751467e-05	3.084159e-02
2.601335062083742e-05	3.327758e-02
2.911737226512181e-05	3.553479e-02
3.279306292649128e-05	3.808457e-02
4.014444424923022e-05	4.292656e-02
4.991006924923022e-05	4.897179e-02
5.967569424923022e-05	5.469092e-02
6.944131924923022e-05	6.012280e-02
7.920694424923022e-05	6.530028e-02
8.897256924923022e-05	7.023169e-02
9.873819424923022e-05	7.493365e-02
1.085038192492302e-04	7.940803e-02
1.182694442492302e-04	8.366921e-02
1.280350692492302e-04	8.771598e-02
1.378006942492302e-04	9.156054e-02
1.475663192492302e-04	9.520093e-02
1.573319442492302e-04	9.864795e-02
1.670975692492302e-04	1.018991e-01
1.768631942492302e-04	1.049642e-01
1.866288192492302e-04	1.078404e-01
1.963944442492302e-04	1.105366e-01
2.061600692492302e-04	1.130498e-01
2.159256942492302e-04	1.153879e-01
2.256913192492302e-04	1.175479e-01
2.354569442492302e-04	1.195373e-01
2.452225692492302e-04	1.213526e-01
2.549881942492302e-04	1.230008e-01
2.647538192492302e-04	1.244785e-01
2.745194442492302e-04	1.257921e-01
2.842850692492302e-04	1.269381e-01
2.940506942492302e-04	1.279223e-01
3.038163192492302e-04	1.287412e-01
3.135819442492302e-04	1.294001e-01
3.233475692492303e-04	1.298950e-01
3.331131942492302e-04	1.302303e-01
3.428788192492302e-04	1.304019e-01
3.526444442492302e-04	1.304129e-01
3.624100692492302e-04	1.302579e-01
3.721756942492302e-04	1.299384e-01
3.819413192492302e-04	1.294467e-01
3.917069442492302e-04	1.287808e-01
4.014725692492302e-04	1.279287e-01
4.112381942492302e-04	1.268810e-01
4.210038192492302e-04	1.256151e-01
4.307694442492302e-04	1.241038e-01
4.405350692492302e-04	1.222939e-01
4.503006942492302e-04	1.200994e-01
4.600663192492302e-04	1.173384e-01
4.698319442492302e-04	1.135801e-01
4.795975692492302e-04	1.074199e-01
4.877830763697720e-04	9.756245e-02
4.957930272306640e-04	8.126151e-02
5.042125275720699e-04	5.844266e-02
5.092377627319610e-04	4.575315e-02
5.134082328499791e-04	3.889535e-02
5.163824482286186e-04	3.520414e-02
5.188470837569737e-04	3.207494e-02
5.214722497470963e-04	2.887645e-02
5.255190824710499e-04	2.408019e-02
5.336127479189570e-04	1.493322e-02
5.348334510439569e-04	1.360374e-02
5.372748572939570e-04	1.096572e-02
5.378852088564570e-04	1.031427e-02
5.391059119814569e-04	9.016581e-03
5.408086212997273e-04	7.223666e-03
5.412331771010684e-04	6.780208e-03
5.420822887037507e-04	5.895781e-03
5.426703741238559e-04	5.285566e-03
5.427508507822694e-04	5.202086e-03
5.429118040990966e-04	5.035300e-03
5.432337107327509e-04	4.702911e-03
5.438775240000596e-04	4.040411e-03
5.446462469824029e-04	3.252734e-03
5.461836929470897e-04	1.688630e-03
5.492585848764631e-04	-1.395957e-03
5.551498054467033e-04	-7.146587e-03
5.649154304467033e-04	-1.624316e-02
5.746810554467033e-04	-2.482763e-02
5.844466804467032e-04	-3.293168e-02
5.942123054467032e-04	-4.058174e-02
6.039779304467032e-04	-4.780202e-02
6.137435554467032e-04	-5.461370e-02
6.235091804467032e-04	-6.103681e-02
6.332748054467032e-04	-6.708904e-02
6.430404304467032e-04	-7.278736e-02
6.528060554467032e-04	-7.814685e-02
6.625716804467033e-04	-8.318186e-02
6.723373054467033e-04	-8.790521e-02
6.821029304467033e-04	-9.232932e-02
6.918685554467033e-04	-9.646507e-02
7.016341804467033e-04	-1.003231e-01
7.113998054467032e-04	-1.039128e-01
7.211654304467032e-04	-1.072432e-01
7.309310554467032e-04	-1.103223e-01
7.406966804467032e-04	-1.131580e-01
7.504623054467032e-04	-1.157571e-01
7.602279304467032e-04	-1.181265e-01
7.699935554467032e-04	-1.202721e-01
7.797591804467032e-04	-1.221996e-01
7.992904304467033e-04	-1.254206e-01
8.188216804467033e-04	-1.278265e-01
8.383529304467032e-04	-1.294474e-01
8.481185554467032e-04	-1.299708e-01
8.578841804467032e-04	-1.303056e-01
8.676498054467032e-04	-1.304527e-01
8.774154304467032e-04	-1.304124e-01
8.871810554467032e-04	-1.301834e-01
8.969466804467032e-04	-1.297627e-01
9.067123054467033e-04	-1.291448e-01
9.164779304467033e-04	-1.283208e-01
9.262435554467033e-04	-1.272752e-01
9.360091804467033e-04	-1.259854e-01
9.457748054467033e-04	-1.244124e-01
9.555404304467033e-04	-1.224884e-01
9.653060554467032e-04	-1.200844e-01
9.750716804467032e-04	-1.169130e-01
9.848373054467032e-04	-1.121580e-01
9.946029304467032e-04	-1.029678e-01
1.002722659932530e-03	-8.870959e-02
1.010933209670451e-03	-6.776599e-02
1.016705007685711e-03	-5.191984e-02
1.021296755405642e-03	-4.282116e-02
1.023717104338712e-03	-3.967032e-02
1.026393491649834e-03	-3.624618e-02
1.029039304464896e-03	-3.296830e-02
1.034330930095019e-03	-2.666815e-02
1.042793206671765e-03	-1.712712e-02
1.052558831671765e-03	-6.796755e-03
1.062324456671765e-03	2.923893e-03
1.072090081671765e-03	1.207288e-02
1.081855706671765e-03	2.071111e-02
1.091621331671765e-03	2.885053e-02
1.101386956671765e-03	3.653893e-02
1.111152581671765e-03	4.378027e-02
1.120918206671765e-03	5.061648e-02
1.130683831671765e-03	5.704755e-02
1.140449456671765e-03	6.311145e-02
1.150215081671765e-03	6.880552e-02
1.159980706671765e-03	7.416452e-02
1.169746331671765e-03	7.918390e-02
1.179511956671765e-03	8.389547e-02
1.189277581671765e-03	8.829320e-02
1.199043206671765e-03	9.240653e-02
1.208808831671765e-03	9.622819e-02
1.218574456671765e-03	9.978543e-02
1.228340081671765e-03	1.030701e-01
1.238105706671765e-03	1.061074e-01
1.247871331671765e-03	1.088886e-01
1.257636956671765e-03	1.114371e-01
1.267402581671765e-03	1.137436e-01
1.277168206671765e-03	1.158300e-01
1.286933831671765e-03	1.176865e-01
1.296699456671765e-03	1.193334e-01
1.306465081671765e-03	1.207607e-01
1.316230706671765e-03	1.219870e-01
1.325996331671765e-03	1.230020e-01
1.335761956671765e-03	1.238227e-01
1.345527581671765e-03	1.244381e-01
1.355293206671765e-03	1.248631e-01
1.365058831671765e-03	1.250856e-01
1.374824456671765e-03	1.251181e-01
1.384590081671765e-03	1.249460e-01
1.394355706671765e-03	1.245774e-01
1.404121331671765e-03	1.239929e-01
1.413886956671765e-03	1.231930e-01
1.423652581671765e-03	1.221454e-01
1.433418206671765e-03	1.208309e-01
1.443183831671765e-03	1.191851e-01
1.452949456671765e-03	1.171198e-01
1.462715081671765e-03	1.144211e-01
1.472480706671765e-03	1.105800e-01
1.482246331671765e-03	1.038315e-01
1.491162018878597e-03	9.143776e-02
1.499918402830709e-03	7.137590e-02
1.506173267040516e-03	5.386969e-02
1.510695526005338e-03	4.306832e-02
1.513597700234109e-03	3.844835e-02
1.517096191771275e-03	3.393841e-02
1.519981365669133e-03	3.034523e-02
1.523171028246206e-03	2.651042e-02
1.529550353400353e-03	1.914614e-02
1.539315978400353e-03	8.525220e-03
1.540536681525353e-03	7.249177e-03
1.542978087775353e-03	4.718664e-03
1.543967442324927e-03	3.703148e-03
1.544134228596786e-03	3.533222e-03
1.544467801140506e-03	3.193643e-03
1.545134946227945e-03	2.515636e-03
1.546379146106409e-03	1.258184e-03
1.547617300125920e-03	1.641682e-05
1.550093608164940e-03	-2.438893e-03
1.555046224242981e-03	-7.239729e-03
1.564811849242981e-03	-1.629882e-02
1.574577474242981e-03	-2.484817e-02
1.584343099242981e-03	-3.291967e-02
1.594108724242981e-03	-4.053966e-02
1.603874349242981e-03	-4.773226e-02
1.613639974242981e-03	-5.451850e-02
1.623405599242981e-03	-6.091822e-02
1.633171224242981e-03	-6.694900e-02
1.642936849242981e-03	-7.262762e-02
1.652702474242981e-03	-7.796907e-02
1.662468099242981e-03	-8.298743e-02
1.672233724242981e-03	-8.769565e-02
1.681999349242981e-03	-9.210583e-02
1.691764974242981e-03	-9.622882e-02
1.701530599242981e-03	-1.000751e-01
1.711296224242981e-03	-1.036541e-01
1.721061849242981e-03	-1.069746e-01
1.730827474242981e-03	-1.100447e-01
1.740593099242981e-03	-1.128720e-01
1.750358724242981e-03	-1.154635e-01
1.760124349242981e-03	-1.178259e-01
1.769889974242981e-03	-1.199649e-01
1.779655599242981e-03	-1.218863e-01
1.789421224242981e-03	-1.235952e-01
1.799186849242981e-03	-1.250964e-01
1.808952474242981e-03	-1.263942e-01
1.818718099242981e-03	-1.274927e-01
1.828483724242981e-03	-1.283951e-01
1.838249349242981e-03	-1.291046e-01
1.848014974242981e-03	-1.296236e-01
1.857780599242981e-03	-1.299540e-01
1.867546224242981e-03	-1.300966e-01
1.877311849242981e-03	-1.300516e-01
1.887077474242981e-03	-1.298175e-01
1.896843099242981e-03	-1.293912e-01
1.906608724242981e-03	-1.287668e-01
1.916374349242981e-03	-1.279352e-01
1.926139974242981e-03	-1.268803e-01
1.935905599242981e-03	-1.255785e-01
1.945671224242981e-03	-1.239893e-01
1.955436849242981e-03	-1.220417e-01
1.965202474242981e-03	-1.195993e-01
1.974968099242981e-03	-1.163538e-01
1.984733724242981e-03	-1.114096e-01
1.994499349242981e-03	-1.016729e-01
2.002893380750505e-03	-8.615472e-02
2.010912718244745e-03	-6.514746e-02
2.016348544126107e-03	-5.045712e-02
2.020784098472700e-03	-4.206367e-02
2.023101896319132e-03	-3.911213e-02
2.025767032074922e-03	-3.570996e-02
2.028181447980712e-03	-3.272242e-02
2.033010279792291e-03	-2.696350e-02
2.040642706688623e-03	-1.830390e-02
2.050408331688623e-03	-7.887152e-03
2.060173956688623e-03	1.909483e-03
2.069939581688623e-03	1.112959e-02
2.079705206688623e-03	1.983382e-02
2.089470831688623e-03	2.803681e-02
2.099236456688623e-03	3.578501e-02
2.109002081688623e-03	4.308457e-02
2.118767706688623e-03	4.997588e-02
2.128533331688623e-03	5.646097e-02
2.138298956688623e-03	6.257617e-02
2.148064581688623e-03	6.832083e-02
2.157830206688623e-03	7.372804e-02
2.167595831688623e-03	7.879517e-02
2.177361456688623e-03	8.355241e-02
2.187127081688623e-03	8.799555e-02
2.196892706688623e-03	9.215246e-02
2.206658331688623e-03	9.601762e-02
2.216423956688623e-03	9.961673e-02
2.226189581688623e-03	1.029433e-01
2.235955206688623e-03	1.060211e-01
2.245720831688623e-03	1.088430e-01
2.255486456688623e-03	1.114309e-01
2.265252081688623e-03	1.137770e-01
2.275017706688623e-03	1.159019e-01
2.284783331688623e-03	1.177973e-01
2.294548956688623e-03	1.194821e-01
2.304314581688623e-03	1.209477e-01
2.314080206688623e-03	1.222117e-01
2.323845831688623e-03	1.232650e-01
2.333611456688623e-03	1.241235e-01
2.343377081688623e-03	1.247775e-01
2.353142706688623e-03	1.252411e-01
2.362908331688623e-03	1.255035e-01
2.372673956688623e-03	1.255764e-01
2.382439581688623e-03	1.254469e-01
2.392205206688623e-03	1.251227e-01
2.401970831688623e-03	1.245866e-01
2.411736456688623e-03	1.238393e-01
2.421502081688623e-03	1.228525e-01
2.431267706688623e-03	1.216102e-01
2.441033331688623e-03	1.200570e-01
2.450798956688623e-03	1.181210e-01
2.460564581688623e-03	1.156320e-01
2.470330206688623e-03	1.122172e-01
2.480095831688623e-03	1.066771e-01
2.488202159499491e-03	9.794745e-02
2.496397248008961e-03	8.242644e-02
2.504208635236102e-03	6.188750e-02
2.509017079163389e-03	4.868584e-02
2.513546552033289e-03	3.980046e-02
2.516085760083464e-03	3.649921e-02
2.518682103962603e-03	3.319201e-02
2.521505250302216e-03	2.971308e-02
2.527151542981442e-03	2.303938e-02
2.534542081137575e-03	1.474096e-02
2.535762784262575e-03	1.341891e-02
2.538204190512575e-03	1.079320e-02
2.543087003012575e-03	5.668600e-03
2.543827033590023e-03	4.907293e-03
2.545157417083284e-03	3.544712e-03
2.545911567530318e-03	2.776925e-03
2.546028612049263e-03	2.658033e-03
2.546262701087155e-03	2.420564e-03
2.546730879162937e-03	1.947128e-03
2.547667235314503e-03	1.004433e-03
2.549056030347186e-03	-3.839011e-04
2.551833620412553e-03	-3.125631e-03
2.557388800543285e-03	-8.472398e-03
2.566023712785837e-03	-1.643806e-02
2.575789337785837e-03	-2.496907e-02
2.585554962785837e-03	-3.302251e-02
2.595320587785837e-03	-4.062511e-02
2.605086212785837e-03	-4.780040e-02
2.614851837785837e-03	-5.456978e-02
2.624617462785837e-03	-6.095265e-02
2.634383087785837e-03	-6.696690e-02
2.644148712785837e-03	-7.262892e-02
2.653914337785837e-03	-7.795400e-02
2.663679962785837e-03	-8.295596e-02
2.673445587785837e-03	-8.764783e-02
2.683211212785837e-03	-9.204154e-02
2.692976837785837e-03	-9.614820e-02
2.702742462785837e-03	-9.997801e-02
2.712508087785837e-03	-1.035405e-01
2.722273712785837e-03	-1.068444e-01
2.732039337785837e-03	-1.098979e-01
2.741804962785837e-03	-1.127084e-01
2.751570587785837e-03	-1.152832e-01
2.761336212785837e-03	-1.176285e-01
2.771101837785837e-03	-1.197505e-01
2.780867462785837e-03	-1.216547e-01
2.790633087785837e-03	-1.233462e-01
2.800398712785837e-03	-1.248299e-01
2.810164337785837e-03	-1.261100e-01
2.819929962785837e-03	-1.271905e-01
2.829695587785837e-03	-1.280747e-01
2.839461212785837e-03	-1.287656e-01
2.849226837785837e-03	-1.292656e-01
2.858992462785837e-03	-1.295764e-01
2.868758087785837e-03	-1.296989e-01
2.878523712785837e-03	-1.296328e-01
2.888289337785837e-03	-1.293764e-01
2.898054962785837e-03	-1.289263e-01
2.907820587785837e-03	-1.282760e-01
2.917586212785837e-03	-1.274152e-01
2.927351837785837e-03	-1.263266e-01
2.937117462785837e-03	-1.249843e-01
2.946883087785837e-03	-1.233432e-01
2.956648712785837e-03	-1.213233e-01
2.966414337785837e-03	-1.187673e-01
2.976179962785837e-03	-1.153044e-01
2.985945587785837e-03	-1.097923e-01
2.995711212785837e-03	-9.853756e-02
3.005298010765432e-03	-7.840873e-02
3.012754436419137e-03	-5.777834e-02
3.017423630594057e-03	-4.636392e-02
3.020886879335817e-03	-4.079362e-02
3.024271977147730e-03	-3.649496e-02
3.026980469746888e-03	-3.309761e-02
3.029871534291831e-03	-2.960978e-02
3.035320881636379e-03	-2.325602e-02
3.042344458172465e-03	-1.545324e-02
3.052110083172465e-03	-5.196461e-03
3.061875708172465e-03	4.446832e-03
3.071641333172465e-03	1.353727e-02
3.081406958172465e-03	2.211025e-02
3.091172583172465e-03	3.020044e-02
3.100938208172465e-03	3.783248e-02
3.110703833172465e-03	4.503205e-02
3.120469458172465e-03	5.181934e-02
3.130235083172465e-03	5.821506e-02
3.140000708172465e-03	6.423652e-02
3.149766333172465e-03	6.990091e-02
3.159531958172465e-03	7.522319e-02
3.169297583172465e-03	8.021786e-02
3.179063208172465e-03	8.489783e-02
3.188828833172465e-03	8.927525e-02
3.198594458172465e-03	9.336151e-02
3.208360083172465e-03	9.716679e-02
3.218125708172465e-03	1.007010e-01
3.227891333172465e-03	1.039728e-01
3.237656958172465e-03	1.069907e-01
3.247422583172465e-03	1.097621e-01
3.257188208172465e-03	1.122946e-01
3.266953833172465e-03	1.145941e-01
3.276719458172465e-03	1.166674e-01
3.286485083172465e-03	1.185195e-01
3.296250708172465e-03	1.201561e-01
3.306016333172465e-03	1.215813e-01
3.315781958172465e-03	1.228001e-01
3.325547583172465e-03	1.238154e-01
3.335313208172465e-03	1.246313e-01
3.345078833172465e-03	1.252494e-01
3.354844458172465e-03	1.256724e-01
3.374375708172465e-03	1.259345e-01
3.384141333172465e-03	1.257716e-01
3.393906958172465e-03	1.254091e-01
3.403672583172465e-03	1.248393e-01
3.413438208172465e-03	1.240527e-01
3.423203833172465e-03	1.230294e-01
3.432969458172465e-03	1.217427e-01
3.442735083172465e-03	1.201435e-01
3.452500708172465e-03	1.181450e-01
3.462266333172465e-03	1.155716e-01
3.472031958172465e-03	1.119972e-01
3.481797583172465e-03	1.060483e-01
3.489934187816123e-03	9.649480e-02
3.498256908809324e-03	7.971083e-02
3.506661756939094e-03	5.698455e-02
3.511718626911230e-03	4.437378e-02
3.515888197028218e-03	3.766235e-02
3.518979381371725e-03	3.387016e-02
3.521467413620786e-03	3.074565e-02
3.524126547891419e-03	2.754675e-02
3.528007944591967e-03	2.299762e-02
3.534641453080788e-03	1.554089e-02
3.544407078080788e-03	5.167764e-03
3.545221642723953e-03	4.333023e-03
3.545425283884744e-03	4.124783e-03
3.545832566206327e-03	3.708894e-03
3.546647130849493e-03	2.880348e-03
3.547503077176575e-03	2.013665e-03
3.547622273489524e-03	1.893182e-03
3.547860666115422e-03	1.652568e-03
3.548337451367217e-03	1.173165e-03
3.549256333116797e-03	2.532388e-04
3.550319849575355e-03	-8.051232e-04
3.552446882492472e-03	-2.901462e-03
3.556700948326706e-03	-7.013918e-03
3.564012252017811e-03	-1.384067e-02
3.573777877017811e-03	-2.250868e-02
3.583543502017811e-03	-3.069056e-02
3.593309127017811e-03	-3.841425e-02
3.603074752017811e-03	-4.570389e-02
3.612840377017811e-03	-5.258159e-02
3.622606002017811e-03	-5.906710e-02
3.632371627017811e-03	-6.517889e-02
3.642137252017811e-03	-7.093360e-02
3.651902877017811e-03	-7.634691e-02
3.661668502017811e-03	-8.143297e-02
3.671434127017811e-03	-8.620524e-02
3.681199752017811e-03	-9.067568e-02
3.690965377017811e-03	-9.485582e-02
3.700731002017811e-03	-9.875597e-02
3.710496627017811e-03	-1.023860e-01
3.720262252017811e-03	-1.057547e-01
3.730027877017811e-03	-1.088705e-01
3.739793502017811e-03	-1.117411e-01
3.749559127017811e-03	-1.143738e-01
3.759324752017811e-03	-1.167749e-01
3.769090377017811e-03	-1.189509e-01
3.778856002017811e-03	-1.209072e-01
3.788621627017811e-03	-1.226494e-01
3.798387252017811e-03	-1.241820e-01
3.808152877017811e-03	-1.255097e-01
3.817918502017811e-03	-1.266364e-01
3.827684127017811e-03	-1.275656e-01
3.837449752017811e-03	-1.283004e-01
3.847215377017811e-03	-1.288434e-01
3.856981002017811e-03	-1.291963e-01
3.866746627017811e-03	-1.293601e-01
3.876512252017811e-03	-1.293348e-01
3.886277877017811e-03	-1.291192e-01
3.896043502017811e-03	-1.287097e-01
3.905809127017811e-03	-1.281009e-01
3.915574752017811e-03	-1.272828e-01
3.925340377017810e-03	-1.262395e-01
3.935106002017811e-03	-1.249467e-01
3.944871627017811e-03	-1.233630e-01
3.954637252017811e-03	-1.214152e-01
3.964402877017810e-03	-1.189627e-01
3.974168502017811e-03	-1.156834e-01
3.983934127017811e-03	-1.106300e-01
3.993699752017811e-03	-1.005641e-01
4.002280678162288e-03	-8.422983e-02
4.010466236925418e-03	-6.244061e-02
4.015703457202151e-03	-4.864521e-02
4.020292978182878e-03	-4.055162e-02
4.022788989177133e-03	-3.749077e-02
4.025105728609748e-03	-3.455106e-02
4.027556518324336e-03	-3.154296e-02
4.031669993544559e-03	-2.665251e-02
4.039751456097905e-03	-1.749916e-02
4.049517081097905e-03	-7.113479e-03
4.059282706097905e-03	2.655586e-03
4.069048331097905e-03	1.185171e-02
4.078813956097905e-03	2.053350e-02
4.088579581097905e-03	2.871714e-02
4.098345206097905e-03	3.644695e-02
4.108110831097905e-03	4.373099e-02
4.117876456097905e-03	5.060744e-02
4.127642081097905e-03	5.708037e-02
4.137407706097905e-03	6.318390e-02
4.147173331097905e-03	6.891943e-02
4.156938956097905e-03	7.431783e-02
4.166704581097905e-03	7.937855e-02
4.176470206097905e-03	8.412959e-02
4.186235831097905e-03	8.856879e-02
4.196001456097905e-03	9.272186e-02
4.205767081097905e-03	9.658531e-02
4.215532706097905e-03	1.001827e-01
4.225298331097905e-03	1.035096e-01
4.235063956097905e-03	1.065877e-01
4.244829581097904e-03	1.094117e-01
4.254595206097905e-03	1.120017e-01
4.264360831097905e-03	1.143517e-01
4.274126456097905e-03	1.164803e-01
4.283892081097905e-03	1.183812e-01
4.293657706097905e-03	1.200713e-01
4.303423331097905e-03	1.215440e-01
4.313188956097905e-03	1.228150e-01
4.322954581097905e-03	1.238769e-01
4.332720206097905e-03	1.247440e-01
4.342485831097905e-03	1.254084e-01
4.352251456097905e-03	1.258826e-01
4.362017081097905e-03	1.261577e-01
4.371782706097905e-03	1.262438e-01
4.381548331097905e-03	1.261300e-01
4.391313956097905e-03	1.258227e-01
4.401079581097905e-03	1.253071e-01
4.410845206097905e-03	1.245832e-01
4.420610831097905e-03	1.236265e-01
4.430376456097905e-03	1.224202e-01
4.440142081097905e-03	1.209165e-01
4.449907706097905e-03	1.190520e-01
4.459673331097905e-03	1.166798e-01
4.469438956097905e-03	1.134950e-01
4.479204581097905e-03	1.085735e-01
4.487384607260319e-03	1.010248e-01
4.495485931067121e-03	8.737296e-02
4.503469073794671e-03	6.754740e-02
4.508812666558639e-03	5.250309e-02
4.513162380472517e-03	4.268259e-02
4.515977617401014e-03	3.849113e-02
4.518876397565773e-03	3.476644e-02
4.521605088287587e-03	3.135289e-02
4.524685319680483e-03	2.763495e-02
4.530134105396408e-03	2.129009e-02
4.536196077016829e-03	1.454563e-02
4.545961702016829e-03	4.236746e-03
4.546429641061106e-03	3.761534e-03
4.547365519149662e-03	2.810954e-03
4.547562251930913e-03	2.611676e-03
4.547955717493416e-03	2.213861e-03
4.548305326818321e-03	1.860828e-03
4.548368665603653e-03	1.796838e-03
4.548495343174318e-03	1.668990e-03
4.548748698315646e-03	1.414088e-03
4.549255408598302e-03	9.058074e-04
4.549994214342597e-03	1.674935e-04
4.551471825831189e-03	-1.299108e-03
4.554427048808371e-03	-4.193368e-03
4.560067783436354e-03	-9.575990e-03
4.568652154185426e-03	-1.742695e-02
4.578417779185426e-03	-2.588575e-02
4.588183404185426e-03	-3.387048e-02
4.597949029185426e-03	-4.140716e-02
4.607714654185426e-03	-4.851917e-02
4.617480279185426e-03	-5.522742e-02
4.627245904185426e-03	-6.155126e-02
4.637011529185426e-03	-6.750819e-02
4.646777154185426e-03	-7.311462e-02
4.656542779185426e-03	-7.838546e-02
4.666308404185426e-03	-8.333461e-02
4.676074029185426e-03	-8.797476e-02
4.685839654185426e-03	-9.231792e-02
4.695605279185426e-03	-9.637488e-02
4.705370904185426e-03	-1.001559e-01
4.715136529185426e-03	-1.036704e-01
4.724902154185426e-03	-1.069270e-01
4.734667779185426e-03	-1.099337e-01
4.744433404185426e-03	-1.126982e-01
4.754199029185426e-03	-1.152272e-01
4.763964654185426e-03	-1.175273e-01
4.783495904185426e-03	-1.214640e-01
4.803027154185426e-03	-1.245507e-01
4.812792779185426e-03	-1.257867e-01
4.832324029185426e-03	-1.276630e-01
4.851855279185426e-03	-1.287645e-01
4.861620904185426e-03	-1.290297e-01
4.871386529185426e-03	-1.291054e-01
4.881152154185426e-03	-1.289911e-01
4.900683404185426e-03	-1.281810e-01
4.910449029185426e-03	-1.274731e-01
4.920214654185426e-03	-1.265486e-01
4.929980279185426e-03	-1.253867e-01
4.939745904185426e-03	-1.239562e-01
4.949511529185426e-03	-1.222018e-01
4.959277154185426e-03	-1.200221e-01
4.969042779185426e-03	-1.172062e-01
4.978808404185426e-03	-1.132099e-01
4.988574029185426e-03	-1.061842e-01
4.996792372376712e-03	-9.467895e-02
5.005769862447801e-03	-7.417198e-02
5.012364607545628e-03	-5.572093e-02
5.017004389561754e-03	-4.491519e-02
5.019950335777363e-03	-4.041865e-02
5.023256828589214e-03	-3.617691e-02
5.026153934460150e-03	-3.256063e-02
5.029308469132084e-03	-2.876508e-02
5.035617538475951e-03	-2.146323e-02
5.043106573261602e-03	-1.323732e-02
5.052872198261601e-03	-3.097920e-03
5.062637823261601e-03	6.437119e-03
5.072403448261602e-03	1.543170e-02
5.082169073261602e-03	2.391195e-02
5.091934698261602e-03	3.191917e-02
5.101700323261601e-03	3.946954e-02
5.111465948261602e-03	4.659614e-02
5.121231573261602e-03	5.331090e-02
5.130997198261602e-03	5.964205e-02
5.140762823261601e-03	6.559882e-02
5.150528448261602e-03	7.120584e-02
5.160294073261602e-03	7.647032e-02
5.170059698261602e-03	8.141384e-02
5.179825323261601e-03	8.604186e-02
5.189590948261601e-03	9.037365e-02
5.199356573261602e-03	9.441318e-02
5.209122198261602e-03	9.817758e-02
5.218887823261601e-03	1.016696e-01
5.228653448261601e-03	1.049047e-01
5.238419073261602e-03	1.078845e-01
5.248184698261602e-03	1.106229e-01
5.257950323261601e-03	1.131207e-01
5.267715948261601e-03	1.153904e-01
5.277481573261602e-03	1.174323e-01
5.287247198261602e-03	1.192574e-01
5.297012823261601e-03	1.208655e-01
5.306778448261601e-03	1.222664e-01
5.316544073261602e-03	1.234591e-01
5.326309698261602e-03	1.244524e-01
5.336075323261602e-03	1.252446e-01
5.345840948261601e-03	1.258428e-01
5.355606573261602e-03	1.262444e-01
5.365372198261602e-03	1.264547e-01
5.375137823261602e-03	1.264692e-01
5.384903448261601e-03	1.262904e-01
5.394669073261602e-03	1.259105e-01
5.404434698261602e-03	1.253269e-01
5.414200323261602e-03	1.245251e-01
5.423965948261601e-03	1.234902e-01
5.433731573261601e-03	1.221909e-01
5.443497198261602e-03	1.205832e-01
5.453262823261602e-03	1.185766e-01
5.463028448261601e-03	1.160018e-01
5.472794073261601e-03	1.124352e-01
5.482559698261602e-03	1.065336e-01
5.490669528991978e-03	9.711979e-02
5.498909439488327e-03	8.067159e-02
5.507206033727568e-03	5.832196e-02
5.512181234725080e-03	4.560368e-02
5.517210546813544e-03	3.738699e-02
5.520146091407002e-03	3.388818e-02
5.522463692405511e-03	3.095706e-02
5.524954101315906e-03	2.796207e-02
5.527826743412014e-03	2.457672e-02
5.532863160005768e-03	1.883179e-02
5.542628785005768e-03	8.265393e-03
5.543849488130768e-03	6.995107e-03
5.546290894380768e-03	4.477095e-03
5.546901245943268e-03	3.854752e-03
5.548121949068268e-03	2.614958e-03
5.548355251236439e-03	2.379306e-03
5.548821855572781e-03	1.908705e-03
5.549343754800060e-03	1.383687e-03
5.549673384300281e-03	1.050984e-03
5.550064881221909e-03	6.598707e-04
5.550452453106350e-03	2.742384e-04
5.550858764556048e-03	-1.312245e-04
5.551671387455445e-03	-9.367575e-04
5.552639703601304e-03	-1.893079e-03
5.554303710235177e-03	-3.521593e-03
5.556426016022319e-03	-5.576107e-03
5.560047069271871e-03	-9.019815e-03
5.566765460334488e-03	-1.521626e-02
5.576531085334489e-03	-2.379269e-02
5.586296710334488e-03	-3.188884e-02
5.596062335334488e-03	-3.952979e-02
5.605827960334488e-03	-4.674130e-02
5.615593585334489e-03	-5.354304e-02
5.625359210334488e-03	-5.995647e-02
5.635124835334488e-03	-6.599780e-02
5.644890460334488e-03	-7.168539e-02
5.654656085334489e-03	-7.703278e-02
5.664421710334488e-03	-8.205590e-02
5.674187335334488e-03	-8.676597e-02
5.683952960334488e-03	-9.117681e-02
5.693718585334489e-03	-9.529794e-02
5.703484210334489e-03	-9.914131e-02
5.713249835334488e-03	-1.027149e-01
5.723015460334488e-03	-1.060292e-01
5.732781085334489e-03	-1.090908e-01
5.742546710334489e-03	-1.119089e-01
5.752312335334488e-03	-1.144890e-01
5.762077960334488e-03	-1.168392e-01
5.771843585334488e-03	-1.189642e-01
5.781609210334489e-03	-1.208709e-01
5.791374835334488e-03	-1.225632e-01
5.801140460334488e-03	-1.240471e-01
5.810906085334488e-03	-1.253257e-01
5.820671710334489e-03	-1.264043e-01
5.830437335334488e-03	-1.272848e-01
5.840202960334488e-03	-1.279716e-01
5.849968585334488e-03	-1.284656e-01
5.859734210334489e-03	-1.287697e-01
5.869499835334488e-03	-1.288834e-01
5.879265460334488e-03	-1.288074e-01
5.889031085334488e-03	-1.285386e-01
5.898796710334489e-03	-1.280741e-01
5.908562335334488e-03	-1.274057e-01
5.918327960334488e-03	-1.265232e-01
5.928093585334488e-03	-1.254062e-01
5.937859210334489e-03	-1.240269e-01
5.947624835334489e-03	-1.223337e-01
5.957390460334488e-03	-1.202359e-01
5.967156085334488e-03	-1.175465e-01
5.976921710334489e-03	-1.138054e-01
5.986687335334489e-03	-1.075013e-01
5.995365078798591e-03	-9.640092e-02
6.004647333584341e-03	-7.605115e-02
6.011303922017995e-03	-5.747523e-02
6.015908642669153e-03	-4.615507e-02
6.019319155291908e-03	-4.059102e-02
6.022478415652980e-03	-3.655991e-02
6.025117305087849e-03	-3.323874e-02
6.027908658691523e-03	-2.985274e-02
6.033491365898870e-03	-2.332096e-02
6.040977477771882e-03	-1.499634e-02
6.050743102771882e-03	-4.746173e-03
6.060508727771882e-03	4.891852e-03
6.070274352771883e-03	1.397793e-02
6.080039977771882e-03	2.254795e-02
6.089805602771882e-03	3.063600e-02
6.099571227771882e-03	3.826723e-02
6.109336852771883e-03	4.546677e-02
6.119102477771882e-03	5.225530e-02
6.128868102771882e-03	5.865300e-02
6.138633727771882e-03	6.467764e-02
6.148399352771883e-03	7.034589e-02
6.158164977771882e-03	7.567319e-02
6.167930602771882e-03	8.067349e-02
6.177696227771882e-03	8.536019e-02
6.187461852771882e-03	8.974493e-02
6.197227477771882e-03	9.383953e-02
6.206993102771882e-03	9.765369e-02
6.216758727771882e-03	1.011978e-01
6.226524352771882e-03	1.044799e-01
6.236289977771882e-03	1.075091e-01
6.246055602771882e-03	1.102922e-01
6.255821227771882e-03	1.128373e-01
6.265586852771882e-03	1.151498e-01
6.275352477771882e-03	1.172371e-01
6.285118102771882e-03	1.191035e-01
6.294883727771882e-03	1.207553e-01
6.304649352771882e-03	1.221962e-01
6.314414977771883e-03	1.234316e-01
6.324180602771882e-03	1.244640e-01
6.333946227771882e-03	1.252980e-01
6.343711852771882e-03	1.259350e-01
6.353477477771883e-03	1.263782e-01
6.363243102771882e-03	1.266276e-01
6.373008727771882e-03	1.266845e-01
6.382774352771882e-03	1.265464e-01
6.392539977771883e-03	1.262112e-01
6.402305602771882e-03	1.256721e-01
6.412071227771882e-03	1.249209e-01
6.421836852771882e-03	1.239399e-01
6.431602477771882e-03	1.227056e-01
6.441368102771882e-03	1.211755e-01
6.451133727771882e-03	1.192762e-01
6.460899352771882e-03	1.168639e-01
6.470664977771882e-03	1.136106e-01
6.480430602771882e-03	1.085415e-01
6.490196227771882e-03	9.834410e-02
6.499246925512428e-03	8.074853e-02
6.507711912532002e-03	5.792338e-02
6.512734566315129e-03	4.523006e-02
6.517099044629934e-03	3.808444e-02
6.520058639575698e-03	3.447030e-02
6.522504075092241e-03	3.139313e-02
6.525111931689254e-03	2.824593e-02
6.528913730423132e-03	2.377765e-02
6.536427318623693e-03	1.533237e-02
6.546192943623693e-03	4.992930e-03
6.547413646748693e-03	3.748165e-03
6.547682963670361e-03	3.474265e-03
6.548221597513696e-03	2.927555e-03
6.549170163788342e-03	1.969547e-03
6.549308929283147e-03	1.829947e-03
6.549586460272756e-03	1.550991e-03
6.549894255174962e-03	1.241850e-03
6.549953282776293e-03	1.182465e-03
6.550071337978954e-03	1.063756e-03
6.550307448384277e-03	8.272533e-04
6.550779669194921e-03	3.558650e-04
6.551288060995704e-03	-1.502957e-04
6.552304844597269e-03	-1.157604e-03
6.554338411800400e-03	-3.154091e-03
6.558405546206660e-03	-7.073850e-03
6.565137955607887e-03	-1.335540e-02
6.574903580607886e-03	-2.203123e-02
6.584669205607887e-03	-3.021987e-02
6.594434830607887e-03	-3.794893e-02
6.604200455607887e-03	-4.524300e-02
6.613966080607886e-03	-5.212381e-02
6.623731705607886e-03	-5.861161e-02
6.633497330607887e-03	-6.472445e-02
6.643262955607887e-03	-7.047943e-02
6.653028580607886e-03	-7.589187e-02
6.662794205607886e-03	-8.097641e-02
6.672559830607887e-03	-8.574597e-02
6.682325455607887e-03	-9.021310e-02
6.692091080607887e-03	-9.438892e-02
6.701856705607886e-03	-9.828416e-02
6.711622330607887e-03	-1.019083e-01
6.721387955607887e-03	-1.052706e-01
6.731153580607887e-03	-1.083792e-01
6.740919205607886e-03	-1.112420e-01
6.750684830607887e-03	-1.138660e-01
6.760450455607887e-03	-1.162581e-01
6.770216080607887e-03	-1.184242e-01
6.789747330607887e-03	-1.221014e-01
6.809278580607887e-03	-1.249380e-01
6.828809830607887e-03	-1.269675e-01
6.848341080607887e-03	-1.282159e-01
6.867872330607886e-03	-1.286994e-01
6.877637955607887e-03	-1.286557e-01
6.887403580607887e-03	-1.284198e-01
6.897169205607886e-03	-1.279881e-01
6.906934830607886e-03	-1.273538e-01
6.916700455607887e-03	-1.265066e-01
6.926466080607887e-03	-1.254282e-01
6.936231705607887e-03	-1.240918e-01
6.945997330607886e-03	-1.224504e-01
6.955762955607887e-03	-1.204199e-01
6.965528580607887e-03	-1.178330e-01
6.975294205607887e-03	-1.142886e-01
6.985059830607886e-03	-1.085209e-01
6.994825455607887e-03	-9.661495e-02
7.004036438804131e-03	-7.671775e-02
7.010896605028257e-03	-5.764952e-02
7.015473714870798e-03	-4.627552e-02
7.019069613704782e-03	-4.036337e-02
7.022004552915954e-03	-3.665365e-02
7.024493847951531e-03	-3.350751e-02
7.027124362027235e-03	-3.030431e-02
7.031989920293131e-03	-2.457344e-02
7.039828416312521e-03	-1.579300e-02
7.049594041312521e-03	-5.490739e-03
7.059359666312522e-03	4.196309e-03
7.069125291312522e-03	1.332532e-02
7.078890916312522e-03	2.193784e-02
7.088656541312521e-03	3.006405e-02
7.098422166312522e-03	3.773360e-02
7.108187791312522e-03	4.496783e-02
7.117953416312522e-03	5.179144e-02
7.127719041312521e-03	5.822104e-02
7.137484666312521e-03	6.427812e-02
7.147250291312522e-03	6.997595e-02
7.157015916312522e-03	7.533348e-02
7.166781541312521e-03	8.036144e-02
7.176547166312521e-03	8.507653e-02
7.186312791312522e-03	8.948730e-02
7.196078416312522e-03	9.360873e-02
7.205844041312521e-03	9.744757e-02
7.215609666312521e-03	1.010172e-01
7.225375291312522e-03	1.043228e-01
7.235140916312522e-03	1.073765e-01
7.244906541312521e-03	1.101822e-01
7.254672166312521e-03	1.127508e-01
7.264437791312522e-03	1.150852e-01
7.274203416312522e-03	1.171951e-01
7.283969041312521e-03	1.190827e-01
7.293734666312521e-03	1.207567e-01
7.303500291312522e-03	1.222183e-01
7.313265916312522e-03	1.234754e-01
7.323031541312522e-03	1.245283e-01
7.332797166312521e-03	1.253837e-01
7.342562791312522e-03	1.260410e-01
7.352328416312522e-03	1.265057e-01
7.362094041312522e-03	1.267759e-01
7.371859666312521e-03	1.268548e-01
7.381625291312521e-03	1.267384e-01
7.391390916312522e-03	1.264267e-01
7.401156541312522e-03	1.259116e-01
7.410922166312521e-03	1.251872e-01
7.420687791312521e-03	1.242350e-01
7.430453416312522e-03	1.230353e-01
7.440219041312522e-03	1.215466e-01
7.449984666312521e-03	1.197035e-01
7.459750291312521e-03	1.173747e-01
7.469515916312522e-03	1.142749e-01
7.479281541312522e-03	1.095856e-01
7.487610954815923e-03	1.023652e-01
7.495901077865085e-03	8.897632e-02
7.503971419965371e-03	6.929947e-02
7.509963881957388e-03	5.253469e-02
7.514499716454368e-03	4.248803e-02
7.517177702582819e-03	3.859947e-02
7.520092874981381e-03	3.485477e-02
7.523478859608566e-03	3.066134e-02
7.527181851235579e-03	2.623317e-02
7.534587834489605e-03	1.777401e-02
7.544353459489605e-03	7.288236e-03
7.545574162614604e-03	6.025500e-03
7.548015568864605e-03	3.524347e-03
7.548625920427104e-03	2.906378e-03
7.549846623552105e-03	1.675142e-03
7.550733483442826e-03	7.859772e-04
7.550835269706567e-03	6.840877e-04
7.551038842234046e-03	4.805619e-04
7.551445987289005e-03	7.497105e-05
7.552260277398924e-03	-7.330411e-04
7.553168386386002e-03	-1.629516e-03
7.554984604360158e-03	-3.407740e-03
7.558617040308471e-03	-6.906256e-03
7.565515056055939e-03	-1.334306e-02
7.575280681055938e-03	-2.201568e-02
7.585046306055938e-03	-3.020089e-02
7.594811931055939e-03	-3.792672e-02
7.604577556055939e-03	-4.521729e-02
7.614343181055938e-03	-5.209479e-02
7.624108806055938e-03	-5.857896e-02
7.633874431055939e-03	-6.468833e-02
7.643640056055939e-03	-7.043955e-02
7.653405681055938e-03	-7.584837e-02
7.663171306055938e-03	-8.092893e-02
7.672936931055938e-03	-8.569475e-02
7.682702556055939e-03	-9.015779e-02
7.692468181055939e-03	-9.432966e-02
7.702233806055938e-03	-9.822064e-02
7.711999431055938e-03	-1.018407e-01
7.721765056055939e-03	-1.051986e-01
7.731530681055939e-03	-1.083028e-01
7.741296306055938e-03	-1.111611e-01
7.751061931055938e-03	-1.137806e-01
7.760827556055939e-03	-1.161679e-01
7.770593181055939e-03	-1.183294e-01
7.780358806055938e-03	-1.202706e-01
7.790124431055938e-03	-1.219968e-01
7.799890056055939e-03	-1.235128e-01
7.809655681055939e-03	-1.248232e-01
7.819421306055939e-03	-1.259318e-01
7.829186931055939e-03	-1.268422e-01
7.838952556055939e-03	-1.275572e-01
7.848718181055939e-03	-1.280794e-01
7.858483806055938e-03	-1.284104e-01
7.868249431055938e-03	-1.285509e-01
7.878015056055938e-03	-1.285007e-01
7.887780681055938e-03	-1.282579e-01
7.897546306055939e-03	-1.278186e-01
7.907311931055939e-03	-1.271763e-01
7.917077556055939e-03	-1.263196e-01
7.926843181055939e-03	-1.252303e-01
7.936608806055939e-03	-1.238804e-01
7.946374431055938e-03	-1.222214e-01
7.956140056055938e-03	-1.201658e-01
7.965905681055938e-03	-1.175380e-01
7.975671306055938e-03	-1.139103e-01
7.985436931055939e-03	-1.079101e-01
7.995202556055939e-03	-9.546337e-02
8.004151342167158e-03	-7.568520e-02
8.010644705651222e-03	-5.756866e-02
8.015166001261724e-03	-4.630949e-02
8.018725445936030e-03	-4.041476e-02
8.021596128006453e-03	-3.677351e-02
8.024074540416050e-03	-3.363747e-02
8.026685106058392e-03	-3.045221e-02
8.031727970105628e-03	-2.450781e-02
8.039985227194331e-03	-1.527193e-02
8.049750852194330e-03	-4.997835e-03
8.059516477194332e-03	4.664452e-03
8.069282102194332e-03	1.377062e-02
8.079047727194331e-03	2.236205e-02
8.088813352194331e-03	3.046851e-02
8.098578977194331e-03	3.811957e-02
8.108344602194331e-03	4.533643e-02
8.118110227194331e-03	5.214369e-02
8.127875852194330e-03	5.855793e-02
8.137641477194330e-03	6.460048e-02
8.147407102194332e-03	7.028468e-02
8.157172727194332e-03	7.562927e-02
8.166938352194331e-03	8.064510e-02
8.176703977194331e-03	8.534863e-02
8.186469602194331e-03	8.974857e-02
8.196235227194331e-03	9.385966e-02
8.206000852194330e-03	9.768882e-02
8.215766477194330e-03	1.012491e-01
8.225532102194332e-03	1.045461e-01
8.235297727194332e-03	1.075914e-01
8.245063352194331e-03	1.103893e-01
8.254828977194331e-03	1.129504e-01
8.264594602194331e-03	1.152778e-01
8.274360227194331e-03	1.173809e-01
8.284125852194331e-03	1.192622e-01
8.293891477194330e-03	1.209300e-01
8.303657102194332e-03	1.223859e-01
8.313422727194332e-03	1.236374e-01
8.323188352194331e-03	1.246852e-01
8.332953977194331e-03	1.255356e-01
8.342719602194331e-03	1.261883e-01
8.352485227194331e-03	1.266485e-01
8.362250852194331e-03	1.269145e-01
8.372016477194330e-03	1.269894e-01
8.381782102194330e-03	1.268694e-01
8.391547727194332e-03	1.265542e-01
8.401313352194332e-03	1.260359e-01
8.411078977194331e-03	1.253081e-01
8.420844602194331e-03	1.243537e-01
8.430610227194331e-03	1.231518e-01
8.440375852194331e-03	1.216613e-01
8.450141477194330e-03	1.198173e-01
8.459907102194330e-03	1.174887e-01
8.469672727194332e-03	1.143920e-01
8.479438352194332e-03	1.097143e-01
8.487708960251651e-03	1.025968e-01
8.495934998204297e-03	8.943565e-02
8.504038526904636e-03	6.979292e-02
8.510092474494201e-03	5.284966e-02
8.514636605028792e-03	4.270917e-02
8.517348438280132e-03	3.873900e-02
8.520301683329843e-03	3.494545e-02
8.523586871589557e-03	3.087497e-02
8.527250024985181e-03	2.648818e-02
8.534576331776424e-03	1.810706e-02
8.544341956776424e-03	7.603735e-03
8.545562659901425e-03	6.339139e-03
8.548004066151424e-03	3.834103e-03
8.548614417713924e-03	3.215164e-03
8.549835120838924e-03	1.981985e-03
8.550017610969858e-03	1.798567e-03
8.550382591231724e-03	1.432165e-03
8.550801357493101e-03	1.012526e-03
8.551105711671118e-03	7.064533e-04
8.551449533751480e-03	3.639532e-04
8.551815166037610e-03	1.311266e-06
8.552205869817619e-03	-3.873557e-04
8.552987277377638e-03	-1.159755e-03
8.553916382488948e-03	-2.074840e-03
8.555541365470027e-03	-3.661420e-03
8.557663768170069e-03	-5.711294e-03
8.561247048223771e-03	-9.111819e-03
8.567801429461902e-03	-1.514747e-02
8.577567054461901e-03	-2.371447e-02
8.587332679461901e-03	-3.180103e-02
8.597098304461901e-03	-3.943254e-02
8.606863929461901e-03	-4.663434e-02
8.616629554461901e-03	-5.342641e-02
8.626395179461900e-03	-5.982986e-02
8.636160804461900e-03	-6.586120e-02
8.645926429461902e-03	-7.153847e-02
8.655692054461902e-03	-7.687550e-02
8.665457679461901e-03	-8.188789e-02
8.675223304461901e-03	-8.658719e-02
8.684988929461901e-03	-9.098688e-02
8.694754554461901e-03	-9.509679e-02
8.704520179461901e-03	-9.892857e-02
8.714285804461900e-03	-1.024905e-01
8.724051429461902e-03	-1.057927e-01
8.733817054461902e-03	-1.088422e-01
8.743582679461901e-03	-1.116478e-01
8.753348304461901e-03	-1.142154e-01
8.763113929461901e-03	-1.165526e-01
8.772879554461901e-03	-1.186645e-01
8.782645179461901e-03	-1.205578e-01
8.792410804461900e-03	-1.222365e-01
8.802176429461900e-03	-1.237064e-01
8.811942054461902e-03	-1.249709e-01
8.821707679461901e-03	-1.260349e-01
8.831473304461901e-03	-1.269006e-01
8.841238929461901e-03	-1.275720e-01
8.851004554461901e-03	-1.280502e-01
8.860770179461901e-03	-1.283378e-01
8.870535804461900e-03	-1.284343e-01
8.880301429461900e-03	-1.283400e-01
8.890067054461902e-03	-1.280517e-01
8.899832679461902e-03	-1.275659e-01
8.909598304461901e-03	-1.268739e-01
8.919363929461901e-03	-1.259642e-01
8.929129554461901e-03	-1.248151e-01
8.938895179461901e-03	-1.233958e-01
8.948660804461901e-03	-1.216495e-01
8.958426429461900e-03	-1.194738e-01
8.968192054461902e-03	-1.166528e-01
8.977957679461902e-03	-1.126283e-01
8.987723304461901e-03	-1.054915e-01
8.995883071332257e-03	-9.391333e-02
9.004814976241600e-03	-7.338518e-02
9.011387553890096e-03	-5.500226e-02
9.016029711103771e-03	-4.429446e-02
9.018920365863638e-03	-3.993504e-02
9.022152023976191e-03	-3.579001e-02
9.024911605415664e-03	-3.234514e-02
9.028169551250742e-03	-2.842312e-02
9.034685442920899e-03	-2.089008e-02
9.042154191781768e-03	-1.270007e-02
9.051919816781768e-03	-2.574972e-03
9.061685441781767e-03	6.947184e-03
9.071451066781767e-03	1.593087e-02
9.081216691781767e-03	2.440114e-02
9.090982316781767e-03	3.240018e-02
9.100747941781766e-03	3.994309e-02
9.110513566781768e-03	4.706389e-02
9.120279191781768e-03	5.377345e-02
9.130044816781768e-03	6.010100e-02
9.139810441781767e-03	6.605464e-02
9.149576066781767e-03	7.166006e-02
9.159341691781767e-03	7.692334e-02
9.169107316781767e-03	8.186708e-02
9.178872941781767e-03	8.649568e-02
9.188638566781766e-03	9.082939e-02
9.198404191781768e-03	9.487110e-02
9.208169816781768e-03	9.863897e-02
9.217935441781767e-03	1.021347e-01
9.227701066781767e-03	1.053746e-01
9.237466691781767e-03	1.083595e-01
9.247232316781767e-03	1.111041e-01
9.256997941781767e-03	1.136083e-01
9.266763566781766e-03	1.158855e-01
9.276529191781768e-03	1.179349e-01
9.286294816781768e-03	1.197686e-01
9.296060441781768e-03	1.213855e-01
9.305826066781767e-03	1.227961e-01
9.315591691781767e-03	1.239989e-01
9.325357316781767e-03	1.250032e-01
9.335122941781767e-03	1.258067e-01
9.344888566781766e-03	1.264175e-01
9.354654191781768e-03	1.268321e-01
9.364419816781768e-03	1.270568e-01
9.374185441781768e-03	1.270866e-01
9.383951066781767e-03	1.269250e-01
9.393716691781767e-03	1.265638e-01
9.403482316781767e-03	1.260019e-01
9.413247941781767e-03	1.252249e-01
9.423013566781767e-03	1.242204e-01
9.432779191781766e-03	1.229589e-01
9.442544816781768e-03	1.214019e-01
9.452310441781768e-03	1.194682e-01
9.462076066781767e-03	1.170135e-01
9.471841691781767e-03	1.136876e-01
9.481607316781767e-03	1.084498e-01
9.491372941781767e-03	9.782909e-02
9.500282395208601e-03	8.008254e-02
9.508921789591843e-03	5.665822e-02
9.513980901326796e-03	4.434220e-02
9.518004762963446e-03	3.806846e-02
9.522026795254677e-03	3.309271e-02
9.524883778965159e-03	2.955011e-02
9.527949118995876e-03	2.592586e-02
9.532179566098611e-03	2.104191e-02
9.537219455388889e-03	1.543720e-02
9.546284072981919e-03	5.817549e-03
9.547504776106918e-03	4.569944e-03
9.549946182356920e-03	2.093422e-03
9.550102767479798e-03	1.935945e-03
9.550415937725555e-03	1.621323e-03
9.551042278217068e-03	9.936080e-04
9.551135021953160e-03	9.006312e-04
9.551320509425346e-03	7.148783e-04
9.551691484369717e-03	3.449596e-04
9.552325134847973e-03	-2.847023e-04
9.553027976088913e-03	-9.804362e-04
9.554433658570791e-03	-2.362834e-03
9.557245023534547e-03	-5.092971e-03
9.562804923944896e-03	-1.035736e-02
9.571207151810262e-03	-1.798847e-02
9.580972776810262e-03	-2.639268e-02
9.590738401810262e-03	-3.432510e-02
9.600504026810262e-03	-4.181118e-02
9.610269651810261e-03	-4.887423e-02
9.620035276810263e-03	-5.553474e-02
9.629800901810263e-03	-6.181211e-02
9.639566526810263e-03	-6.772351e-02
9.649332151810262e-03	-7.328539e-02
9.659097776810262e-03	-7.851230e-02
9.668863401810262e-03	-8.341841e-02
9.678629026810262e-03	-8.801597e-02
9.688394651810261e-03	-9.231714e-02
9.698160276810263e-03	-9.633247e-02
9.707925901810263e-03	-1.000724e-01
9.717691526810263e-03	-1.035458e-01
9.727457151810262e-03	-1.067618e-01
9.737222776810262e-03	-1.097281e-01
9.746988401810262e-03	-1.124523e-01
9.756754026810262e-03	-1.149411e-01
9.766519651810262e-03	-1.172012e-01
9.776285276810263e-03	-1.192382e-01
9.786050901810263e-03	-1.210579e-01
9.795816526810263e-03	-1.226649e-01
9.805582151810262e-03	-1.240642e-01
9.815347776810262e-03	-1.252597e-01
9.825113401810262e-03	-1.262554e-01
9.834879026810262e-03	-1.270541e-01
9.844644651810262e-03	-1.276588e-01
9.854410276810261e-03	-1.280712e-01
9.864175901810263e-03	-1.282928e-01
9.873941526810263e-03	-1.283233e-01
9.883707151810263e-03	-1.281620e-01
9.893472776810262e-03	-1.278055e-01
9.903238401810262e-03	-1.272486e-01
9.913004026810262e-03	-1.264819e-01
9.922769651810262e-03	-1.254902e-01
9.932535276810261e-03	-1.242501e-01
9.942300901810263e-03	-1.227223e-01
9.952066526810263e-03	-1.208374e-01
9.961832151810263e-03	-1.184636e-01
9.971597776810262e-03	-1.153043e-01
9.981363401810262e-03	-1.105104e-01
9.991129026810262e-03	-1.011275e-01
9.999088482489709e-03	-8.697822e-02
1.000000000000000e-02	-8.489359e-02
