time	V(n012)
0.000000000000000e+00	4.500008e-14
1.428571445265854e-08	-1.639807e-09
2.857142890531708e-08	-1.399925e-09
4.285714335797562e-08	7.196898e-10
5.714285781063416e-08	4.719038e-09
7.142857226329269e-08	1.059812e-08
8.571428671595124e-08	1.835693e-08
1.000000011686097e-07	2.799548e-08
1.699290477369467e-07	4.251814e-07
2.537055183389897e-07	2.459495e-06
3.432194283062510e-07	7.582488e-06
5.222472482407736e-07	2.580964e-05
7.393223819605830e-07	5.924256e-05
1.021852254320561e-06	1.215853e-04
1.367030890922867e-06	2.258219e-04
1.838943996517307e-06	4.146883e-04
2.456082524991736e-06	7.379733e-04
3.311714773044701e-06	1.315339e-03
4.474050800339221e-06	2.312725e-03
6.123242272868520e-06	4.082830e-03
8.481255729917395e-06	7.191102e-03
1.204365194153264e-05	1.281377e-02
1.743408661077839e-05	2.219541e-02
2.335039528213983e-05	3.046076e-02
2.707856586652404e-05	3.382827e-02
3.131757393762116e-05	3.711714e-02
3.670660871506883e-05	4.104017e-02
4.251170626633051e-05	4.501706e-02
5.227733126633051e-05	5.134914e-02
6.204295626633051e-05	5.731566e-02
7.180858126633051e-05	6.299071e-02
8.157420626633050e-05	6.838705e-02
9.133983126633051e-05	7.353569e-02
1.011054562663305e-04	7.843454e-02
1.108710812663305e-04	8.310390e-02
1.206367062663305e-04	8.754158e-02
1.304023312663305e-04	9.176262e-02
1.401679562663305e-04	9.576400e-02
1.499335812663305e-04	9.955859e-02
1.596992062663305e-04	1.031431e-01
1.694648312663305e-04	1.065289e-01
1.792304562663305e-04	1.097125e-01
1.889960812663305e-04	1.127040e-01
1.987617062663305e-04	1.155000e-01
2.085273312663305e-04	1.181095e-01
2.182929562663305e-04	1.205290e-01
2.280585812663305e-04	1.227667e-01
2.378242062663305e-04	1.248191e-01
2.475898312663305e-04	1.266936e-01
2.573554562663305e-04	1.283868e-01
2.671210812663305e-04	1.299053e-01
2.768867062663305e-04	1.312457e-01
2.866523312663305e-04	1.324141e-01
2.964179562663305e-04	1.334069e-01
3.061835812663305e-04	1.342295e-01
3.159492062663305e-04	1.348780e-01
3.257148312663305e-04	1.353571e-01
3.354804562663305e-04	1.356626e-01
3.452460812663305e-04	1.357979e-01
3.550117062663305e-04	1.357579e-01
3.647773312663305e-04	1.355439e-01
3.745429562663305e-04	1.351488e-01
3.843085812663305e-04	1.345707e-01
3.925070062666884e-04	1.339354e-01
3.989924172033877e-04	1.333335e-01
4.062750222340573e-04	1.325441e-01
4.125591809152942e-04	1.317630e-01
4.198706090375173e-04	1.307240e-01
4.296362340375173e-04	1.290931e-01
4.394018590375174e-04	1.271232e-01
4.491674840375174e-04	1.247039e-01
4.589331090375174e-04	1.216007e-01
4.686987340375174e-04	1.172373e-01
4.784643590375173e-04	1.098662e-01
4.878716217594213e-04	9.685457e-02
4.975325052371417e-04	7.674032e-02
5.054465674108501e-04	5.735828e-02
5.119458492578084e-04	4.333888e-02
5.169484992753936e-04	3.570072e-02
5.224204956483746e-04	2.867725e-02
5.267983476552844e-04	2.323283e-02
5.315460770188281e-04	1.763025e-02
5.383850973115127e-04	9.853672e-03
5.393372074951193e-04	8.808804e-03
5.412414278623324e-04	6.727223e-03
5.413918598883068e-04	6.563644e-03
5.416927239402555e-04	6.236916e-03
5.422944520441529e-04	5.585428e-03
5.423603286471337e-04	5.514068e-03
5.424920818530953e-04	5.371402e-03
5.427555882650183e-04	5.087235e-03
5.432519766180429e-04	4.553778e-03
5.437738192916783e-04	3.994533e-03
5.448175046389495e-04	2.881976e-03
5.469048753334919e-04	6.781291e-04
5.510796167225764e-04	-3.644204e-03
5.584463252538470e-04	-1.100747e-02
5.682119502538470e-04	-2.028066e-02
5.779775752538470e-04	-2.903376e-02
5.877432002538470e-04	-3.729805e-02
5.975088252538470e-04	-4.510092e-02
6.072744502538470e-04	-5.246587e-02
6.170400752538470e-04	-5.941484e-02
6.268057002538470e-04	-6.596705e-02
6.365713252538470e-04	-7.214094e-02
6.463369502538470e-04	-7.795276e-02
6.561025752538470e-04	-8.341807e-02
6.658682002538469e-04	-8.855063e-02
6.756338252538469e-04	-9.336396e-02
6.853994502538470e-04	-9.786969e-02
6.951650752538470e-04	-1.020794e-01
7.049307002538470e-04	-1.060030e-01
7.146963252538470e-04	-1.096506e-01
7.244619502538470e-04	-1.130305e-01
7.342275752538470e-04	-1.161514e-01
7.439932002538470e-04	-1.190205e-01
7.537588252538470e-04	-1.216452e-01
7.635244502538470e-04	-1.240317e-01
7.830557002538470e-04	-1.281148e-01
8.025869502538470e-04	-1.313128e-01
8.221182002538470e-04	-1.336614e-01
8.416494502538470e-04	-1.351892e-01
8.611807002538470e-04	-1.359152e-01
8.709463252538470e-04	-1.359800e-01
8.807119502538470e-04	-1.358450e-01
8.904775752538470e-04	-1.355077e-01
9.002432002538470e-04	-1.349626e-01
9.100088252538470e-04	-1.342013e-01
9.197744502538469e-04	-1.332096e-01
9.295400752538470e-04	-1.319648e-01
9.393057002538470e-04	-1.304314e-01
9.490713252538470e-04	-1.285481e-01
9.588369502538470e-04	-1.262009e-01
9.686025752538470e-04	-1.231548e-01
9.783682002538470e-04	-1.188161e-01
9.881338252538470e-04	-1.113927e-01
9.978994502538470e-04	-9.758832e-02
1.007665075253847e-03	-7.689328e-02
1.015351403278281e-03	-5.805914e-02
1.021719200208423e-03	-4.464014e-02
1.026508888173149e-03	-3.750150e-02
1.031477279368454e-03	-3.113362e-02
1.036113395672117e-03	-2.539713e-02
1.040938785301231e-03	-1.972443e-02
1.048483984551266e-03	-1.121670e-02
1.056956733405482e-03	-2.186216e-03
1.066722358405482e-03	7.658998e-03
1.076487983405482e-03	1.692554e-02
1.086253608405482e-03	2.567627e-02
1.096019233405482e-03	3.392462e-02
1.105784858405482e-03	4.171391e-02
1.115550483405482e-03	4.905396e-02
1.125316108405482e-03	5.597904e-02
1.135081733405482e-03	6.249743e-02
1.144847358405482e-03	6.863757e-02
1.154612983405482e-03	7.440662e-02
1.164378608405482e-03	7.982866e-02
1.174144233405482e-03	8.490991e-02
1.183909858405482e-03	8.967081e-02
1.193675483405482e-03	9.411668e-02
1.203441108405482e-03	9.826520e-02
1.213206733405482e-03	1.021208e-01
1.222972358405482e-03	1.056987e-01
1.232737983405482e-03	1.090027e-01
1.242503608405482e-03	1.120458e-01
1.252269233405482e-03	1.148313e-01
1.262034858405482e-03	1.173705e-01
1.271800483405482e-03	1.196658e-01
1.281566108405482e-03	1.217272e-01
1.291331733405482e-03	1.235566e-01
1.301097358405482e-03	1.251624e-01
1.310862983405482e-03	1.265458e-01
1.320628608405482e-03	1.277140e-01
1.330394233405482e-03	1.286674e-01
1.340159858405482e-03	1.294113e-01
1.349925483405482e-03	1.299452e-01
1.359691108405482e-03	1.302724e-01
1.369456733405482e-03	1.303903e-01
1.379222358405482e-03	1.302991e-01
1.388987983405482e-03	1.299926e-01
1.398753608405482e-03	1.294653e-01
1.408519233405482e-03	1.287035e-01
1.418284858405482e-03	1.276895e-01
1.428050483405482e-03	1.263905e-01
1.437816108405482e-03	1.247557e-01
1.447581733405482e-03	1.226892e-01
1.457347358405482e-03	1.200046e-01
1.467112983405482e-03	1.162549e-01
1.476878608405482e-03	1.101363e-01
1.486644233405482e-03	9.851778e-02
1.495588396409331e-03	8.149743e-02
1.503533422643757e-03	6.271543e-02
1.510747117094593e-03	4.590065e-02
1.517671993840627e-03	3.439946e-02
1.521724826960664e-03	2.936640e-02
1.525091095350253e-03	2.507610e-02
1.528623662618481e-03	2.084461e-02
1.532494503181605e-03	1.630616e-02
1.538237948579249e-03	9.832091e-03
1.539458651704249e-03	8.492048e-03
1.541900057954249e-03	5.834988e-03
1.542151150043216e-03	5.564835e-03
1.542653334221150e-03	5.025341e-03
1.542778880265633e-03	4.890741e-03
1.543029972354600e-03	4.621739e-03
1.543532156532534e-03	4.084657e-03
1.543883758664534e-03	3.707975e-03
1.544260063875819e-03	3.308365e-03
1.544718022078116e-03	2.823716e-03
1.545156324969790e-03	2.359411e-03
1.546032930753139e-03	1.436724e-03
1.547295724106847e-03	1.148442e-04
1.549370453876096e-03	-2.032832e-03
1.552304227061188e-03	-5.024212e-03
1.557743677149153e-03	-1.042927e-02
1.567509302149153e-03	-1.970324e-02
1.577274927149153e-03	-2.845562e-02
1.587040552149153e-03	-3.672096e-02
1.596806177149153e-03	-4.452426e-02
1.606571802149153e-03	-5.189166e-02
1.616337427149153e-03	-5.884258e-02
1.626103052149153e-03	-6.539869e-02
1.635868677149153e-03	-7.157593e-02
1.645634302149153e-03	-7.739282e-02
1.655399927149153e-03	-8.286274e-02
1.665165552149153e-03	-8.800152e-02
1.674931177149153e-03	-9.282037e-02
1.684696802149153e-03	-9.733316e-02
1.694462427149153e-03	-1.015492e-01
1.704228052149153e-03	-1.054806e-01
1.713993677149153e-03	-1.091351e-01
1.723759302149153e-03	-1.125233e-01
1.733524927149153e-03	-1.156516e-01
1.743290552149153e-03	-1.185293e-01
1.753056177149153e-03	-1.211619e-01
1.762821802149153e-03	-1.235573e-01
1.772587427149153e-03	-1.257202e-01
1.782353052149153e-03	-1.276575e-01
1.792118677149153e-03	-1.293729e-01
1.801884302149153e-03	-1.308726e-01
1.811649927149153e-03	-1.321594e-01
1.821415552149153e-03	-1.332384e-01
1.831181177149153e-03	-1.341116e-01
1.840946802149153e-03	-1.347829e-01
1.850712427149153e-03	-1.352533e-01
1.860478052149153e-03	-1.355250e-01
1.870243677149153e-03	-1.355973e-01
1.880009302149153e-03	-1.354702e-01
1.889774927149153e-03	-1.351397e-01
1.899540552149153e-03	-1.346017e-01
1.909306177149153e-03	-1.338464e-01
1.919071802149153e-03	-1.328608e-01
1.928837427149153e-03	-1.316206e-01
1.938603052149153e-03	-1.300915e-01
1.948368677149153e-03	-1.282102e-01
1.958134302149153e-03	-1.258627e-01
1.967899927149153e-03	-1.228099e-01
1.977665552149153e-03	-1.184496e-01
1.987431177149153e-03	-1.109588e-01
1.997196802149153e-03	-9.704812e-02
2.006962427149153e-03	-7.627187e-02
2.014633434125442e-03	-5.747410e-02
2.020982804456212e-03	-4.417706e-02
2.025679838023112e-03	-3.721866e-02
2.030544123538682e-03	-3.097694e-02
2.034987730527497e-03	-2.547326e-02
2.039959672931795e-03	-1.961686e-02
2.047586376536701e-03	-1.101548e-02
2.056445031176534e-03	-1.582687e-03
2.066210656176534e-03	8.239961e-03
2.075976281176534e-03	1.748756e-02
2.085741906176534e-03	2.622010e-02
2.095507531176534e-03	3.445276e-02
2.105273156176534e-03	4.222708e-02
2.115038781176534e-03	4.955418e-02
2.124804406176534e-03	5.646702e-02
2.134570031176534e-03	6.297486e-02
2.144335656176534e-03	6.910517e-02
2.154101281176534e-03	7.486586e-02
2.163866906176534e-03	8.028022e-02
2.173632531176534e-03	8.535500e-02
2.183398156176534e-03	9.011018e-02
2.193163781176534e-03	9.455147e-02
2.202929406176534e-03	9.869599e-02
2.212695031176534e-03	1.025486e-01
2.222460656176534e-03	1.061242e-01
2.232226281176534e-03	1.094266e-01
2.241991906176534e-03	1.124688e-01
2.251757531176534e-03	1.152541e-01
2.261523156176534e-03	1.177937e-01
2.271288781176534e-03	1.200901e-01
2.281054406176534e-03	1.221533e-01
2.290820031176534e-03	1.239849e-01
2.300585656176534e-03	1.255936e-01
2.310351281176534e-03	1.269805e-01
2.320116906176534e-03	1.281528e-01
2.329882531176534e-03	1.291110e-01
2.339648156176534e-03	1.298604e-01
2.349413781176534e-03	1.304006e-01
2.359179406176534e-03	1.307350e-01
2.368945031176534e-03	1.308610e-01
2.378710656176534e-03	1.307793e-01
2.388476281176534e-03	1.304837e-01
2.398241906176534e-03	1.299694e-01
2.408007531176534e-03	1.292233e-01
2.417773156176534e-03	1.282289e-01
2.427538781176534e-03	1.269553e-01
2.437304406176534e-03	1.253553e-01
2.447070031176534e-03	1.233404e-01
2.456835656176534e-03	1.207420e-01
2.466601281176534e-03	1.171652e-01
2.476366906176534e-03	1.114881e-01
2.486132531176534e-03	1.007647e-01
2.495828393817254e-03	8.298355e-02
2.504411636197947e-03	6.275158e-02
2.511394476199347e-03	4.641161e-02
2.518198682282703e-03	3.500767e-02
2.522153006345137e-03	3.005779e-02
2.525504939130924e-03	2.577770e-02
2.529016073876911e-03	2.155765e-02
2.532901714738001e-03	1.698580e-02
2.538586777617080e-03	1.055693e-02
2.539807480742080e-03	9.212431e-03
2.542248886992080e-03	6.546642e-03
2.542859238554580e-03	5.888978e-03
2.544079941679580e-03	4.578681e-03
2.544385117460830e-03	4.252994e-03
2.544995469023330e-03	3.602962e-03
2.545585668801598e-03	2.976585e-03
2.545636879361518e-03	2.922171e-03
2.545739300481359e-03	2.813319e-03
2.545944142721039e-03	2.596451e-03
2.546346229501639e-03	2.172370e-03
2.546760147956895e-03	1.736646e-03
2.547587984867409e-03	8.690367e-04
2.549243658688436e-03	-8.532397e-04
2.552555006330490e-03	-4.245067e-03
2.558392749881995e-03	-1.005994e-02
2.568158374881995e-03	-1.934289e-02
2.577923999881995e-03	-2.810431e-02
2.587689624881995e-03	-3.637649e-02
2.597455249881995e-03	-4.418684e-02
2.607220874881995e-03	-5.155922e-02
2.616986499881995e-03	-5.851538e-02
2.626752124881994e-03	-6.507480e-02
2.636517749881995e-03	-7.125565e-02
2.646283374881995e-03	-7.707430e-02
2.656048999881995e-03	-8.254632e-02
2.665814624881995e-03	-8.768547e-02
2.675580249881995e-03	-9.250504e-02
2.685345874881995e-03	-9.701690e-02
2.695111499881995e-03	-1.012324e-01
2.704877124881995e-03	-1.051617e-01
2.714642749881995e-03	-1.088145e-01
2.724408374881995e-03	-1.121994e-01
2.734173999881995e-03	-1.153250e-01
2.743939624881995e-03	-1.181985e-01
2.753705249881995e-03	-1.208273e-01
2.763470874881995e-03	-1.232176e-01
2.783002124881995e-03	-1.273071e-01
2.802533374881995e-03	-1.305097e-01
2.822064624881995e-03	-1.328611e-01
2.841595874881995e-03	-1.343893e-01
2.851361499881995e-03	-1.348509e-01
2.861127124881995e-03	-1.351125e-01
2.870892749881994e-03	-1.351745e-01
2.880658374881995e-03	-1.350354e-01
2.890423999881995e-03	-1.346923e-01
2.900189624881995e-03	-1.341394e-01
2.909955249881995e-03	-1.333675e-01
2.919720874881995e-03	-1.323616e-01
2.929486499881995e-03	-1.310970e-01
2.939252124881995e-03	-1.295356e-01
2.949017749881995e-03	-1.276103e-01
2.958783374881995e-03	-1.251949e-01
2.968548999881995e-03	-1.220224e-01
2.978314624881995e-03	-1.173956e-01
2.988080249881995e-03	-1.092166e-01
2.997845874881995e-03	-9.430082e-02
3.007584675733222e-03	-7.286587e-02
3.015055858546192e-03	-5.460763e-02
3.021329798519028e-03	-4.219474e-02
3.025454432773711e-03	-3.639843e-02
3.029704545206617e-03	-3.091181e-02
3.034682002995502e-03	-2.478068e-02
3.041797609199689e-03	-1.648083e-02
3.051563234199689e-03	-5.748270e-03
3.061328859199689e-03	4.319132e-03
3.071094484199689e-03	1.381018e-02
3.080860109199689e-03	2.275380e-02
3.090625734199689e-03	3.120038e-02
3.100391359199689e-03	3.916421e-02
3.110156984199689e-03	4.668415e-02
3.119922609199689e-03	5.376955e-02
3.129688234199689e-03	6.045337e-02
3.139453859199689e-03	6.674215e-02
3.149219484199689e-03	7.266476e-02
3.158985109199689e-03	7.822568e-02
3.168750734199689e-03	8.345060e-02
3.178516359199689e-03	8.834222e-02
3.188281984199689e-03	9.292348e-02
3.198047609199689e-03	9.719587e-02
3.207813234199689e-03	1.011799e-01
3.217578859199689e-03	1.048760e-01
3.227344484199689e-03	1.083027e-01
3.237110109199689e-03	1.114593e-01
3.246875734199689e-03	1.143626e-01
3.256641359199689e-03	1.170113e-01
3.266406984199689e-03	1.194206e-01
3.276172609199689e-03	1.215885e-01
3.285938234199689e-03	1.235287e-01
3.295703859199689e-03	1.252387e-01
3.305469484199689e-03	1.267308e-01
3.315235109199689e-03	1.280018e-01
3.325000734199689e-03	1.290627e-01
3.334766359199689e-03	1.299095e-01
3.344531984199689e-03	1.305515e-01
3.354297609199689e-03	1.309834e-01
3.364063234199689e-03	1.312125e-01
3.373828859199689e-03	1.312314e-01
3.383594484199689e-03	1.310439e-01
3.393360109199689e-03	1.306386e-01
3.403125734199689e-03	1.300130e-01
3.412891359199689e-03	1.291473e-01
3.422656984199689e-03	1.280250e-01
3.432422609199689e-03	1.266039e-01
3.442188234199689e-03	1.248275e-01
3.451953859199689e-03	1.225755e-01
3.461719484199689e-03	1.196139e-01
3.471485109199689e-03	1.153327e-01
3.481250734199689e-03	1.079062e-01
3.490655443262943e-03	9.470959e-02
3.500253705577143e-03	7.460582e-02
3.507821734163464e-03	5.612030e-02
3.514209419347496e-03	4.240207e-02
3.519775396707032e-03	3.402551e-02
3.525245693834367e-03	2.713900e-02
3.529514045241164e-03	2.188719e-02
3.534142583410516e-03	1.649603e-02
3.539837093379366e-03	1.006019e-02
3.540633712197592e-03	9.189342e-03
3.542226949834044e-03	7.450992e-03
3.545413425106948e-03	4.021817e-03
3.545810118509640e-03	3.600809e-03
3.546603505315024e-03	2.760707e-03
3.547039208134657e-03	2.300300e-03
3.547122764833936e-03	2.212143e-03
3.547289878232495e-03	2.036083e-03
3.547624105029613e-03	1.684861e-03
3.548292558623848e-03	9.847075e-04
3.549616556603424e-03	-3.934226e-04
3.552264552562576e-03	-3.116193e-03
3.557560544480881e-03	-8.430705e-03
3.565305752557440e-03	-1.590311e-02
3.575071377557440e-03	-2.484755e-02
3.584837002557440e-03	-3.329140e-02
3.594602627557440e-03	-4.126365e-02
3.604368252557440e-03	-4.878924e-02
3.614133877557440e-03	-5.589067e-02
3.623899502557440e-03	-6.258815e-02
3.633665127557440e-03	-6.890032e-02
3.643430752557440e-03	-7.484420e-02
3.653196377557440e-03	-8.043564e-02
3.662962002557440e-03	-8.568899e-02
3.672727627557440e-03	-9.061774e-02
3.682493252557440e-03	-9.523432e-02
3.692258877557440e-03	-9.955018e-02
3.702024502557440e-03	-1.035760e-01
3.711790127557440e-03	-1.073215e-01
3.721555752557440e-03	-1.107959e-01
3.731321377557440e-03	-1.140076e-01
3.741087002557440e-03	-1.169645e-01
3.750852627557440e-03	-1.196737e-01
3.760618252557440e-03	-1.221419e-01
3.770383877557440e-03	-1.243755e-01
3.789915127557440e-03	-1.281611e-01
3.809446377557440e-03	-1.310710e-01
3.828977627557440e-03	-1.331381e-01
3.848508877557440e-03	-1.343874e-01
3.868040127557440e-03	-1.348329e-01
3.877805752557440e-03	-1.347544e-01
3.887571377557440e-03	-1.344720e-01
3.897337002557440e-03	-1.339810e-01
3.907102627557440e-03	-1.332730e-01
3.916868252557440e-03	-1.323346e-01
3.926633877557440e-03	-1.311437e-01
3.936399502557440e-03	-1.296666e-01
3.946165127557440e-03	-1.278443e-01
3.955930752557440e-03	-1.255692e-01
3.965696377557440e-03	-1.226211e-01
3.975462002557440e-03	-1.184546e-01
3.985227627557440e-03	-1.114315e-01
3.994993252557440e-03	-9.825581e-02
4.004758877557440e-03	-7.806139e-02
4.012485049669041e-03	-5.918752e-02
4.018965949424980e-03	-4.509369e-02
4.024414307562843e-03	-3.674697e-02
4.030062300479856e-03	-2.959060e-02
4.034432790855940e-03	-2.419253e-02
4.039020951137452e-03	-1.883152e-02
4.045026730296462e-03	-1.202833e-02
4.051599559453332e-03	-4.928447e-03
4.061365184453332e-03	5.112610e-03
4.071130809453332e-03	1.455620e-02
4.080896434453331e-03	2.347577e-02
4.090662059453331e-03	3.188320e-02
4.100427684453332e-03	3.982526e-02
4.110193309453332e-03	4.731178e-02
4.119958934453332e-03	5.437773e-02
4.129724559453331e-03	6.103262e-02
4.139490184453332e-03	6.730419e-02
4.149255809453332e-03	7.320159e-02
4.159021434453332e-03	7.874737e-02
4.168787059453331e-03	8.395028e-02
4.178552684453332e-03	8.882862e-02
4.188318309453332e-03	9.339064e-02
4.198083934453332e-03	9.765147e-02
4.207849559453331e-03	1.016187e-01
4.217615184453332e-03	1.053047e-01
4.227380809453332e-03	1.087166e-01
4.237146434453332e-03	1.118646e-01
4.246912059453331e-03	1.147550e-01
4.256677684453332e-03	1.173963e-01
4.266443309453332e-03	1.197944e-01
4.276208934453332e-03	1.219560e-01
4.285974559453331e-03	1.238865e-01
4.295740184453332e-03	1.255912e-01
4.305505809453332e-03	1.270749e-01
4.315271434453332e-03	1.283416e-01
4.325037059453331e-03	1.293955e-01
4.334802684453331e-03	1.302390e-01
4.344568309453332e-03	1.308752e-01
4.354333934453332e-03	1.313048e-01
4.364099559453332e-03	1.315295e-01
4.373865184453331e-03	1.315472e-01
4.383630809453332e-03	1.313567e-01
4.393396434453332e-03	1.309517e-01
4.403162059453332e-03	1.303253e-01
4.412927684453331e-03	1.294622e-01
4.422693309453332e-03	1.283422e-01
4.432458934453332e-03	1.269283e-01
4.442224559453332e-03	1.251612e-01
4.451990184453331e-03	1.229287e-01
4.461755809453332e-03	1.200015e-01
4.471521434453332e-03	1.158033e-01
4.481287059453332e-03	1.085945e-01
4.490645485067843e-03	9.581353e-02
4.500162162464610e-03	7.618945e-02
4.507754536843525e-03	5.769622e-02
4.514269891882937e-03	4.340191e-02
4.520485266271214e-03	3.390959e-02
4.525735828352556e-03	2.735975e-02
4.529737117849510e-03	2.240127e-02
4.533975294055914e-03	1.745746e-02
4.538646133855808e-03	1.212416e-02
4.544044408416536e-03	6.212777e-03
4.544989054497785e-03	5.196244e-03
4.546878346660282e-03	3.181403e-03
4.547077682316059e-03	2.971026e-03
4.547476353627612e-03	2.550632e-03
4.548273696250718e-03	1.712072e-03
4.548645224614903e-03	1.320360e-03
4.549110052789572e-03	8.357091e-04
4.549542517371034e-03	3.863711e-04
4.549957897413782e-03	-4.629577e-05
4.550788657499276e-03	-9.056195e-04
4.551770337081074e-03	-1.917207e-03
4.553393234938310e-03	-3.574073e-03
4.555429540531068e-03	-5.631165e-03
4.558850191599280e-03	-9.028054e-03
4.565215300109377e-03	-1.516737e-02
4.574980925109376e-03	-2.414470e-02
4.584746550109376e-03	-3.262025e-02
4.594512175109377e-03	-4.062095e-02
4.604277800109377e-03	-4.817426e-02
4.614043425109376e-03	-5.530054e-02
4.623809050109376e-03	-6.202240e-02
4.633574675109376e-03	-6.835635e-02
4.643340300109377e-03	-7.432171e-02
4.653105925109377e-03	-7.993219e-02
4.662871550109376e-03	-8.520453e-02
4.672637175109376e-03	-9.015007e-02
4.682402800109377e-03	-9.478336e-02
4.692168425109377e-03	-9.911395e-02
4.701934050109376e-03	-1.031545e-01
4.711699675109376e-03	-1.069129e-01
4.721465300109377e-03	-1.104004e-01
4.731230925109377e-03	-1.136234e-01
4.740996550109376e-03	-1.165917e-01
4.750762175109376e-03	-1.193108e-01
4.760527800109377e-03	-1.217892e-01
4.770293425109377e-03	-1.240314e-01
4.780059050109376e-03	-1.260449e-01
4.789824675109376e-03	-1.278334e-01
4.799590300109377e-03	-1.294032e-01
4.809355925109377e-03	-1.307573e-01
4.819121550109376e-03	-1.319012e-01
4.828887175109376e-03	-1.328366e-01
4.838652800109377e-03	-1.335680e-01
4.848418425109377e-03	-1.340961e-01
4.858184050109376e-03	-1.344237e-01
4.867949675109376e-03	-1.345497e-01
4.877715300109376e-03	-1.344747e-01
4.887480925109377e-03	-1.341946e-01
4.897246550109377e-03	-1.337058e-01
4.907012175109376e-03	-1.329985e-01
4.916777800109376e-03	-1.320604e-01
4.926543425109377e-03	-1.308676e-01
4.936309050109377e-03	-1.293872e-01
4.946074675109376e-03	-1.275578e-01
4.955840300109376e-03	-1.252702e-01
4.965605925109377e-03	-1.222964e-01
4.975371550109377e-03	-1.180713e-01
4.985137175109376e-03	-1.108879e-01
4.994902800109376e-03	-9.744824e-02
5.004668425109377e-03	-7.704137e-02
5.012384486251151e-03	-5.816738e-02
5.018800297420309e-03	-4.440802e-02
5.023909761501128e-03	-3.667315e-02
5.029220927728209e-03	-2.990741e-02
5.033518754340304e-03	-2.458961e-02
5.038215591569030e-03	-1.907586e-02
5.044712644234220e-03	-1.171818e-02
5.052080110536599e-03	-3.785239e-03
5.061845735536598e-03	6.194089e-03
5.071611360536599e-03	1.558441e-02
5.081376985536599e-03	2.445253e-02
5.091142610536599e-03	3.281348e-02
5.100908235536598e-03	4.071071e-02
5.110673860536599e-03	4.815594e-02
5.120439485536599e-03	5.518229e-02
5.130205110536599e-03	6.180026e-02
5.139970735536598e-03	6.803659e-02
5.149736360536599e-03	7.390087e-02
5.159501985536599e-03	7.941516e-02
5.169267610536599e-03	8.458818e-02
5.179033235536598e-03	8.943830e-02
5.188798860536599e-03	9.397338e-02
5.198564485536599e-03	9.820880e-02
5.208330110536599e-03	1.021517e-01
5.218095735536598e-03	1.058147e-01
5.227861360536599e-03	1.092045e-01
5.237626985536599e-03	1.123316e-01
5.247392610536599e-03	1.152019e-01
5.257158235536599e-03	1.178242e-01
5.266923860536599e-03	1.202038e-01
5.276689485536599e-03	1.223481e-01
5.286455110536599e-03	1.242617e-01
5.296220735536599e-03	1.259506e-01
5.305986360536598e-03	1.274188e-01
5.315751985536599e-03	1.286711e-01
5.325517610536599e-03	1.297106e-01
5.335283235536599e-03	1.305408e-01
5.345048860536598e-03	1.311638e-01
5.354814485536599e-03	1.315812e-01
5.364580110536599e-03	1.317936e-01
5.374345735536599e-03	1.318001e-01
5.384111360536598e-03	1.315983e-01
5.393876985536599e-03	1.311829e-01
5.403642610536599e-03	1.305458e-01
5.413408235536599e-03	1.296730e-01
5.423173860536598e-03	1.285429e-01
5.432939485536599e-03	1.271194e-01
5.442705110536599e-03	1.253421e-01
5.452470735536599e-03	1.230991e-01
5.462236360536598e-03	1.201586e-01
5.472001985536599e-03	1.159411e-01
5.481767610536599e-03	1.086914e-01
5.491533235536599e-03	9.512851e-02
5.500435715495383e-03	7.662790e-02
5.507902945424298e-03	5.846918e-02
5.514487562516902e-03	4.390297e-02
5.520844824856630e-03	3.410821e-02
5.525819527142374e-03	2.791113e-02
5.529674680568632e-03	2.310841e-02
5.533750019317395e-03	1.833331e-02
5.538188589146722e-03	1.323644e-02
5.543520598483131e-03	7.359520e-03
5.544475994085884e-03	6.325636e-03
5.546386785291390e-03	4.275504e-03
5.546864483092767e-03	3.768808e-03
5.547819878695520e-03	2.758110e-03
5.548058727596208e-03	2.506493e-03
5.548536425397585e-03	2.004066e-03
5.549150626487092e-03	1.360073e-03
5.549199434531337e-03	1.308830e-03
5.549297050619827e-03	1.206303e-03
5.549492282796806e-03	1.002041e-03
5.549865949381620e-03	6.126247e-04
5.550252411930399e-03	2.105258e-04
5.551025337027957e-03	-5.903261e-04
5.552571187223075e-03	-2.181016e-03
5.555662887613310e-03	-5.317277e-03
5.561223648447674e-03	-1.081177e-02
5.570989273447674e-03	-2.002847e-02
5.580754898447674e-03	-2.872701e-02
5.590520523447674e-03	-3.693888e-02
5.600286148447674e-03	-4.469099e-02
5.610051773447674e-03	-5.200692e-02
5.619817398447674e-03	-5.890812e-02
5.629583023447674e-03	-6.541391e-02
5.639348648447674e-03	-7.154226e-02
5.649114273447674e-03	-7.730944e-02
5.658879898447674e-03	-8.273082e-02
5.668645523447674e-03	-8.782012e-02
5.678411148447674e-03	-9.259047e-02
5.688176773447674e-03	-9.705368e-02
5.697942398447673e-03	-1.012210e-01
5.707708023447674e-03	-1.051025e-01
5.717473648447674e-03	-1.087079e-01
5.727239273447674e-03	-1.120457e-01
5.737004898447673e-03	-1.151243e-01
5.746770523447674e-03	-1.179510e-01
5.756536148447674e-03	-1.205331e-01
5.766301773447674e-03	-1.228769e-01
5.785833023447674e-03	-1.268730e-01
5.805364273447674e-03	-1.299819e-01
5.824895523447674e-03	-1.322383e-01
5.844426773447674e-03	-1.336692e-01
5.854192398447674e-03	-1.340806e-01
5.863958023447674e-03	-1.342908e-01
5.873723648447674e-03	-1.342993e-01
5.893254898447674e-03	-1.337017e-01
5.903020523447674e-03	-1.330845e-01
5.912786148447674e-03	-1.322413e-01
5.922551773447674e-03	-1.311531e-01
5.932317398447674e-03	-1.297915e-01
5.942083023447673e-03	-1.281074e-01
5.951848648447674e-03	-1.260136e-01
5.961614273447674e-03	-1.233400e-01
5.971379898447674e-03	-1.196935e-01
5.981145523447673e-03	-1.139507e-01
5.990911148447674e-03	-1.031539e-01
6.000676773447674e-03	-8.514101e-02
6.009167320045813e-03	-6.505480e-02
6.016163824283906e-03	-4.865645e-02
6.022990666614382e-03	-3.719610e-02
6.026938530154726e-03	-3.224218e-02
6.030291069366854e-03	-2.794908e-02
6.033806275921198e-03	-2.371226e-02
6.037693426256947e-03	-1.912606e-02
6.043419487935565e-03	-1.263458e-02
6.053185112935565e-03	-2.122820e-03
6.062950737935565e-03	7.757899e-03
6.072716362935565e-03	1.707032e-02
6.082481987935565e-03	2.585784e-02
6.092247612935565e-03	3.414847e-02
6.102013237935565e-03	4.197620e-02
6.111778862935565e-03	4.935737e-02
6.121544487935565e-03	5.632256e-02
6.131310112935565e-03	6.288198e-02
6.141075737935565e-03	6.906394e-02
6.150841362935565e-03	7.487454e-02
6.160606987935565e-03	8.034023e-02
6.170372612935565e-03	8.546386e-02
6.180138237935564e-03	9.027010e-02
6.189903862935565e-03	9.475958e-02
6.199669487935565e-03	9.895524e-02
6.209435112935565e-03	1.028558e-01
6.219200737935564e-03	1.064826e-01
6.228966362935565e-03	1.098330e-01
6.238731987935565e-03	1.129269e-01
6.248497612935565e-03	1.157604e-01
6.258263237935565e-03	1.183522e-01
6.268028862935565e-03	1.206972e-01
6.277794487935565e-03	1.228132e-01
6.287560112935565e-03	1.246942e-01
6.297325737935565e-03	1.263567e-01
6.307091362935565e-03	1.277941e-01
6.316856987935565e-03	1.290217e-01
6.326622612935565e-03	1.300319e-01
6.336388237935565e-03	1.308387e-01
6.346153862935565e-03	1.314337e-01
6.355919487935565e-03	1.318287e-01
6.365685112935565e-03	1.320140e-01
6.375450737935565e-03	1.319987e-01
6.385216362935565e-03	1.317700e-01
6.394981987935565e-03	1.313327e-01
6.404747612935565e-03	1.306681e-01
6.414513237935565e-03	1.297717e-01
6.424278862935565e-03	1.286112e-01
6.434044487935565e-03	1.271587e-01
6.443810112935565e-03	1.253417e-01
6.453575737935565e-03	1.230510e-01
6.463341362935564e-03	1.200310e-01
6.473106987935565e-03	1.156598e-01
6.482872612935565e-03	1.080207e-01
6.492015174397883e-03	9.500123e-02
6.501780799397882e-03	7.441764e-02
6.509337635609921e-03	5.593071e-02
6.515677420521657e-03	4.246185e-02
6.520038400284245e-03	3.584698e-02
6.525244872165425e-03	2.912905e-02
6.529718370308473e-03	2.359182e-02
6.534772310933307e-03	1.764152e-02
6.544537935933307e-03	6.726894e-03
6.545758639058307e-03	5.420703e-03
6.548200045308307e-03	2.825892e-03
6.548370264414149e-03	2.646446e-03
6.548710702625834e-03	2.288004e-03
6.549252913936624e-03	1.718902e-03
6.549814836668006e-03	1.130767e-03
6.549900189334172e-03	1.041426e-03
6.550070894666507e-03	8.629492e-04
6.550412305331176e-03	5.073767e-04
6.551081770407790e-03	-1.874114e-04
6.551780981065521e-03	-9.101037e-04
6.553179402380985e-03	-2.346038e-03
6.555976245011913e-03	-5.181526e-03
6.561569930273769e-03	-1.070928e-02
6.570044993921003e-03	-1.873875e-02
6.579810618921003e-03	-2.750395e-02
6.589576243921003e-03	-3.577854e-02
6.599341868921004e-03	-4.358962e-02
6.609107493921003e-03	-5.096148e-02
6.618873118921003e-03	-5.791548e-02
6.628638743921003e-03	-6.447156e-02
6.638404368921004e-03	-7.064749e-02
6.648169993921003e-03	-7.646017e-02
6.657935618921003e-03	-8.192468e-02
6.667701243921003e-03	-8.705532e-02
6.677466868921004e-03	-9.186493e-02
6.687232493921003e-03	-9.636593e-02
6.696998118921003e-03	-1.005692e-01
6.706763743921003e-03	-1.044854e-01
6.716529368921004e-03	-1.081238e-01
6.726294993921004e-03	-1.114936e-01
6.736060618921003e-03	-1.146027e-01
6.745826243921003e-03	-1.174591e-01
6.755591868921004e-03	-1.200695e-01
6.765357493921004e-03	-1.224409e-01
6.775123118921003e-03	-1.245788e-01
6.784888743921003e-03	-1.264893e-01
6.794654368921003e-03	-1.281771e-01
6.804419993921004e-03	-1.296472e-01
6.814185618921003e-03	-1.309034e-01
6.823951243921003e-03	-1.319499e-01
6.833716868921003e-03	-1.327893e-01
6.843482493921004e-03	-1.334246e-01
6.853248118921003e-03	-1.338573e-01
6.863013743921003e-03	-1.340884e-01
6.872779368921003e-03	-1.341175e-01
6.882544993921004e-03	-1.339430e-01
6.892310618921003e-03	-1.335608e-01
6.902076243921003e-03	-1.329645e-01
6.911841868921003e-03	-1.321426e-01
6.921607493921004e-03	-1.310772e-01
6.931373118921003e-03	-1.297403e-01
6.941138743921003e-03	-1.280849e-01
6.950904368921003e-03	-1.260270e-01
6.960669993921004e-03	-1.234049e-01
6.970435618921004e-03	-1.198487e-01
6.980201243921003e-03	-1.143173e-01
6.989966868921003e-03	-1.039693e-01
6.999732493921004e-03	-8.642585e-02
7.009498118921004e-03	-6.342372e-02
7.016525550748240e-03	-4.723893e-02
7.022553215086068e-03	-3.729704e-02
7.026454981198281e-03	-3.235454e-02
7.029892284320560e-03	-2.797159e-02
7.033497825284122e-03	-2.361349e-02
7.038093563722717e-03	-1.821239e-02
7.044905296266362e-03	-1.055732e-02
7.054670921266362e-03	-1.680430e-04
7.064436546266361e-03	9.603979e-03
7.074202171266361e-03	1.881691e-02
7.083967796266361e-03	2.751087e-02
7.093733421266362e-03	3.571457e-02
7.103499046266361e-03	4.345901e-02
7.113264671266361e-03	5.076262e-02
7.123030296266361e-03	5.765278e-02
7.132795921266362e-03	6.414235e-02
7.142561546266362e-03	7.025625e-02
7.152327171266361e-03	7.600351e-02
7.162092796266361e-03	8.140713e-02
7.171858421266362e-03	8.647301e-02
7.181624046266362e-03	9.122229e-02
7.191389671266361e-03	9.565887e-02
7.201155296266361e-03	9.980204e-02
7.210920921266362e-03	1.036538e-01
7.220686546266362e-03	1.072321e-01
7.230452171266361e-03	1.105372e-01
7.240217796266361e-03	1.135859e-01
7.249983421266362e-03	1.163772e-01
7.259749046266362e-03	1.189267e-01
7.269514671266361e-03	1.212323e-01
7.279280296266361e-03	1.233084e-01
7.289045921266362e-03	1.251523e-01
7.298811546266362e-03	1.267772e-01
7.308577171266361e-03	1.281794e-01
7.318342796266361e-03	1.293711e-01
7.328108421266362e-03	1.303478e-01
7.337874046266362e-03	1.311203e-01
7.347639671266361e-03	1.316829e-01
7.357405296266361e-03	1.320447e-01
7.367170921266361e-03	1.321983e-01
7.376936546266362e-03	1.321501e-01
7.386702171266362e-03	1.318897e-01
7.396467796266361e-03	1.314187e-01
7.406233421266361e-03	1.307205e-01
7.415999046266362e-03	1.297873e-01
7.425764671266362e-03	1.285877e-01
7.435530296266361e-03	1.270892e-01
7.445295921266361e-03	1.252165e-01
7.455061546266362e-03	1.228481e-01
7.464827171266362e-03	1.197031e-01
7.474592796266361e-03	1.150679e-01
7.484358421266361e-03	1.067726e-01
7.493494311452477e-03	9.288418e-02
7.503259936452476e-03	7.162694e-02
7.510661013837469e-03	5.352391e-02
7.516886073531823e-03	4.095003e-02
7.520672919967070e-03	3.548950e-02
7.525166659455523e-03	2.965648e-02
7.530984128515612e-03	2.249991e-02
7.537044899226733e-03	1.543858e-02
7.546810524226732e-03	4.675465e-03
7.548031227351732e-03	3.385168e-03
7.548336403132982e-03	3.062954e-03
7.548946754695482e-03	2.419741e-03
7.549725752935918e-03	1.602520e-03
7.550379428657899e-03	9.192105e-04
7.550476487746379e-03	8.178931e-04
7.550670605923342e-03	6.155286e-04
7.551058842277266e-03	2.120930e-04
7.551835314985112e-03	-5.917376e-04
7.552850883529947e-03	-1.637314e-03
7.554882020619615e-03	-3.709058e-03
7.558944294798951e-03	-7.776189e-03
7.566192363560497e-03	-1.478921e-02
7.575957988560497e-03	-2.377176e-02
7.585723613560497e-03	-3.225034e-02
7.595489238560496e-03	-4.025435e-02
7.605254863560497e-03	-4.780889e-02
7.615020488560497e-03	-5.493669e-02
7.624786113560497e-03	-6.165807e-02
7.634551738560496e-03	-6.799188e-02
7.644317363560497e-03	-7.395518e-02
7.654082988560497e-03	-7.956395e-02
7.663848613560497e-03	-8.483275e-02
7.673614238560496e-03	-8.977511e-02
7.683379863560496e-03	-9.440346e-02
7.693145488560497e-03	-9.872951e-02
7.702911113560497e-03	-1.027638e-01
7.712676738560497e-03	-1.065165e-01
7.722442363560496e-03	-1.099965e-01
7.732207988560497e-03	-1.132125e-01
7.741973613560497e-03	-1.161722e-01
7.751739238560497e-03	-1.188832e-01
7.761504863560496e-03	-1.213520e-01
7.771270488560497e-03	-1.235850e-01
7.781036113560497e-03	-1.255879e-01
7.790801738560497e-03	-1.273660e-01
7.800567363560496e-03	-1.289243e-01
7.810332988560497e-03	-1.302670e-01
7.820098613560497e-03	-1.313980e-01
7.829864238560497e-03	-1.323209e-01
7.839629863560496e-03	-1.330382e-01
7.849395488560496e-03	-1.335522e-01
7.859161113560496e-03	-1.338640e-01
7.868926738560498e-03	-1.339740e-01
7.878692363560497e-03	-1.338808e-01
7.888457988560497e-03	-1.335815e-01
7.898223613560497e-03	-1.330706e-01
7.907989238560497e-03	-1.323387e-01
7.917754863560496e-03	-1.313712e-01
7.927520488560496e-03	-1.301431e-01
7.937286113560496e-03	-1.286169e-01
7.947051738560496e-03	-1.267253e-01
7.956817363560497e-03	-1.243430e-01
7.966582988560497e-03	-1.212042e-01
7.976348613560497e-03	-1.166162e-01
7.986114238560497e-03	-1.084945e-01
7.995879863560497e-03	-9.365006e-02
8.005621339072819e-03	-7.226284e-02
8.013108754993977e-03	-5.397234e-02
8.019380841467048e-03	-4.154289e-02
8.023516386779313e-03	-3.572555e-02
8.027780218006781e-03	-3.022734e-02
8.032289501426112e-03	-2.466467e-02
8.039380388111736e-03	-1.636960e-02
8.049146013111736e-03	-5.611050e-03
8.058911638111736e-03	4.479875e-03
8.068677263111735e-03	1.399275e-02
8.078442888111735e-03	2.295833e-02
8.088208513111735e-03	3.142649e-02
8.097974138111735e-03	3.941245e-02
8.107739763111736e-03	4.695457e-02
8.117505388111736e-03	5.406283e-02
8.127271013111736e-03	6.076973e-02
8.137036638111736e-03	6.708233e-02
8.146802263111735e-03	7.302909e-02
8.156567888111735e-03	7.861492e-02
8.166333513111735e-03	8.386517e-02
8.176099138111735e-03	8.878288e-02
8.185864763111736e-03	9.339069e-02
8.195630388111736e-03	9.769038e-02
8.205396013111736e-03	1.017023e-01
8.215161638111736e-03	1.054269e-01
8.224927263111735e-03	1.088826e-01
8.234692888111735e-03	1.120690e-01
8.244458513111735e-03	1.150026e-01
8.254224138111735e-03	1.176824e-01
8.263989763111735e-03	1.201233e-01
8.273755388111736e-03	1.223236e-01
8.283521013111736e-03	1.242968e-01
8.293286638111736e-03	1.260406e-01
8.303052263111736e-03	1.275673e-01
8.312817888111735e-03	1.288738e-01
8.322583513111735e-03	1.299711e-01
8.332349138111735e-03	1.308555e-01
8.342114763111735e-03	1.315365e-01
8.351880388111736e-03	1.320090e-01
8.361646013111736e-03	1.322807e-01
8.371411638111736e-03	1.323447e-01
8.381177263111736e-03	1.322056e-01
8.390942888111735e-03	1.318532e-01
8.400708513111735e-03	1.312865e-01
8.410474138111735e-03	1.304881e-01
8.420239763111735e-03	1.294456e-01
8.430005388111736e-03	1.281237e-01
8.439771013111736e-03	1.264789e-01
8.449536638111736e-03	1.244181e-01
8.459302263111736e-03	1.217747e-01
8.469067888111735e-03	1.181462e-01
8.478833513111735e-03	1.123962e-01
8.488599138111735e-03	1.015511e-01
8.497524589272437e-03	8.527546e-02
8.507290214272437e-03	6.235828e-02
8.514349864850114e-03	4.609191e-02
8.521437283304215e-03	3.468255e-02
8.525528557987711e-03	2.964438e-02
8.528820254544720e-03	2.546000e-02
8.532312004671253e-03	2.130051e-02
8.535793676360696e-03	1.721722e-02
8.540645981856849e-03	1.173024e-02
8.548114355414594e-03	3.621291e-03
8.548637639036049e-03	3.068816e-03
8.549684206278961e-03	1.969115e-03
8.549806353410187e-03	1.841192e-03
8.550050647672639e-03	1.585399e-03
8.550539236197547e-03	1.074704e-03
8.550893260411668e-03	7.041745e-04
8.551273398695073e-03	3.096021e-04
8.551719971544965e-03	-1.522974e-04
8.552164241773616e-03	-6.122441e-04
8.553052782230917e-03	-1.526407e-03
8.554284900337442e-03	-2.787279e-03
8.556331424171653e-03	-4.859077e-03
8.559135328126018e-03	-7.656937e-03
8.564448693478865e-03	-1.282906e-02
8.574214318478867e-03	-2.191890e-02
8.583979943478866e-03	-3.049705e-02
8.593745568478866e-03	-3.859583e-02
8.603511193478866e-03	-4.623915e-02
8.613276818478866e-03	-5.345206e-02
8.623042443478866e-03	-6.025349e-02
8.632808068478865e-03	-6.666437e-02
8.642573693478865e-03	-7.270035e-02
8.652339318478865e-03	-7.837935e-02
8.662104943478867e-03	-8.371454e-02
8.671870568478866e-03	-8.872128e-02
8.681636193478866e-03	-9.341061e-02
8.691401818478866e-03	-9.779599e-02
8.701167443478866e-03	-1.018866e-01
8.710933068478866e-03	-1.056943e-01
8.720698693478865e-03	-1.092266e-01
8.730464318478865e-03	-1.124939e-01
8.740229943478867e-03	-1.155025e-01
8.749995568478866e-03	-1.182614e-01
8.759761193478866e-03	-1.207761e-01
8.769526818478866e-03	-1.230543e-01
8.779292443478866e-03	-1.251005e-01
8.789058068478866e-03	-1.269215e-01
8.798823693478865e-03	-1.285208e-01
8.808589318478865e-03	-1.299043e-01
8.818354943478867e-03	-1.310746e-01
8.828120568478866e-03	-1.320366e-01
8.837886193478866e-03	-1.327917e-01
8.847651818478866e-03	-1.333436e-01
8.857417443478866e-03	-1.336924e-01
8.867183068478866e-03	-1.338396e-01
8.876948693478865e-03	-1.337832e-01
8.886714318478865e-03	-1.335218e-01
8.896479943478865e-03	-1.330489e-01
8.906245568478867e-03	-1.323573e-01
8.916011193478866e-03	-1.314321e-01
8.925776818478866e-03	-1.302514e-01
8.935542443478866e-03	-1.287793e-01
8.945308068478866e-03	-1.269557e-01
8.955073693478866e-03	-1.246666e-01
8.964839318478865e-03	-1.216802e-01
8.974604943478865e-03	-1.174093e-01
8.984370568478867e-03	-1.100873e-01
8.994136193478866e-03	-9.641889e-02
9.003901818478866e-03	-7.583564e-02
9.011601727150773e-03	-5.699222e-02
9.017974664844417e-03	-4.350934e-02
9.022833924355525e-03	-3.624496e-02
9.027880846053903e-03	-2.979527e-02
9.032163129419495e-03	-2.449513e-02
9.037005283252377e-03	-1.879976e-02
9.044015158350844e-03	-1.087711e-02
9.052168984333692e-03	-2.144787e-03
9.061934609333692e-03	7.756631e-03
9.071700234333692e-03	1.707698e-02
9.081465859333691e-03	2.588023e-02
9.091231484333691e-03	3.418086e-02
9.100997109333691e-03	4.202211e-02
9.110762734333691e-03	4.941459e-02
9.120528359333692e-03	5.639214e-02
9.130293984333692e-03	6.296381e-02
9.140059609333692e-03	6.915752e-02
9.149825234333692e-03	7.498112e-02
9.159590859333691e-03	8.045823e-02
9.169356484333691e-03	8.559556e-02
9.179122109333691e-03	9.041312e-02
9.188887734333691e-03	9.491686e-02
9.198653359333691e-03	9.912388e-02
9.208418984333692e-03	1.030392e-01
9.218184609333692e-03	1.066776e-01
9.227950234333692e-03	1.100433e-01
9.237715859333692e-03	1.131489e-01
9.247481484333691e-03	1.159981e-01
9.257247109333691e-03	1.186019e-01
9.267012734333691e-03	1.209633e-01
9.276778359333691e-03	1.230916e-01
9.286543984333692e-03	1.249894e-01
9.296309609333692e-03	1.266646e-01
9.306075234333692e-03	1.281194e-01
9.315840859333692e-03	1.293602e-01
9.325606484333691e-03	1.303885e-01
9.335372109333691e-03	1.312094e-01
9.345137734333691e-03	1.318233e-01
9.354903359333691e-03	1.322337e-01
9.364668984333692e-03	1.324393e-01
9.374434609333692e-03	1.324411e-01
9.384200234333692e-03	1.322352e-01
9.393965859333692e-03	1.318183e-01
9.403731484333691e-03	1.311807e-01
9.413497109333691e-03	1.303108e-01
9.423262734333691e-03	1.291863e-01
9.433028359333691e-03	1.277742e-01
9.442793984333691e-03	1.260156e-01
9.452559609333692e-03	1.238066e-01
9.462325234333692e-03	1.209304e-01
9.472090859333692e-03	1.168605e-01
9.480827929695125e-03	1.109839e-01
9.489835655556413e-03	1.000483e-01
9.499194373306576e-03	8.212929e-02
9.507094998849901e-03	6.331819e-02
9.514233577957894e-03	4.675179e-02
9.521890054050753e-03	3.437647e-02
9.526121469939476e-03	2.921433e-02
9.529438705871146e-03	2.499963e-02
9.532951873516401e-03	2.083913e-02
9.536276132370786e-03	1.694694e-02
9.540905905292279e-03	1.171968e-02
9.548039040974912e-03	3.968415e-03
9.548639096083856e-03	3.334020e-03
9.549839206301741e-03	2.071862e-03
9.549989873801465e-03	1.914018e-03
9.550291208800916e-03	1.598476e-03
9.550893878799819e-03	9.689983e-04
9.550954185695177e-03	9.059726e-04
9.551074799485894e-03	7.799221e-04
9.551316027067328e-03	5.288117e-04
9.551767680763209e-03	6.031913e-05
9.552231096029849e-03	-4.192831e-04
9.553157926563128e-03	-1.373944e-03
9.555011587629688e-03	-3.267513e-03
9.558718909762808e-03	-6.990526e-03
9.565088493215071e-03	-1.319508e-02
9.574854118215070e-03	-2.226074e-02
9.584619743215072e-03	-3.081723e-02
9.594385368215072e-03	-3.889430e-02
9.604150993215071e-03	-4.651800e-02
9.613916618215071e-03	-5.371103e-02
9.623682243215071e-03	-6.049442e-02
9.633447868215071e-03	-6.688688e-02
9.643213493215071e-03	-7.290612e-02
9.652979118215070e-03	-7.856791e-02
9.662744743215072e-03	-8.388744e-02
9.672510368215072e-03	-8.887798e-02
9.682275993215072e-03	-9.355254e-02
9.692041618215071e-03	-9.792258e-02
9.701807243215071e-03	-1.019992e-01
9.711572868215071e-03	-1.057922e-01
9.721338493215071e-03	-1.093111e-01
9.731104118215071e-03	-1.125643e-01
9.740869743215070e-03	-1.155601e-01
9.750635368215072e-03	-1.183055e-01
9.760400993215072e-03	-1.208077e-01
9.770166618215071e-03	-1.230728e-01
9.789697868215071e-03	-1.269149e-01
9.809229118215071e-03	-1.298733e-01
9.828760368215072e-03	-1.319813e-01
9.848291618215071e-03	-1.332641e-01
9.867822868215071e-03	-1.337354e-01
9.877588493215071e-03	-1.336665e-01
9.887354118215071e-03	-1.333914e-01
9.897119743215070e-03	-1.329049e-01
9.906885368215072e-03	-1.321979e-01
9.916650993215072e-03	-1.312563e-01
9.926416618215072e-03	-1.300561e-01
9.936182243215071e-03	-1.285612e-01
9.945947868215071e-03	-1.267073e-01
9.955713493215071e-03	-1.243754e-01
9.965479118215071e-03	-1.213163e-01
9.975244743215071e-03	-1.168920e-01
9.985010368215070e-03	-1.091759e-01
9.994775993215072e-03	-9.490913e-02
1.000000000000000e-02	-8.420654e-02
