time	V(n012)
0.000000000000000e+00	4.500009e-14
1.428571445265854e-08	-1.586068e-09
2.857142890531708e-08	-1.354875e-09
4.285714335797562e-08	6.936235e-10
5.714285781063416e-08	4.559427e-09
7.142857226329269e-08	1.024254e-08
8.571428671595124e-08	1.774295e-08
1.000000011686097e-07	2.706067e-08
1.698146936364079e-07	4.097274e-07
2.535562179055274e-07	2.374204e-06
3.427773407254570e-07	7.309313e-06
5.212195863653162e-07	2.489739e-05
7.375655868338763e-07	5.724548e-05
1.018335996989278e-06	1.175962e-04
1.360533884659799e-06	2.186863e-04
1.826221203828804e-06	4.019833e-04
2.432053440249405e-06	7.162230e-04
3.265572949904520e-06	1.278081e-03
4.386451579105391e-06	2.249911e-03
5.953743418691205e-06	3.974866e-03
8.147848479417682e-06	6.995973e-03
1.135687751711939e-05	1.240489e-02
1.627948494492351e-05	2.172037e-02
2.152150377648202e-05	2.943821e-02
2.441931843422637e-05	3.200071e-02
2.780804787891854e-05	3.458539e-02
3.203456595789030e-05	3.763262e-02
3.665191461415110e-05	4.078535e-02
4.588661192667272e-05	4.675396e-02
5.565223692667272e-05	5.268754e-02
6.541786192667272e-05	5.832287e-02
7.518348692667272e-05	6.367851e-02
8.494911192667271e-05	6.878797e-02
9.471473692667272e-05	7.365169e-02
1.044803619266727e-04	7.829012e-02
1.142459869266727e-04	8.269987e-02
1.240116119266727e-04	8.689881e-02
1.337772369266727e-04	9.088162e-02
1.435428619266727e-04	9.466385e-02
1.533084869266727e-04	9.823985e-02
1.630741119266727e-04	1.016236e-01
1.728397369266727e-04	1.048092e-01
1.826053619266727e-04	1.078094e-01
1.923709869266727e-04	1.106183e-01
2.021366119266727e-04	1.132474e-01
2.119022369266727e-04	1.156910e-01
2.216678619266727e-04	1.179597e-01
2.314334869266727e-04	1.200475e-01
2.411991119266727e-04	1.219645e-01
2.509647369266727e-04	1.237048e-01
2.607303619266727e-04	1.252775e-01
2.704959869266727e-04	1.266769e-01
2.802616119266727e-04	1.279116e-01
2.900272369266727e-04	1.289758e-01
2.997928619266727e-04	1.298773e-01
3.095584869266727e-04	1.306104e-01
3.193241119266727e-04	1.311821e-01
3.290897369266727e-04	1.315865e-01
3.388553619266727e-04	1.318295e-01
3.486209869266727e-04	1.319047e-01
3.583866119266727e-04	1.318166e-01
3.681522369266727e-04	1.315573e-01
3.779178619266727e-04	1.311288e-01
3.876834869266728e-04	1.305208e-01
3.974491119266727e-04	1.297307e-01
4.072147369266727e-04	1.287419e-01
4.169803619266727e-04	1.275421e-01
4.267459869266727e-04	1.260997e-01
4.365116119266727e-04	1.243759e-01
4.462772369266727e-04	1.222910e-01
4.560428619266727e-04	1.197058e-01
4.658084869266727e-04	1.162915e-01
4.755741119266727e-04	1.111163e-01
4.839771472771957e-04	1.030874e-01
4.922954263132999e-04	8.897399e-02
5.007244056756252e-04	6.842487e-02
5.070734042240510e-04	5.142116e-02
5.121270166898592e-04	4.120295e-02
5.147104896662249e-04	3.769860e-02
5.178027105028818e-04	3.368292e-02
5.209774829090563e-04	2.971590e-02
5.273270277214051e-04	2.213445e-02
5.370926527214051e-04	1.117482e-02
5.383133558464051e-04	9.861898e-03
5.407547620964051e-04	7.254523e-03
5.410056927951716e-04	6.989230e-03
5.415075541927047e-04	6.459543e-03
5.416330195420880e-04	6.327422e-03
5.418839502408545e-04	6.063381e-03
5.423858116383875e-04	5.536409e-03
5.426594635035694e-04	5.247554e-03
5.429920281787439e-04	4.900347e-03
5.433341346667035e-04	4.545162e-03
5.436716640653315e-04	4.192883e-03
5.443467228625876e-04	3.493328e-03
5.451054221656310e-04	2.708866e-03
5.463942509194474e-04	1.386459e-03
5.480603343670027e-04	-3.086859e-04
5.506485879224225e-04	-2.906548e-03
5.549362444919471e-04	-7.122338e-03
5.626267001532201e-04	-1.441599e-02
5.723923251532201e-04	-2.321146e-02
5.821579501532201e-04	-3.151363e-02
5.919235751532201e-04	-3.935228e-02
6.016892001532201e-04	-4.675052e-02
6.114548251532202e-04	-5.373220e-02
6.212204501532202e-04	-6.031597e-02
6.309860751532202e-04	-6.652195e-02
6.407517001532202e-04	-7.236566e-02
6.505173251532201e-04	-7.786442e-02
6.602829501532201e-04	-8.303116e-02
6.700485751532201e-04	-8.788076e-02
6.798142001532201e-04	-9.242428e-02
6.895798251532201e-04	-9.667452e-02
6.993454501532201e-04	-1.006408e-01
7.091110751532201e-04	-1.043342e-01
7.188767001532201e-04	-1.077626e-01
7.286423251532202e-04	-1.109357e-01
7.384079501532202e-04	-1.138600e-01
7.481735751532202e-04	-1.165440e-01
7.579392001532202e-04	-1.189933e-01
7.677048251532202e-04	-1.212153e-01
7.774704501532201e-04	-1.232145e-01
7.872360751532201e-04	-1.249976e-01
7.970017001532201e-04	-1.265682e-01
8.067673251532201e-04	-1.279321e-01
8.165329501532201e-04	-1.290922e-01
8.262985751532201e-04	-1.300532e-01
8.360642001532201e-04	-1.308172e-01
8.458298251532201e-04	-1.313879e-01
8.555954501532202e-04	-1.317663e-01
8.653610751532202e-04	-1.319545e-01
8.751267001532202e-04	-1.319518e-01
8.848923251532202e-04	-1.317580e-01
8.946579501532201e-04	-1.313695e-01
9.044235751532201e-04	-1.307818e-01
9.141892001532201e-04	-1.299855e-01
9.239548251532201e-04	-1.289666e-01
9.337204501532201e-04	-1.277026e-01
9.434860751532201e-04	-1.261572e-01
9.532517001532201e-04	-1.242658e-01
9.630173251532201e-04	-1.219097e-01
9.727829501532202e-04	-1.188297e-01
9.825485751532202e-04	-1.143298e-01
9.923142001532202e-04	-1.060638e-01
1.000589902177920e-03	-9.298692e-02
1.009444820694420e-03	-7.205012e-02
1.016025439114447e-03	-5.436476e-02
1.021078676173451e-03	-4.378970e-02
1.024006508892015e-03	-3.969580e-02
1.027159028296621e-03	-3.563049e-02
1.031244066211037e-03	-3.057833e-02
1.037109947681739e-03	-2.364836e-02
1.046875572681739e-03	-1.278083e-02
1.056641197681739e-03	-2.604470e-03
1.066406822681739e-03	6.977482e-03
1.076172447681739e-03	1.600284e-02
1.085938072681739e-03	2.452329e-02
1.095703697681739e-03	3.255481e-02
1.105469322681739e-03	4.013856e-02
1.115234947681739e-03	4.728292e-02
1.125000572681739e-03	5.402413e-02
1.134766197681739e-03	6.036646e-02
1.144531822681739e-03	6.634271e-02
1.154297447681739e-03	7.195432e-02
1.164063072681739e-03	7.723124e-02
1.173828697681739e-03	8.217280e-02
1.183594322681739e-03	8.680641e-02
1.193359947681739e-03	9.112965e-02
1.203125572681739e-03	9.516788e-02
1.212891197681739e-03	9.891727e-02
1.222656822681739e-03	1.024012e-01
1.232422447681739e-03	1.056148e-01
1.242188072681739e-03	1.085798e-01
1.251953697681739e-03	1.112904e-01
1.261719322681739e-03	1.137666e-01
1.271484947681739e-03	1.160022e-01
1.281250572681739e-03	1.180158e-01
1.291016197681739e-03	1.198003e-01
1.300781822681739e-03	1.213731e-01
1.310547447681739e-03	1.227266e-01
1.320313072681739e-03	1.238768e-01
1.330078697681739e-03	1.248154e-01
1.339844322681739e-03	1.255568e-01
1.349609947681739e-03	1.260918e-01
1.359375572681739e-03	1.264330e-01
1.369141197681739e-03	1.265694e-01
1.378906822681739e-03	1.265108e-01
1.388672447681739e-03	1.262434e-01
1.398438072681739e-03	1.257717e-01
1.408203697681739e-03	1.250759e-01
1.417969322681739e-03	1.241510e-01
1.427734947681739e-03	1.229601e-01
1.437500572681739e-03	1.214720e-01
1.447266197681739e-03	1.196037e-01
1.457031822681739e-03	1.172205e-01
1.466797447681739e-03	1.139902e-01
1.476563072681739e-03	1.089841e-01
1.486328697681739e-03	9.914255e-02
1.495913573636170e-03	8.124688e-02
1.504702495377158e-03	5.848011e-02
1.510000564857380e-03	4.522512e-02
1.515370178974443e-03	3.632898e-02
1.518394459589927e-03	3.266833e-02
1.520877432838297e-03	2.951201e-02
1.523528177960832e-03	2.631039e-02
1.526551243016620e-03	2.273411e-02
1.531606991750150e-03	1.695032e-02
1.539190657895377e-03	8.662868e-03
1.540411361020377e-03	7.370539e-03
1.542543711672392e-03	5.131734e-03
1.542688853827823e-03	4.980634e-03
1.542979138138684e-03	4.678656e-03
1.543559706760406e-03	4.075982e-03
1.543937338404046e-03	3.683433e-03
1.544364149883517e-03	3.243659e-03
1.544868582699666e-03	2.725641e-03
1.545346464821161e-03	2.234698e-03
1.546302229064151e-03	1.259227e-03
1.547768764098276e-03	-2.280617e-04
1.550138391577436e-03	-2.601326e-03
1.553509850478378e-03	-5.920561e-03
1.560075911050107e-03	-1.219279e-02
1.569841536050107e-03	-2.108087e-02
1.579607161050107e-03	-2.947006e-02
1.589372786050107e-03	-3.739183e-02
1.599138411050107e-03	-4.486941e-02
1.608904036050107e-03	-5.192759e-02
1.618669661050107e-03	-5.858485e-02
1.628435286050107e-03	-6.486204e-02
1.638200911050107e-03	-7.077439e-02
1.647966536050107e-03	-7.633983e-02
1.657732161050107e-03	-8.157112e-02
1.667497786050107e-03	-8.648367e-02
1.677263411050107e-03	-9.108813e-02
1.687029036050107e-03	-9.539801e-02
1.696794661050107e-03	-9.942213e-02
1.706560286050107e-03	-1.031723e-01
1.716325911050107e-03	-1.066559e-01
1.726091536050107e-03	-1.098832e-01
1.735857161050107e-03	-1.128603e-01
1.745622786050107e-03	-1.155963e-01
1.755388411050107e-03	-1.180963e-01
1.765154036050107e-03	-1.203683e-01
1.774919661050107e-03	-1.224164e-01
1.784685286050107e-03	-1.242477e-01
1.794450911050107e-03	-1.258655e-01
1.804216536050107e-03	-1.272760e-01
1.813982161050107e-03	-1.284817e-01
1.823747786050107e-03	-1.294880e-01
1.833513411050107e-03	-1.302965e-01
1.843279036050107e-03	-1.309113e-01
1.853044661050107e-03	-1.313331e-01
1.862810286050107e-03	-1.315647e-01
1.872575911050107e-03	-1.316050e-01
1.882341536050107e-03	-1.314546e-01
1.892107161050107e-03	-1.311096e-01
1.901872786050107e-03	-1.305666e-01
1.911638411050107e-03	-1.298161e-01
1.921404036050107e-03	-1.288462e-01
1.931169661050107e-03	-1.276352e-01
1.940935286050107e-03	-1.261507e-01
1.950700911050107e-03	-1.243335e-01
1.960466536050107e-03	-1.220786e-01
1.970232161050107e-03	-1.191617e-01
1.979997786050107e-03	-1.150094e-01
1.989763411050107e-03	-1.077127e-01
1.998305975568368e-03	-9.548665e-02
2.007407026785705e-03	-7.493447e-02
2.014270838966458e-03	-5.641282e-02
2.019321207225902e-03	-4.508875e-02
2.022585816485240e-03	-4.018725e-02
2.026183554203540e-03	-3.555375e-02
2.029348720526439e-03	-3.159513e-02
2.033019360057712e-03	-2.718491e-02
2.039998928891948e-03	-1.914685e-02
2.048063631035979e-03	-1.035901e-02
2.057829256035979e-03	-3.086498e-04
2.067594881035979e-03	9.147016e-03
2.077360506035979e-03	1.806837e-02
2.087126131035979e-03	2.647945e-02
2.096891756035979e-03	3.442058e-02
2.106657381035979e-03	4.190720e-02
2.116423006035979e-03	4.897178e-02
2.126188631035979e-03	5.562595e-02
2.135954256035979e-03	6.189741e-02
2.145719881035979e-03	6.779525e-02
2.155485506035979e-03	7.334361e-02
2.165251131035979e-03	7.854967e-02
2.175016756035979e-03	8.343454e-02
2.184782381035979e-03	8.800372e-02
2.194548006035979e-03	9.227604e-02
2.204313631035979e-03	9.625554e-02
2.214079256035979e-03	9.995895e-02
2.223844881035979e-03	1.033892e-01
2.233610506035979e-03	1.065611e-01
2.243376131035979e-03	1.094768e-01
2.253141756035979e-03	1.121494e-01
2.262907381035979e-03	1.145803e-01
2.272673006035979e-03	1.167812e-01
2.282438631035979e-03	1.187527e-01
2.292204256035979e-03	1.205055e-01
2.301969881035979e-03	1.220394e-01
2.311735506035979e-03	1.233637e-01
2.321501131035979e-03	1.244776e-01
2.331266756035979e-03	1.253892e-01
2.341032381035979e-03	1.260968e-01
2.350798006035979e-03	1.266069e-01
2.360563631035979e-03	1.269163e-01
2.370329256035979e-03	1.270294e-01
2.380094881035979e-03	1.269408e-01
2.389860506035979e-03	1.266512e-01
2.399626131035979e-03	1.261508e-01
2.409391756035979e-03	1.254335e-01
2.419157381035979e-03	1.244802e-01
2.428923006035979e-03	1.232668e-01
2.438688631035979e-03	1.217482e-01
2.448454256035979e-03	1.198522e-01
2.458219881035979e-03	1.174268e-01
2.467985506035979e-03	1.141394e-01
2.477751131035979e-03	1.089991e-01
2.485287005532027e-03	1.019792e-01
2.492955895388459e-03	8.960366e-02
2.501483830864386e-03	6.957415e-02
2.507780295245519e-03	5.258416e-02
2.512692742482369e-03	4.182604e-02
2.515810742065352e-03	3.724765e-02
2.519154580003889e-03	3.294552e-02
2.522413218124380e-03	2.888346e-02
2.526128388166717e-03	2.443376e-02
2.533054910323245e-03	1.648296e-02
2.541365376910622e-03	7.461608e-03
2.542586080035623e-03	6.179247e-03
2.544553978960182e-03	4.128563e-03
2.544681894927132e-03	3.996381e-03
2.544937726861033e-03	3.732162e-03
2.545449390728834e-03	3.204810e-03
2.545732791736377e-03	2.911060e-03
2.545773832973898e-03	2.868678e-03
2.545855915448941e-03	2.784565e-03
2.546020080399026e-03	2.617182e-03
2.546315590975202e-03	2.314732e-03
2.546906612127555e-03	1.711133e-03
2.547520451884317e-03	1.086200e-03
2.548748131397841e-03	-1.566025e-04
2.551181224002692e-03	-2.592066e-03
2.556047409212396e-03	-7.355687e-03
2.564797596120068e-03	-1.557882e-02
2.574563221120068e-03	-2.426569e-02
2.584328846120068e-03	-3.246647e-02
2.594094471120068e-03	-4.020856e-02
2.603860096120068e-03	-4.751628e-02
2.613625721120068e-03	-5.441134e-02
2.623391346120068e-03	-6.091363e-02
2.633156971120068e-03	-6.704130e-02
2.642922596120068e-03	-7.281110e-02
2.652688221120068e-03	-7.823851e-02
2.662453846120068e-03	-8.333764e-02
2.672219471120068e-03	-8.812171e-02
2.681985096120068e-03	-9.260290e-02
2.691750721120068e-03	-9.679247e-02
2.701516346120068e-03	-1.007008e-01
2.711281971120068e-03	-1.043376e-01
2.721047596120068e-03	-1.077117e-01
2.730813221120068e-03	-1.108314e-01
2.740578846120068e-03	-1.137045e-01
2.750344471120068e-03	-1.163380e-01
2.760110096120068e-03	-1.187384e-01
2.769875721120068e-03	-1.209121e-01
2.779641346120068e-03	-1.228645e-01
2.789406971120068e-03	-1.246010e-01
2.799172596120068e-03	-1.261262e-01
2.808938221120068e-03	-1.274448e-01
2.818703846120068e-03	-1.285604e-01
2.828469471120068e-03	-1.294768e-01
2.838235096120068e-03	-1.301967e-01
2.848000721120068e-03	-1.307227e-01
2.857766346120068e-03	-1.310564e-01
2.867531971120068e-03	-1.311988e-01
2.877297596120068e-03	-1.311495e-01
2.887063221120068e-03	-1.309069e-01
2.896828846120068e-03	-1.304674e-01
2.906594471120068e-03	-1.298246e-01
2.916360096120068e-03	-1.289679e-01
2.926125721120068e-03	-1.278799e-01
2.935891346120068e-03	-1.265345e-01
2.945656971120068e-03	-1.248863e-01
2.955422596120068e-03	-1.228551e-01
2.965188221120068e-03	-1.202841e-01
2.974953846120068e-03	-1.168080e-01
2.984719471120068e-03	-1.113328e-01
2.994485096120068e-03	-1.004572e-01
3.004250721120068e-03	-8.091935e-02
3.012240632301058e-03	-5.974303e-02
3.017427879682160e-03	-4.710072e-02
3.021989492452017e-03	-3.968799e-02
3.025309182018448e-03	-3.555033e-02
3.028053176542000e-03	-3.207561e-02
3.030963124318511e-03	-2.855581e-02
3.035101147003896e-03	-2.368478e-02
3.041701632914521e-03	-1.623965e-02
3.051467257914521e-03	-5.825313e-03
3.061232882914521e-03	3.963884e-03
3.070998507914521e-03	1.318682e-02
3.080764132914521e-03	2.188767e-02
3.090529757914521e-03	3.009536e-02
3.100295382914521e-03	3.784206e-02
3.110061007914521e-03	4.514704e-02
3.119826632914521e-03	5.203765e-02
3.129592257914521e-03	5.852811e-02
3.139357882914521e-03	6.464268e-02
3.149123507914521e-03	7.039209e-02
3.158889132914521e-03	7.579810e-02
3.168654757914521e-03	8.086888e-02
3.178420382914521e-03	8.562388e-02
3.188186007914521e-03	9.006911e-02
3.197951632914521e-03	9.422230e-02
3.207717257914521e-03	9.808765e-02
3.217482882914521e-03	1.016812e-01
3.227248507914521e-03	1.050057e-01
3.237014132914521e-03	1.080759e-01
3.246779757914521e-03	1.108932e-01
3.256545382914521e-03	1.134709e-01
3.266311007914521e-03	1.158098e-01
3.276076632914521e-03	1.179219e-01
3.285842257914521e-03	1.198070e-01
3.295607882914521e-03	1.214762e-01
3.305373507914521e-03	1.229283e-01
3.315139132914521e-03	1.241734e-01
3.324904757914521e-03	1.252097e-01
3.334670382914521e-03	1.260457e-01
3.344436007914521e-03	1.266788e-01
3.354201632914521e-03	1.271160e-01
3.363967257914521e-03	1.273530e-01
3.373732882914521e-03	1.273947e-01
3.383498507914521e-03	1.272342e-01
3.393264132914521e-03	1.268725e-01
3.403029757914521e-03	1.262978e-01
3.412795382914521e-03	1.255034e-01
3.422561007914521e-03	1.244664e-01
3.432326632914521e-03	1.231615e-01
3.442092257914521e-03	1.215340e-01
3.451857882914521e-03	1.194978e-01
3.461623507914521e-03	1.168656e-01
3.471389132914521e-03	1.131970e-01
3.481154757914521e-03	1.070789e-01
3.489541575159759e-03	9.703865e-02
3.497796788596889e-03	8.059570e-02
3.505483300996262e-03	6.061461e-02
3.510932700265674e-03	4.671998e-02
3.516337663649511e-03	3.740708e-02
3.519322741645960e-03	3.376123e-02
3.521887679816910e-03	3.049010e-02
3.524591276590957e-03	2.720691e-02
3.528103901873640e-03	2.304637e-02
3.535129152439007e-03	1.506784e-02
3.543543768292260e-03	6.021664e-03
3.544764471417260e-03	4.751396e-03
3.545023107968453e-03	4.483154e-03
3.545540381070839e-03	3.947781e-03
3.546444352511197e-03	3.016705e-03
3.546577495233778e-03	2.880083e-03
3.546843780678940e-03	2.607079e-03
3.547138823406923e-03	2.304791e-03
3.547194359259492e-03	2.247796e-03
3.547305430964630e-03	2.133857e-03
3.547527574374905e-03	1.906830e-03
3.547971861195457e-03	1.454325e-03
3.548470124915668e-03	9.481356e-04
3.549466652356090e-03	-5.927918e-05
3.551459707236935e-03	-2.056174e-03
3.555445816998623e-03	-5.977745e-03
3.561995920239800e-03	-1.222038e-02
3.571761545239800e-03	-2.108672e-02
3.581527170239800e-03	-2.945572e-02
3.591292795239800e-03	-3.735632e-02
3.601058420239800e-03	-4.481394e-02
3.610824045239800e-03	-5.185099e-02
3.620589670239800e-03	-5.848813e-02
3.630355295239800e-03	-6.474394e-02
3.640120920239800e-03	-7.063582e-02
3.649886545239800e-03	-7.617947e-02
3.659652170239800e-03	-8.138980e-02
3.669417795239800e-03	-8.628003e-02
3.679183420239800e-03	-9.086294e-02
3.688949045239800e-03	-9.514990e-02
3.698714670239800e-03	-9.915183e-02
3.708480295239800e-03	-1.028784e-01
3.718245920239800e-03	-1.063391e-01
3.728011545239800e-03	-1.095422e-01
3.737777170239800e-03	-1.124957e-01
3.747542795239800e-03	-1.152068e-01
3.757308420239800e-03	-1.176825e-01
3.767074045239800e-03	-1.199288e-01
3.786605295239800e-03	-1.237567e-01
3.806136545239800e-03	-1.267318e-01
3.825667795239800e-03	-1.288886e-01
3.845199045239800e-03	-1.302540e-01
3.864730295239800e-03	-1.308456e-01
3.874495920239800e-03	-1.308533e-01
3.884261545239800e-03	-1.306676e-01
3.894027170239800e-03	-1.302856e-01
3.903792795239800e-03	-1.297013e-01
3.913558420239801e-03	-1.289056e-01
3.923324045239800e-03	-1.278827e-01
3.933089670239800e-03	-1.266093e-01
3.942855295239800e-03	-1.250452e-01
3.952620920239801e-03	-1.231206e-01
3.962386545239800e-03	-1.207028e-01
3.972152170239800e-03	-1.174966e-01
3.981917795239800e-03	-1.126729e-01
3.991683420239801e-03	-1.034693e-01
4.000086280658458e-03	-8.895428e-02
4.008701661956948e-03	-6.767568e-02
4.014812878095282e-03	-5.148558e-02
4.019918868263750e-03	-4.161032e-02
4.022641801666940e-03	-3.806395e-02
4.025635676043525e-03	-3.422220e-02
4.028547792667493e-03	-3.062364e-02
4.034372025915427e-03	-2.371463e-02
4.044137650915426e-03	-1.280657e-02
4.053903275915426e-03	-2.598148e-03
4.063668900915426e-03	7.015763e-03
4.073434525915427e-03	1.606979e-02
4.083200150915426e-03	2.462037e-02
4.092965775915426e-03	3.267997e-02
4.102731400915426e-03	4.029350e-02
4.112497025915427e-03	4.746610e-02
4.122262650915426e-03	5.423729e-02
4.132028275915426e-03	6.060838e-02
4.141793900915426e-03	6.661513e-02
4.151559525915427e-03	7.225622e-02
4.161325150915426e-03	7.756443e-02
4.171090775915426e-03	8.253632e-02
4.180856400915426e-03	8.720200e-02
4.190622025915427e-03	9.155661e-02
4.200387650915426e-03	9.562785e-02
4.210153275915426e-03	9.940966e-02
4.219918900915426e-03	1.029276e-01
4.229684525915426e-03	1.061748e-01
4.239450150915426e-03	1.091748e-01
4.249215775915426e-03	1.119201e-01
4.258981400915426e-03	1.144326e-01
4.268747025915426e-03	1.167040e-01
4.278512650915427e-03	1.187550e-01
4.288278275915426e-03	1.205767e-01
4.298043900915426e-03	1.221882e-01
4.307809525915426e-03	1.235805e-01
4.317575150915427e-03	1.247711e-01
4.327340775915426e-03	1.257503e-01
4.337106400915426e-03	1.265344e-01
4.346872025915426e-03	1.271128e-01
4.356637650915427e-03	1.274998e-01
4.366403275915426e-03	1.276837e-01
4.376168900915426e-03	1.276760e-01
4.385934525915426e-03	1.274628e-01
4.395700150915427e-03	1.270510e-01
4.405465775915426e-03	1.264217e-01
4.415231400915426e-03	1.255734e-01
4.424997025915426e-03	1.244751e-01
4.434762650915427e-03	1.231044e-01
4.444528275915426e-03	1.213950e-01
4.454293900915426e-03	1.192540e-01
4.464059525915426e-03	1.164571e-01
4.473825150915426e-03	1.124679e-01
4.483590775915426e-03	1.054720e-01
4.492564993222260e-03	9.288408e-02
4.501354236530089e-03	7.322793e-02
4.508002247376703e-03	5.531289e-02
4.512990404172740e-03	4.368922e-02
4.516338146231792e-03	3.838573e-02
4.520358378885175e-03	3.320137e-02
4.523637846187742e-03	2.911172e-02
4.527185833513695e-03	2.486213e-02
4.534281808165601e-03	1.671551e-02
4.544047433165600e-03	6.165481e-03
4.545268136290601e-03	4.896625e-03
4.547334968641228e-03	2.763961e-03
4.547540422697624e-03	2.553811e-03
4.547951330810415e-03	2.134032e-03
4.548244900537702e-03	1.833988e-03
4.548295987481518e-03	1.781792e-03
4.548398161369151e-03	1.677582e-03
4.548602509144416e-03	1.469684e-03
4.549011204694945e-03	1.054692e-03
4.549828595796005e-03	2.279844e-04
4.551463377998124e-03	-1.413131e-03
4.554732942402362e-03	-4.646836e-03
4.560280271846358e-03	-9.988811e-03
4.569684342029830e-03	-1.864964e-02
4.579449967029830e-03	-2.714698e-02
4.589215592029830e-03	-3.516848e-02
4.598981217029830e-03	-4.274016e-02
4.608746842029830e-03	-4.988534e-02
4.618512467029830e-03	-5.662494e-02
4.628278092029829e-03	-6.297824e-02
4.638043717029830e-03	-6.896277e-02
4.647809342029830e-03	-7.459483e-02
4.657574967029830e-03	-7.988939e-02
4.667340592029830e-03	-8.486025e-02
4.677106217029830e-03	-8.952015e-02
4.686871842029830e-03	-9.388100e-02
4.696637467029830e-03	-9.795368e-02
4.706403092029830e-03	-1.017484e-01
4.716168717029830e-03	-1.052744e-01
4.725934342029830e-03	-1.085405e-01
4.735699967029830e-03	-1.115548e-01
4.745465592029830e-03	-1.143246e-01
4.755231217029830e-03	-1.168569e-01
4.764996842029830e-03	-1.191581e-01
4.784528092029830e-03	-1.230907e-01
4.804059342029830e-03	-1.261645e-01
4.823590592029830e-03	-1.284149e-01
4.843121842029830e-03	-1.298697e-01
4.862653092029830e-03	-1.305477e-01
4.872418717029830e-03	-1.305978e-01
4.882184342029830e-03	-1.304545e-01
4.891949967029830e-03	-1.301149e-01
4.901715592029830e-03	-1.295739e-01
4.911481217029830e-03	-1.288229e-01
4.921246842029830e-03	-1.278474e-01
4.931012467029830e-03	-1.266257e-01
4.940778092029830e-03	-1.251212e-01
4.950543717029830e-03	-1.232704e-01
4.960309342029830e-03	-1.209554e-01
4.970074967029830e-03	-1.179210e-01
4.979840592029830e-03	-1.134831e-01
4.989606217029830e-03	-1.053394e-01
4.997899662768248e-03	-9.237550e-02
5.006774975834122e-03	-7.149897e-02
5.013384353973463e-03	-5.373042e-02
5.018430607262432e-03	-4.310030e-02
5.021379319260597e-03	-3.896512e-02
5.024572926746225e-03	-3.484988e-02
5.028436166472529e-03	-3.005556e-02
5.033022614139303e-03	-2.460907e-02
5.041544736039845e-03	-1.498410e-02
5.051310361039845e-03	-4.636817e-03
5.061075986039845e-03	5.103181e-03
5.070841611039845e-03	1.427299e-02
5.080607236039845e-03	2.293224e-02
5.090372861039845e-03	3.109484e-02
5.100138486039845e-03	3.880559e-02
5.109904111039845e-03	4.607164e-02
5.119669736039845e-03	5.293111e-02
5.129435361039845e-03	5.938782e-02
5.139200986039845e-03	6.547547e-02
5.148966611039845e-03	7.119562e-02
5.158732236039845e-03	7.657848e-02
5.168497861039845e-03	8.162391e-02
5.178263486039845e-03	8.635908e-02
5.188029111039845e-03	9.078246e-02
5.197794736039845e-03	9.491879e-02
5.207560361039845e-03	9.876534e-02
5.217325986039845e-03	1.023447e-01
5.227091611039845e-03	1.056532e-01
5.236857236039845e-03	1.087114e-01
5.246622861039845e-03	1.115151e-01
5.256388486039845e-03	1.140831e-01
5.266154111039845e-03	1.164106e-01
5.275919736039845e-03	1.185148e-01
5.285685361039845e-03	1.203905e-01
5.295450986039845e-03	1.220536e-01
5.305216611039845e-03	1.234982e-01
5.314982236039845e-03	1.247389e-01
5.324747861039845e-03	1.257694e-01
5.334513486039845e-03	1.266027e-01
5.344279111039845e-03	1.272319e-01
5.354044736039845e-03	1.276681e-01
5.363810361039845e-03	1.279032e-01
5.373575986039845e-03	1.279460e-01
5.383341611039845e-03	1.277860e-01
5.393107236039845e-03	1.274281e-01
5.402872861039845e-03	1.268574e-01
5.412638486039845e-03	1.260711e-01
5.422404111039845e-03	1.250438e-01
5.432169736039845e-03	1.237551e-01
5.441935361039845e-03	1.221501e-01
5.451700986039845e-03	1.201517e-01
5.461466611039845e-03	1.175844e-01
5.471232236039845e-03	1.140566e-01
5.480997861039845e-03	1.083323e-01
5.489338882954656e-03	9.910975e-02
5.497510083564664e-03	8.371618e-02
5.505964159828551e-03	6.215417e-02
5.511366138207643e-03	4.810657e-02
5.516510051300646e-03	3.875461e-02
5.519442669030296e-03	3.507093e-02
5.522419225632232e-03	3.128505e-02
5.525210594481651e-03	2.787656e-02
5.530649807246197e-03	2.146789e-02
5.540415432246198e-03	1.061087e-02
5.541636135371198e-03	9.310546e-03
5.544077541621197e-03	6.727548e-03
5.544687893183698e-03	6.089511e-03
5.545908596308697e-03	4.818492e-03
5.547385778865444e-03	3.293651e-03
5.547755074504630e-03	2.915067e-03
5.548493665783003e-03	2.159711e-03
5.548623693759420e-03	2.027165e-03
5.548883749712255e-03	1.762299e-03
5.549202570888444e-03	1.437902e-03
5.549475627568014e-03	1.159008e-03
5.549766194852596e-03	8.648122e-04
5.550097296003928e-03	5.311964e-04
5.550466663158096e-03	1.578332e-04
5.551205397466430e-03	-5.844210e-04
5.552075457318839e-03	-1.455575e-03
5.553663828904753e-03	-3.032807e-03
5.555789792671489e-03	-5.120987e-03
5.559398656070222e-03	-8.603685e-03
5.565803418850680e-03	-1.460283e-02
5.575569043850680e-03	-2.332096e-02
5.585334668850680e-03	-3.155064e-02
5.595100293850679e-03	-3.931846e-02
5.604865918850680e-03	-4.665001e-02
5.614631543850680e-03	-5.356606e-02
5.624397168850680e-03	-6.008771e-02
5.634162793850679e-03	-6.623215e-02
5.643928418850680e-03	-7.201731e-02
5.653694043850680e-03	-7.745763e-02
5.663459668850680e-03	-8.256856e-02
5.673225293850680e-03	-8.736221e-02
5.682990918850680e-03	-9.185188e-02
5.692756543850680e-03	-9.604793e-02
5.702522168850680e-03	-9.996181e-02
5.712287793850680e-03	-1.036023e-01
5.722053418850680e-03	-1.069793e-01
5.731819043850680e-03	-1.101002e-01
5.741584668850680e-03	-1.129737e-01
5.751350293850680e-03	-1.156061e-01
5.761115918850680e-03	-1.180048e-01
5.770881543850680e-03	-1.201752e-01
5.780647168850680e-03	-1.221238e-01
5.790412793850680e-03	-1.238550e-01
5.800178418850680e-03	-1.253745e-01
5.809944043850680e-03	-1.266859e-01
5.819709668850680e-03	-1.277938e-01
5.829475293850680e-03	-1.287010e-01
5.839240918850679e-03	-1.294111e-01
5.849006543850680e-03	-1.299257e-01
5.858772168850680e-03	-1.302471e-01
5.868537793850680e-03	-1.303753e-01
5.878303418850679e-03	-1.303105e-01
5.888069043850680e-03	-1.300500e-01
5.897834668850680e-03	-1.295902e-01
5.907600293850680e-03	-1.289233e-01
5.917365918850680e-03	-1.280381e-01
5.927131543850680e-03	-1.269147e-01
5.936897168850680e-03	-1.255238e-01
5.946662793850680e-03	-1.238135e-01
5.956428418850680e-03	-1.216906e-01
5.966194043850680e-03	-1.189657e-01
5.975959668850680e-03	-1.151744e-01
5.985725293850680e-03	-1.088336e-01
5.995490918850680e-03	-9.600650e-02
6.004571816161078e-03	-7.613472e-02
6.011453816335679e-03	-5.761194e-02
6.016452133955387e-03	-4.580510e-02
6.020198046020709e-03	-3.982308e-02
6.023959336553249e-03	-3.501057e-02
6.027005740552300e-03	-3.118425e-02
6.030240633748130e-03	-2.728953e-02
6.036072902137709e-03	-2.051307e-02
6.043181252346548e-03	-1.265155e-02
6.052946877346549e-03	-2.433250e-03
6.062712502346549e-03	7.177320e-03
6.072478127346548e-03	1.624052e-02
6.082243752346548e-03	2.478890e-02
6.092009377346549e-03	3.285794e-02
6.101775002346549e-03	4.047042e-02
6.111540627346548e-03	4.765296e-02
6.121306252346548e-03	5.442425e-02
6.131071877346548e-03	6.080585e-02
6.140837502346549e-03	6.681380e-02
6.150603127346548e-03	7.246602e-02
6.160368752346548e-03	7.777648e-02
6.170134377346548e-03	8.276010e-02
6.179900002346549e-03	8.742902e-02
6.189665627346548e-03	9.179597e-02
6.199431252346548e-03	9.587143e-02
6.209196877346548e-03	9.966613e-02
6.218962502346549e-03	1.031893e-01
6.228728127346548e-03	1.064498e-01
6.238493752346548e-03	1.094559e-01
6.248259377346548e-03	1.122151e-01
6.258025002346549e-03	1.147345e-01
6.267790627346548e-03	1.170205e-01
6.277556252346548e-03	1.190791e-01
6.287321877346548e-03	1.209159e-01
6.297087502346549e-03	1.225360e-01
6.306853127346549e-03	1.239439e-01
6.316618752346548e-03	1.251440e-01
6.326384377346548e-03	1.261396e-01
6.336150002346549e-03	1.269342e-01
6.345915627346549e-03	1.275299e-01
6.355681252346548e-03	1.279289e-01
6.365446877346548e-03	1.281314e-01
6.375212502346548e-03	1.281377e-01
6.384978127346549e-03	1.279454e-01
6.394743752346548e-03	1.275508e-01
6.404509377346548e-03	1.269464e-01
6.414275002346548e-03	1.261211e-01
6.424040627346549e-03	1.250559e-01
6.433806252346548e-03	1.237210e-01
6.443571877346548e-03	1.220651e-01
6.453337502346548e-03	1.199965e-01
6.463103127346549e-03	1.173283e-01
6.472868752346548e-03	1.136051e-01
6.482634377346548e-03	1.073729e-01
6.491532120251702e-03	9.627409e-02
6.500470756133006e-03	7.761028e-02
6.507626455807681e-03	5.859007e-02
6.512832793441018e-03	4.573626e-02
6.517697194094636e-03	3.770036e-02
6.520838173526160e-03	3.382446e-02
6.523514032876692e-03	3.043683e-02
6.526348113968271e-03	2.700663e-02
6.530288565619003e-03	2.236400e-02
6.537445932460606e-03	1.429375e-02
6.547211557460607e-03	3.905824e-03
6.547742559314952e-03	3.359464e-03
6.548804563023642e-03	2.272365e-03
6.548979930072472e-03	2.093686e-03
6.549330664170134e-03	1.736592e-03
6.549769327619968e-03	1.290749e-03
6.549843139769215e-03	1.215670e-03
6.549990764067710e-03	1.065605e-03
6.550286012664700e-03	7.666488e-04
6.550866737673357e-03	1.806874e-04
6.551458455670495e-03	-4.144063e-04
6.552641891664769e-03	-1.597871e-03
6.555008763653320e-03	-3.939836e-03
6.559742507630419e-03	-8.523792e-03
6.567249304982216e-03	-1.553131e-02
6.577014929982215e-03	-2.419193e-02
6.586780554982215e-03	-3.236683e-02
6.596546179982216e-03	-4.008307e-02
6.606311804982216e-03	-4.736505e-02
6.616077429982215e-03	-5.423413e-02
6.625843054982215e-03	-6.071041e-02
6.635608679982216e-03	-6.681168e-02
6.645374304982216e-03	-7.255495e-02
6.655139929982215e-03	-7.795534e-02
6.664905554982215e-03	-8.302727e-02
6.674671179982216e-03	-8.778358e-02
6.684436804982216e-03	-9.223676e-02
6.694202429982215e-03	-9.639774e-02
6.703968054982215e-03	-1.002772e-01
6.713733679982216e-03	-1.038845e-01
6.723499304982216e-03	-1.072289e-01
6.733264929982215e-03	-1.103182e-01
6.743030554982215e-03	-1.131605e-01
6.752796179982216e-03	-1.157627e-01
6.762561804982216e-03	-1.181315e-01
6.772327429982215e-03	-1.202728e-01
6.791858679982216e-03	-1.238955e-01
6.811389929982216e-03	-1.266708e-01
6.830921179982215e-03	-1.286314e-01
6.850452429982216e-03	-1.298020e-01
6.869983679982215e-03	-1.301969e-01
6.879749304982216e-03	-1.301040e-01
6.889514929982216e-03	-1.298146e-01
6.899280554982215e-03	-1.293245e-01
6.909046179982215e-03	-1.286254e-01
6.918811804982216e-03	-1.277050e-01
6.928577429982216e-03	-1.265417e-01
6.938343054982215e-03	-1.251033e-01
6.948108679982215e-03	-1.233327e-01
6.957874304982216e-03	-1.211250e-01
6.967639929982216e-03	-1.182618e-01
6.977405554982215e-03	-1.141828e-01
6.987171179982215e-03	-1.070366e-01
6.995764636807644e-03	-9.492858e-02
7.004904709432146e-03	-7.444204e-02
7.011797227793278e-03	-5.585674e-02
7.016846395221635e-03	-4.444997e-02
7.020173077034010e-03	-3.941449e-02
7.023843815547136e-03	-3.469750e-02
7.027167300039728e-03	-3.054975e-02
7.030713906895017e-03	-2.630049e-02
7.037753119910769e-03	-1.820933e-02
7.045616319318175e-03	-9.653133e-03
7.055381944318174e-03	3.916095e-04
7.065147569318175e-03	9.842902e-03
7.074913194318175e-03	1.876172e-02
7.084678819318175e-03	2.717192e-02
7.094444444318174e-03	3.511389e-02
7.104210069318175e-03	4.260306e-02
7.113975694318175e-03	4.967179e-02
7.123741319318175e-03	5.633180e-02
7.133506944318174e-03	6.261058e-02
7.143272569318175e-03	6.851741e-02
7.153038194318175e-03	7.407613e-02
7.162803819318175e-03	7.929416e-02
7.172569444318174e-03	8.419226e-02
7.182335069318175e-03	8.877624e-02
7.192100694318175e-03	9.306449e-02
7.201866319318175e-03	9.706145e-02
7.211631944318174e-03	1.007834e-01
7.221397569318175e-03	1.042335e-01
7.231163194318175e-03	1.074264e-01
7.240928819318175e-03	1.103643e-01
7.250694444318175e-03	1.130602e-01
7.260460069318175e-03	1.155156e-01
7.270225694318175e-03	1.177419e-01
7.279991319318175e-03	1.197402e-01
7.289756944318175e-03	1.215207e-01
7.299522569318174e-03	1.230835e-01
7.309288194318175e-03	1.244378e-01
7.319053819318175e-03	1.255832e-01
7.328819444318175e-03	1.265275e-01
7.338585069318174e-03	1.272695e-01
7.348350694318175e-03	1.278155e-01
7.358116319318175e-03	1.281632e-01
7.367881944318175e-03	1.283170e-01
7.377647569318174e-03	1.282724e-01
7.387413194318175e-03	1.280307e-01
7.397178819318175e-03	1.275839e-01
7.406944444318175e-03	1.269273e-01
7.416710069318174e-03	1.260449e-01
7.426475694318175e-03	1.249190e-01
7.436241319318175e-03	1.235128e-01
7.446006944318175e-03	1.217719e-01
7.455772569318174e-03	1.195866e-01
7.465538194318175e-03	1.167370e-01
7.475303819318175e-03	1.126442e-01
7.485069444318175e-03	1.053943e-01
7.493981454143231e-03	9.251086e-02
7.502911153044912e-03	7.217983e-02
7.509410083538538e-03	5.461821e-02
7.514347326488356e-03	4.340252e-02
7.517759305367339e-03	3.819329e-02
7.521396404530071e-03	3.352875e-02
7.524387738263011e-03	2.978751e-02
7.527878821906115e-03	2.559331e-02
7.533965401268790e-03	1.855536e-02
7.541067838085723e-03	1.074152e-02
7.542288541210722e-03	9.437856e-03
7.544729947460723e-03	6.855092e-03
7.545340299023222e-03	6.217338e-03
7.546561002148223e-03	4.946614e-03
7.549002408398222e-03	2.434605e-03
7.549291581475012e-03	2.139906e-03
7.549869927628592e-03	1.551584e-03
7.550285591675067e-03	1.129719e-03
7.550342462794248e-03	1.071931e-03
7.550456205032609e-03	9.563919e-04
7.550683689509333e-03	7.261488e-04
7.551138658462780e-03	2.672391e-04
7.551641769279161e-03	-2.389264e-04
7.552647990911923e-03	-1.246285e-03
7.554660434177446e-03	-3.243001e-03
7.558685320708494e-03	-7.163814e-03
7.565262062898317e-03	-1.336953e-02
7.575027687898317e-03	-2.214728e-02
7.584793312898317e-03	-3.043211e-02
7.594558937898317e-03	-3.825218e-02
7.604324562898317e-03	-4.563238e-02
7.614090187898317e-03	-5.259474e-02
7.623855812898317e-03	-5.915963e-02
7.633621437898317e-03	-6.534534e-02
7.643387062898317e-03	-7.116908e-02
7.653152687898317e-03	-7.664631e-02
7.662918312898317e-03	-8.179180e-02
7.672683937898317e-03	-8.661857e-02
7.682449562898317e-03	-9.113927e-02
7.692215187898317e-03	-9.536514e-02
7.701980812898317e-03	-9.930698e-02
7.711746437898317e-03	-1.029744e-01
7.721512062898317e-03	-1.063767e-01
7.731277687898317e-03	-1.095220e-01
7.741043312898317e-03	-1.124184e-01
7.750808937898317e-03	-1.150730e-01
7.760574562898317e-03	-1.174925e-01
7.770340187898317e-03	-1.196831e-01
7.789871437898317e-03	-1.234004e-01
7.809402687898317e-03	-1.262655e-01
7.828933937898318e-03	-1.283119e-01
7.848465187898317e-03	-1.295653e-01
7.858230812898317e-03	-1.299000e-01
7.877762062898317e-03	-1.299885e-01
7.887527687898317e-03	-1.297398e-01
7.897293312898316e-03	-1.292910e-01
7.907058937898318e-03	-1.286349e-01
7.916824562898318e-03	-1.277599e-01
7.926590187898317e-03	-1.266462e-01
7.936355812898317e-03	-1.252645e-01
7.946121437898317e-03	-1.235631e-01
7.955887062898317e-03	-1.214486e-01
7.965652687898317e-03	-1.187321e-01
7.975418312898316e-03	-1.149490e-01
7.985183937898316e-03	-1.086185e-01
7.994949562898318e-03	-9.580552e-02
8.004033819755188e-03	-7.593831e-02
8.010916699579467e-03	-5.741685e-02
8.015914435405809e-03	-4.560976e-02
8.019663791439799e-03	-3.962175e-02
8.023416958371166e-03	-3.482141e-02
8.026459447291407e-03	-3.100063e-02
8.029689494218449e-03	-2.711242e-02
8.035507934429573e-03	-2.035276e-02
8.042615416148122e-03	-1.249273e-02
8.052381041148122e-03	-2.275064e-03
8.062146666148122e-03	7.335176e-03
8.071912291148122e-03	1.639831e-02
8.081677916148122e-03	2.494702e-02
8.091443541148123e-03	3.301669e-02
8.101209166148123e-03	4.063020e-02
8.110974791148123e-03	4.781406e-02
8.120740416148122e-03	5.458706e-02
8.130506041148122e-03	6.097067e-02
8.140271666148122e-03	6.698099e-02
8.150037291148122e-03	7.263587e-02
8.159802916148122e-03	7.794934e-02
8.169568541148123e-03	8.293623e-02
8.179334166148123e-03	8.760878e-02
8.189099791148123e-03	9.197957e-02
8.198865416148123e-03	9.605923e-02
8.208631041148122e-03	9.985835e-02
8.218396666148122e-03	1.033862e-01
8.228162291148122e-03	1.066517e-01
8.237927916148122e-03	1.096631e-01
8.247693541148121e-03	1.124277e-01
8.257459166148123e-03	1.149528e-01
8.267224791148123e-03	1.172447e-01
8.276990416148123e-03	1.193096e-01
8.286756041148122e-03	1.211528e-01
8.296521666148122e-03	1.227796e-01
8.306287291148122e-03	1.241944e-01
8.316052916148122e-03	1.254018e-01
8.325818541148122e-03	1.264048e-01
8.335584166148123e-03	1.272072e-01
8.345349791148123e-03	1.278111e-01
8.355115416148123e-03	1.282187e-01
8.364881041148122e-03	1.284304e-01
8.374646666148122e-03	1.284465e-01
8.384412291148122e-03	1.282647e-01
8.394177916148122e-03	1.278818e-01
8.403943541148122e-03	1.272905e-01
8.413709166148123e-03	1.264803e-01
8.423474791148123e-03	1.254330e-01
8.433240416148123e-03	1.241206e-01
8.443006041148123e-03	1.224943e-01
8.452771666148122e-03	1.204690e-01
8.462537291148122e-03	1.178722e-01
8.472302916148122e-03	1.142951e-01
8.482068541148122e-03	1.084665e-01
8.490412635398657e-03	9.904656e-02
8.498583273767743e-03	8.343642e-02
8.507141756844734e-03	6.146604e-02
8.512723697918355e-03	4.723935e-02
8.518156686064145e-03	3.791635e-02
8.521029120282516e-03	3.442026e-02
8.523514971131832e-03	3.124479e-02
8.526161176534847e-03	2.802216e-02
8.529475898352326e-03	2.408371e-02
8.536105341987290e-03	1.651497e-02
8.545870966987289e-03	5.999021e-03
8.547091670112290e-03	4.732546e-03
8.549533076362290e-03	2.224231e-03
8.549686630945928e-03	2.067965e-03
8.549993740113206e-03	1.755616e-03
8.550607958447760e-03	1.132437e-03
8.550934552998277e-03	7.998631e-04
8.551329084950840e-03	4.023594e-04
8.551708395546507e-03	2.186791e-05
8.552092345009662e-03	-3.647019e-04
8.552860243935973e-03	-1.132528e-03
8.553721242755906e-03	-1.990881e-03
8.555182651281051e-03	-3.435661e-03
8.556995433531053e-03	-5.211289e-03
8.559920819359079e-03	-8.034421e-03
8.565095726257056e-03	-1.290990e-02
8.574548261350236e-03	-2.143552e-02
8.584313886350236e-03	-2.975729e-02
8.594079511350237e-03	-3.761128e-02
8.603845136350237e-03	-4.502424e-02
8.613610761350237e-03	-5.201678e-02
8.623376386350237e-03	-5.861097e-02
8.633142011350237e-03	-6.482369e-02
8.642907636350236e-03	-7.067378e-02
8.652673261350236e-03	-7.617532e-02
8.662438886350236e-03	-8.134460e-02
8.672204511350236e-03	-8.619334e-02
8.681970136350237e-03	-9.073564e-02
8.691735761350237e-03	-9.498145e-02
8.701501386350237e-03	-9.894298e-02
8.711267011350237e-03	-1.026286e-01
8.721032636350236e-03	-1.060489e-01
8.730798261350236e-03	-1.092109e-01
8.740563886350236e-03	-1.121239e-01
8.750329511350236e-03	-1.147937e-01
8.760095136350237e-03	-1.172286e-01
8.769860761350237e-03	-1.194334e-01
8.779626386350237e-03	-1.214152e-01
8.789392011350237e-03	-1.231781e-01
8.799157636350237e-03	-1.247282e-01
8.808923261350236e-03	-1.260687e-01
8.818688886350236e-03	-1.272048e-01
8.828454511350236e-03	-1.281389e-01
8.838220136350237e-03	-1.288752e-01
8.847985761350237e-03	-1.294148e-01
8.857751386350237e-03	-1.297606e-01
8.867517011350237e-03	-1.299121e-01
8.877282636350237e-03	-1.298700e-01
8.887048261350236e-03	-1.296313e-01
8.896813886350236e-03	-1.291930e-01
8.906579511350236e-03	-1.285469e-01
8.916345136350236e-03	-1.276826e-01
8.926110761350237e-03	-1.265797e-01
8.935876386350237e-03	-1.252102e-01
8.945642011350237e-03	-1.235222e-01
8.955407636350237e-03	-1.214251e-01
8.965173261350236e-03	-1.187334e-01
8.974938886350236e-03	-1.149971e-01
8.984704511350236e-03	-1.087881e-01
8.994470136350236e-03	-9.622383e-02
9.003655111535617e-03	-7.633765e-02
9.010562247202394e-03	-5.777146e-02
9.015561752266853e-03	-4.584050e-02
9.019460957205894e-03	-3.954574e-02
9.022993493016621e-03	-3.503877e-02
9.025932487454948e-03	-3.133424e-02
9.029035976149347e-03	-2.758444e-02
9.034446699658428e-03	-2.126601e-02
9.041591764107106e-03	-1.331689e-02
9.051357389107105e-03	-3.046625e-03
9.061123014107107e-03	6.612384e-03
9.070888639107107e-03	1.571918e-02
9.080654264107106e-03	2.431023e-02
9.090419889107106e-03	3.241861e-02
9.100185514107106e-03	4.007019e-02
9.109951139107106e-03	4.728912e-02
9.119716764107106e-03	5.409682e-02
9.129482389107105e-03	6.051251e-02
9.139248014107107e-03	6.655475e-02
9.149013639107107e-03	7.223922e-02
9.158779264107107e-03	7.758226e-02
9.168544889107106e-03	8.259667e-02
9.178310514107106e-03	8.729680e-02
9.188076139107106e-03	9.169335e-02
9.197841764107106e-03	9.579891e-02
9.207607389107106e-03	9.962229e-02
9.217373014107105e-03	1.031746e-01
9.227138639107107e-03	1.064632e-01
9.236904264107107e-03	1.094978e-01
9.246669889107106e-03	1.122844e-01
9.256435514107106e-03	1.148317e-01
9.266201139107106e-03	1.171446e-01
9.275966764107106e-03	1.192309e-01
9.285732389107106e-03	1.210944e-01
9.295498014107105e-03	1.227419e-01
9.305263639107107e-03	1.241764e-01
9.315029264107107e-03	1.254040e-01
9.324794889107106e-03	1.264263e-01
9.334560514107106e-03	1.272486e-01
9.344326139107106e-03	1.278717e-01
9.354091764107106e-03	1.282991e-01
9.363857389107106e-03	1.285301e-01
9.373623014107105e-03	1.285665e-01
9.383388639107107e-03	1.284048e-01
9.393154264107107e-03	1.280434e-01
9.402919889107107e-03	1.274743e-01
9.412685514107106e-03	1.266886e-01
9.422451139107106e-03	1.256681e-01
9.432216764107106e-03	1.243875e-01
9.441982389107106e-03	1.228001e-01
9.451748014107106e-03	1.208280e-01
9.461513639107105e-03	1.183130e-01
9.471279264107107e-03	1.148932e-01
9.481044889107107e-03	1.094761e-01
9.490810514107106e-03	9.868411e-02
9.500093670593334e-03	8.037792e-02
9.508230341314089e-03	5.900881e-02
9.513464279113580e-03	4.603967e-02
9.518459727645532e-03	3.778690e-02
9.521625148162188e-03	3.389857e-02
9.524314770787459e-03	3.049692e-02
9.527167159587622e-03	2.704914e-02
9.531084597300298e-03	2.243810e-02
9.538466806346936e-03	1.412686e-02
9.548232431346936e-03	3.761067e-03
9.548859369985077e-03	3.117641e-03
9.550113247261360e-03	1.838173e-03
9.551106605349122e-03	8.312765e-04
9.551190240814487e-03	7.465126e-04
9.551357511745216e-03	5.772110e-04
9.551692053606675e-03	2.400403e-04
9.552336088743578e-03	-4.068686e-04
9.553005135354068e-03	-1.076331e-03
9.554343228575049e-03	-2.406934e-03
9.557019415017010e-03	-5.036280e-03
9.562371787900930e-03	-1.016868e-02
9.570539703200046e-03	-1.769084e-02
9.580305328200046e-03	-2.621866e-02
9.590070953200046e-03	-3.426802e-02
9.599836578200046e-03	-4.186501e-02
9.609602203200045e-03	-4.903329e-02
9.619367828200045e-03	-5.579374e-02
9.629133453200047e-03	-6.216594e-02
9.638899078200047e-03	-6.816733e-02
9.648664703200046e-03	-7.381455e-02
9.658430328200046e-03	-7.912242e-02
9.668195953200046e-03	-8.410504e-02
9.677961578200046e-03	-8.877505e-02
9.687727203200045e-03	-9.314465e-02
9.697492828200045e-03	-9.722454e-02
9.707258453200047e-03	-1.010252e-01
9.717024078200047e-03	-1.045559e-01
9.726789703200046e-03	-1.078255e-01
9.736555328200046e-03	-1.108420e-01
9.746320953200046e-03	-1.136131e-01
9.756086578200046e-03	-1.161455e-01
9.765852203200046e-03	-1.184460e-01
9.785383453200045e-03	-1.223740e-01
9.804914703200046e-03	-1.254395e-01
9.824445953200046e-03	-1.276779e-01
9.834211578200046e-03	-1.284958e-01
9.843977203200046e-03	-1.291168e-01
9.853742828200045e-03	-1.295425e-01
9.863508453200045e-03	-1.297743e-01
9.873274078200047e-03	-1.298120e-01
9.883039703200047e-03	-1.296547e-01
9.892805328200046e-03	-1.292988e-01
9.902570953200046e-03	-1.287388e-01
9.912336578200046e-03	-1.279651e-01
9.922102203200046e-03	-1.269618e-01
9.931867828200045e-03	-1.257046e-01
9.941633453200045e-03	-1.241529e-01
9.951399078200047e-03	-1.222344e-01
9.961164703200047e-03	-1.198122e-01
9.970930328200046e-03	-1.165772e-01
9.980695953200046e-03	-1.116517e-01
9.990461578200046e-03	-1.021361e-01
9.998980462837377e-03	-8.699993e-02
1.000000000000000e-02	-8.468284e-02
