time	V(n012)
0.000000000000000e+00	4.500012e-14
1.428571445265854e-08	-1.460832e-09
2.857142890531708e-08	-1.247187e-09
4.285714335797562e-08	6.409799e-10
5.714285781063416e-08	4.203668e-09
7.142857226329269e-08	9.440878e-09
8.571428671595124e-08	1.635261e-08
1.000000011686097e-07	2.493886e-08
1.695856954972314e-07	3.752351e-07
2.532579777959326e-07	2.181862e-06
3.418964160246040e-07	6.698222e-06
5.191732924819466e-07	2.284727e-05
7.340749681225924e-07	5.271090e-05
1.011368471448783e-06	1.084841e-04
1.347721900136417e-06	2.022574e-04
1.801314958290481e-06	3.725553e-04
2.385473593654895e-06	6.655040e-04
3.177347534663909e-06	1.190788e-03
4.222036876565989e-06	2.102718e-03
5.643857948769787e-06	3.725709e-03
7.560731227835967e-06	6.569112e-03
1.021436777040110e-05	1.162153e-02
1.395075885210321e-05	2.001266e-02
1.675474071075880e-05	2.540580e-02
1.875295098434536e-05	2.771997e-02
2.104647058427926e-05	2.948010e-02
2.321831670063568e-05	3.098696e-02
2.538043833983765e-05	3.244491e-02
2.970468161824161e-05	3.525078e-02
3.835316817504951e-05	4.054866e-02
4.811879317504951e-05	4.617974e-02
5.788441817504952e-05	5.151532e-02
6.765004317504952e-05	5.659269e-02
7.741566817504951e-05	6.142998e-02
8.718129317504952e-05	6.604228e-02
9.694691817504952e-05	7.043733e-02
1.067125431750495e-04	7.462443e-02
1.164781681750495e-04	7.860791e-02
1.262437931750495e-04	8.239610e-02
1.360094181750495e-04	8.599136e-02
1.457750431750495e-04	8.940086e-02
1.555406681750495e-04	9.262603e-02
1.653062931750495e-04	9.567323e-02
1.750719181750495e-04	9.854322e-02
1.848375431750495e-04	1.012417e-01
1.946031681750495e-04	1.037689e-01
2.043687931750495e-04	1.061300e-01
2.141344181750495e-04	1.083248e-01
2.239000431750495e-04	1.103580e-01
2.336656681750495e-04	1.122291e-01
2.434312931750495e-04	1.139424e-01
2.531969181750495e-04	1.154973e-01
2.629625431750495e-04	1.168976e-01
2.727281681750495e-04	1.181425e-01
2.824937931750495e-04	1.192355e-01
2.922594181750495e-04	1.201757e-01
3.020250431750495e-04	1.209662e-01
3.117906681750495e-04	1.216057e-01
3.215562931750495e-04	1.220971e-01
3.313219181750495e-04	1.224388e-01
3.410875431750495e-04	1.226328e-01
3.508531681750495e-04	1.226771e-01
3.606187931750495e-04	1.225725e-01
3.703844181750495e-04	1.223159e-01
3.801500431750495e-04	1.219065e-01
3.899156681750495e-04	1.213386e-01
3.996812931750495e-04	1.206082e-01
4.094469181750495e-04	1.197048e-01
4.192125431750495e-04	1.186169e-01
4.289781681750495e-04	1.173219e-01
4.387437931750495e-04	1.157897e-01
4.485094181750495e-04	1.139640e-01
4.582750431750495e-04	1.117435e-01
4.680406681750495e-04	1.089069e-01
4.778062931750495e-04	1.048385e-01
4.875719181750495e-04	9.694240e-02
4.942722924336578e-04	8.594979e-02
5.008203036313868e-04	6.824674e-02
5.053525486329396e-04	5.294735e-02
5.080621294937367e-04	4.509024e-02
5.098645239268402e-04	4.180165e-02
5.115066176201635e-04	3.966449e-02
5.132068348208659e-04	3.758696e-02
5.148198223164913e-04	3.564350e-02
5.180457973077421e-04	3.184402e-02
5.244977472902438e-04	2.455910e-02
5.328217467393372e-04	1.564987e-02
5.340424498643372e-04	1.438977e-02
5.364838561143372e-04	1.188873e-02
5.407979777831978e-04	7.564277e-03
5.415576915117058e-04	6.816254e-03
5.430771189687216e-04	5.327593e-03
5.436976389575483e-04	4.721102e-03
5.437950404811772e-04	4.626891e-03
5.439898435284349e-04	4.438928e-03
5.443794496229502e-04	4.062507e-03
5.449855540649567e-04	3.477450e-03
5.456351214574520e-04	2.852794e-03
5.469342562424426e-04	1.610291e-03
5.494345975910201e-04	-7.528487e-04
5.541460224118191e-04	-5.110040e-03
5.615615683972861e-04	-1.172347e-02
5.713271933972861e-04	-2.000002e-02
5.810928183972861e-04	-2.781092e-02
5.908584433972860e-04	-3.518296e-02
6.006240683972860e-04	-4.213896e-02
6.103896933972860e-04	-4.870076e-02
6.201553183972860e-04	-5.488719e-02
6.299209433972860e-04	-6.071669e-02
6.396865683972860e-04	-6.620511e-02
6.494521933972860e-04	-7.136821e-02
6.592178183972861e-04	-7.621947e-02
6.689834433972861e-04	-8.077233e-02
6.787490683972861e-04	-8.503818e-02
6.885146933972861e-04	-8.902870e-02
6.982803183972861e-04	-9.275353e-02
7.080459433972861e-04	-9.622273e-02
7.178115683972860e-04	-9.944449e-02
7.275771933972860e-04	-1.024275e-01
7.373428183972860e-04	-1.051788e-01
7.471084433972860e-04	-1.077059e-01
7.568740683972860e-04	-1.100148e-01
7.666396933972860e-04	-1.121120e-01
7.861709433972861e-04	-1.156925e-01
7.959365683972861e-04	-1.171859e-01
8.154678183972861e-04	-1.196016e-01
8.349990683972861e-04	-1.212809e-01
8.545303183972860e-04	-1.222484e-01
8.642959433972860e-04	-1.224709e-01
8.740615683972860e-04	-1.225203e-01
8.838271933972860e-04	-1.223974e-01
9.033584433972861e-04	-1.216267e-01
9.131240683972861e-04	-1.209707e-01
9.228896933972861e-04	-1.201236e-01
9.326553183972861e-04	-1.190711e-01
9.424209433972861e-04	-1.177903e-01
9.521865683972861e-04	-1.162418e-01
9.619521933972861e-04	-1.143573e-01
9.717178183972860e-04	-1.120000e-01
9.814834433972861e-04	-1.088477e-01
9.912490683972861e-04	-1.038400e-01
9.995739824161878e-04	-9.500764e-02
1.006537668201363e-03	-8.063621e-02
1.012873465719561e-03	-6.099029e-02
1.016336565705453e-03	-4.968896e-02
1.019513447404560e-03	-4.298656e-02
1.020823733940724e-03	-4.142876e-02
1.022449825304763e-03	-3.946638e-02
1.023970777109678e-03	-3.762950e-02
1.026504745434319e-03	-3.465357e-02
1.029089425303860e-03	-3.167398e-02
1.032925845059968e-03	-2.738422e-02
1.037714892035036e-03	-2.218447e-02
1.044502226185793e-03	-1.511715e-02
1.054267851185793e-03	-5.461641e-03
1.064033476185793e-03	3.616494e-03
1.073799101185793e-03	1.218561e-02
1.083564726185793e-03	2.025571e-02
1.093330351185793e-03	2.787879e-02
1.103095976185793e-03	3.505710e-02
1.112861601185793e-03	4.183546e-02
1.122627226185793e-03	4.821259e-02
1.132392851185793e-03	5.422859e-02
1.142158476185793e-03	5.987990e-02
1.151924101185793e-03	6.520288e-02
1.161689726185793e-03	7.019232e-02
1.171455351185793e-03	7.488141e-02
1.181220976185793e-03	7.926356e-02
1.190986601185793e-03	8.336915e-02
1.200752226185793e-03	8.719071e-02
1.210517851185793e-03	9.075610e-02
1.220283476185793e-03	9.405713e-02
1.230049101185793e-03	9.711943e-02
1.239814726185793e-03	9.993432e-02
1.249580351185793e-03	1.025255e-01
1.259345976185793e-03	1.048838e-01
1.269111601185793e-03	1.070312e-01
1.278877226185793e-03	1.089584e-01
1.288642851185793e-03	1.106857e-01
1.298408476185793e-03	1.122037e-01
1.308174101185793e-03	1.135309e-01
1.317939726185793e-03	1.146578e-01
1.327705351185793e-03	1.156015e-01
1.337470976185793e-03	1.163522e-01
1.347236601185793e-03	1.169252e-01
1.357002226185793e-03	1.173101e-01
1.366767851185793e-03	1.175201e-01
1.376533476185793e-03	1.175438e-01
1.386299101185793e-03	1.173914e-01
1.396064726185793e-03	1.170487e-01
1.405830351185793e-03	1.165212e-01
1.415595976185793e-03	1.157895e-01
1.425361601185793e-03	1.148476e-01
1.435127226185793e-03	1.136621e-01
1.444892851185793e-03	1.122012e-01
1.454658476185793e-03	1.103813e-01
1.464424101185793e-03	1.080627e-01
1.474189726185793e-03	1.048720e-01
1.483955351185793e-03	9.955478e-02
1.491678522971477e-03	9.083451e-02
1.498578258158161e-03	7.606532e-02
1.504868218045480e-03	5.626304e-02
1.508573881938732e-03	4.477822e-02
1.512383189458612e-03	3.800713e-02
1.513972612622582e-03	3.636205e-02
1.515271394749253e-03	3.479994e-02
1.516701647741871e-03	3.310360e-02
1.518492688904268e-03	3.102905e-02
1.522074771229060e-03	2.695515e-02
1.525960119722519e-03	2.268025e-02
1.532702447896417e-03	1.551950e-02
1.539189717149178e-03	8.939023e-03
1.540410420274178e-03	7.730065e-03
1.542851826524178e-03	5.337993e-03
1.543099323983680e-03	5.097965e-03
1.543594318902684e-03	4.618432e-03
1.544584308740692e-03	3.663243e-03
1.544681130208580e-03	3.569886e-03
1.544874773144354e-03	3.383360e-03
1.545262059015904e-03	3.011979e-03
1.545896512166336e-03	2.405701e-03
1.546644369227977e-03	1.693862e-03
1.548140083351260e-03	2.800113e-04
1.551131511597825e-03	-2.510108e-03
1.556880685934340e-03	-7.732983e-03
1.566597853252403e-03	-1.616397e-02
1.576363478252403e-03	-2.416123e-02
1.586129103252403e-03	-3.170992e-02
1.595894728252403e-03	-3.883404e-02
1.605660353252403e-03	-4.555618e-02
1.615425978252403e-03	-5.189596e-02
1.625191603252403e-03	-5.787229e-02
1.634957228252403e-03	-6.350164e-02
1.644722853252403e-03	-6.880013e-02
1.654488478252403e-03	-7.378169e-02
1.664254103252403e-03	-7.846016e-02
1.674019728252403e-03	-8.284732e-02
1.683785353252403e-03	-8.695503e-02
1.693550978252403e-03	-9.079338e-02
1.703316603252403e-03	-9.437253e-02
1.713082228252403e-03	-9.770110e-02
1.722847853252403e-03	-1.007879e-01
1.732613478252403e-03	-1.036401e-01
1.742379103252403e-03	-1.062655e-01
1.752144728252403e-03	-1.086703e-01
1.761910353252403e-03	-1.108611e-01
1.771675978252403e-03	-1.128432e-01
1.781441603252403e-03	-1.146225e-01
1.791207228252403e-03	-1.162034e-01
1.800972853252403e-03	-1.175910e-01
1.810738478252403e-03	-1.187891e-01
1.820504103252403e-03	-1.198019e-01
1.830269728252403e-03	-1.206325e-01
1.840035353252403e-03	-1.212842e-01
1.849800978252403e-03	-1.217593e-01
1.859566603252403e-03	-1.220600e-01
1.869332228252403e-03	-1.221874e-01
1.879097853252403e-03	-1.221423e-01
1.888863478252403e-03	-1.219235e-01
1.898629103252403e-03	-1.215293e-01
1.908394728252403e-03	-1.209550e-01
1.918160353252403e-03	-1.201937e-01
1.927925978252403e-03	-1.192326e-01
1.937691603252403e-03	-1.180537e-01
1.947457228252403e-03	-1.166249e-01
1.957222853252403e-03	-1.148921e-01
1.966988478252403e-03	-1.127529e-01
1.976754103252403e-03	-1.099847e-01
1.986519728252403e-03	-1.059592e-01
1.996285353252403e-03	-9.801205e-02
2.003191392459919e-03	-8.643295e-02
2.010492639970853e-03	-6.593756e-02
2.014881800137074e-03	-5.131506e-02
2.018174122243515e-03	-4.353240e-02
2.019672118136389e-03	-4.157820e-02
2.021355462889150e-03	-3.952185e-02
2.023395996196371e-03	-3.706392e-02
2.025608809054405e-03	-3.447225e-02
2.028897038257786e-03	-3.069271e-02
2.032444032262360e-03	-2.674641e-02
2.037300424139267e-03	-2.148810e-02
2.044096801056312e-03	-1.443604e-02
2.053862426056312e-03	-4.807945e-03
2.063628051056312e-03	4.242099e-03
2.073393676056312e-03	1.278888e-02
2.083159301056312e-03	2.083525e-02
2.092924926056312e-03	2.843965e-02
2.102690551056312e-03	3.559772e-02
2.112456176056312e-03	4.236045e-02
2.122221801056312e-03	4.872033e-02
2.131987426056312e-03	5.472337e-02
2.141753051056312e-03	6.036010e-02
2.151518676056312e-03	6.567250e-02
2.161284301056312e-03	7.064973e-02
2.171049926056312e-03	7.533034e-02
2.180815551056312e-03	7.970241e-02
2.190581176056312e-03	8.380140e-02
2.200346801056312e-03	8.761477e-02
2.210112426056312e-03	9.117524e-02
2.219878051056312e-03	9.446979e-02
2.229643676056312e-03	9.752868e-02
2.239409301056312e-03	1.003386e-01
2.249174926056312e-03	1.029277e-01
2.258940551056312e-03	1.052825e-01
2.268706176056312e-03	1.074291e-01
2.278471801056312e-03	1.093541e-01
2.288237426056312e-03	1.110816e-01
2.298003051056312e-03	1.125985e-01
2.307768676056312e-03	1.139271e-01
2.317534301056312e-03	1.150542e-01
2.327299926056312e-03	1.160003e-01
2.337065551056312e-03	1.167523e-01
2.346831176056312e-03	1.173289e-01
2.356596801056312e-03	1.177165e-01
2.366362426056312e-03	1.179314e-01
2.376128051056312e-03	1.179594e-01
2.385893676056312e-03	1.178137e-01
2.395659301056312e-03	1.174776e-01
2.405424926056312e-03	1.169597e-01
2.415190551056312e-03	1.162380e-01
2.424956176056312e-03	1.153105e-01
2.434721801056312e-03	1.141424e-01
2.444487426056312e-03	1.127071e-01
2.454253051056312e-03	1.109239e-01
2.464018676056312e-03	1.086684e-01
2.473784301056312e-03	1.056071e-01
2.483549926056312e-03	1.006895e-01
2.491892901939823e-03	9.190023e-02
2.498812299166767e-03	7.770482e-02
2.505168038553303e-03	5.807359e-02
2.508924014083032e-03	4.606264e-02
2.512367200915936e-03	3.928404e-02
2.513724132322973e-03	3.779451e-02
2.515018020558707e-03	3.624401e-02
2.516424093918031e-03	3.455663e-02
2.519016380160065e-03	3.153355e-02
2.521794415081142e-03	2.835283e-02
2.526367825084763e-03	2.329099e-02
2.532843745328017e-03	1.638669e-02
2.542379493054110e-03	6.761880e-03
2.543600196179109e-03	5.570593e-03
2.543905371960360e-03	5.274137e-03
2.544515723522859e-03	4.682661e-03
2.545736426647860e-03	3.506826e-03
2.545875742757287e-03	3.373255e-03
2.546154374976141e-03	3.106356e-03
2.546419673124923e-03	2.852023e-03
2.546461852636710e-03	2.811567e-03
2.546546211660283e-03	2.730776e-03
2.546714929707430e-03	2.569645e-03
2.547052365801725e-03	2.248059e-03
2.547727237990313e-03	1.606958e-03
2.549076982367491e-03	3.326392e-04
2.551776471121845e-03	-2.185330e-03
2.557175448630554e-03	-7.100176e-03
2.564959627819449e-03	-1.391278e-02
2.574725252819449e-03	-2.202632e-02
2.584490877819449e-03	-2.968389e-02
2.594256502819449e-03	-3.691089e-02
2.604022127819449e-03	-4.372987e-02
2.613787752819449e-03	-5.016147e-02
2.623553377819449e-03	-5.622447e-02
2.633319002819449e-03	-6.193621e-02
2.643084627819449e-03	-6.731265e-02
2.652850252819449e-03	-7.236855e-02
2.662615877819449e-03	-7.711743e-02
2.672381502819449e-03	-8.157185e-02
2.682147127819449e-03	-8.574350e-02
2.691912752819449e-03	-8.964307e-02
2.701678377819449e-03	-9.328054e-02
2.711444002819449e-03	-9.666508e-02
2.721209627819449e-03	-9.980525e-02
2.730975252819449e-03	-1.027089e-01
2.740740877819449e-03	-1.053835e-01
2.750506502819449e-03	-1.078357e-01
2.760272127819449e-03	-1.100719e-01
2.770037752819449e-03	-1.120980e-01
2.779803377819449e-03	-1.139194e-01
2.799334627819449e-03	-1.169681e-01
2.818865877819449e-03	-1.192538e-01
2.838397127819449e-03	-1.208064e-01
2.857928377819449e-03	-1.216486e-01
2.867694002819449e-03	-1.218080e-01
2.877459627819449e-03	-1.217940e-01
2.887225252819449e-03	-1.216060e-01
2.906756502819449e-03	-1.206981e-01
2.916522127819449e-03	-1.199673e-01
2.926287752819449e-03	-1.190377e-01
2.936053377819449e-03	-1.178918e-01
2.945819002819449e-03	-1.164995e-01
2.955584627819449e-03	-1.148092e-01
2.965350252819449e-03	-1.127255e-01
2.975115877819449e-03	-1.100435e-01
2.984881502819449e-03	-1.062045e-01
2.994647127819449e-03	-9.891580e-02
3.001434112763688e-03	-8.852932e-02
3.009225685174788e-03	-6.767105e-02
3.013800290970834e-03	-5.231705e-02
3.017101893846830e-03	-4.399645e-02
3.018698830549821e-03	-4.173392e-02
3.020473184429870e-03	-3.954572e-02
3.022288738182361e-03	-3.735716e-02
3.024282675989648e-03	-3.500877e-02
3.028270551604224e-03	-3.041856e-02
3.031945811393736e-03	-2.633345e-02
3.037506401649167e-03	-2.033965e-02
3.045593670494392e-03	-1.203239e-02
3.055359295494392e-03	-2.538191e-03
3.065124920494392e-03	6.391517e-03
3.074890545494392e-03	1.482458e-02
3.084656170494392e-03	2.276639e-02
3.094421795494392e-03	3.027073e-02
3.104187420494392e-03	3.733616e-02
3.113953045494392e-03	4.400978e-02
3.123718670494392e-03	5.028695e-02
3.133484295494392e-03	5.621013e-02
3.143249920494392e-03	6.177261e-02
3.153015545494392e-03	6.701309e-02
3.162781170494392e-03	7.192343e-02
3.172546795494392e-03	7.653893e-02
3.182312420494392e-03	8.085034e-02
3.192078045494392e-03	8.489020e-02
3.201843670494392e-03	8.864839e-02
3.211609295494392e-03	9.215488e-02
3.221374920494392e-03	9.539899e-02
3.231140545494392e-03	9.840838e-02
3.240906170494392e-03	1.011720e-01
3.250671795494392e-03	1.037155e-01
3.260437420494392e-03	1.060276e-01
3.270203045494392e-03	1.081320e-01
3.279968670494392e-03	1.100174e-01
3.289734295494392e-03	1.117058e-01
3.299499920494392e-03	1.131859e-01
3.309265545494392e-03	1.144780e-01
3.319031170494392e-03	1.155707e-01
3.328796795494392e-03	1.164826e-01
3.338562420494392e-03	1.172024e-01
3.348328045494392e-03	1.177467e-01
3.358093670494392e-03	1.181038e-01
3.367859295494392e-03	1.182881e-01
3.377624920494392e-03	1.182869e-01
3.387390545494392e-03	1.181116e-01
3.397156170494392e-03	1.177470e-01
3.406921795494392e-03	1.171999e-01
3.416687420494392e-03	1.164492e-01
3.426453045494392e-03	1.154908e-01
3.436218670494392e-03	1.142905e-01
3.445984295494392e-03	1.128182e-01
3.455749920494392e-03	1.109906e-01
3.465515545494392e-03	1.086724e-01
3.475281170494392e-03	1.055009e-01
3.485046795494392e-03	1.002779e-01
3.492921482914479e-03	9.153828e-02
3.499854246077573e-03	7.683804e-02
3.506182772085072e-03	5.697625e-02
3.509907643935959e-03	4.537231e-02
3.513780146791304e-03	3.843693e-02
3.515352836868060e-03	3.681923e-02
3.516641844857062e-03	3.526593e-02
3.518067222761488e-03	3.357175e-02
3.519881525590256e-03	3.147271e-02
3.523215270156862e-03	2.767225e-02
3.526598611790878e-03	2.393358e-02
3.532809402694717e-03	1.728428e-02
3.541823405080173e-03	8.127978e-03
3.543044108205173e-03	6.927581e-03
3.545485514455173e-03	4.552062e-03
3.546095866017673e-03	3.965128e-03
3.547316569142673e-03	2.795571e-03
3.547448202718459e-03	2.670043e-03
3.547711469870032e-03	2.419204e-03
3.547972666542383e-03	2.170179e-03
3.548014646062772e-03	2.130120e-03
3.548098605103549e-03	2.050094e-03
3.548266523185104e-03	1.890506e-03
3.548602359348214e-03	1.572124e-03
3.549274031674434e-03	9.373566e-04
3.550617376326873e-03	-3.243857e-04
3.553304065631751e-03	-2.817740e-03
3.558677444241508e-03	-7.685225e-03
3.566210085825086e-03	-1.425071e-02
3.575975710825085e-03	-2.233704e-02
3.585741335825086e-03	-2.996855e-02
3.595506960825085e-03	-3.717046e-02
3.605272585825086e-03	-4.396522e-02
3.615038210825085e-03	-5.037333e-02
3.624803835825086e-03	-5.641352e-02
3.634569460825085e-03	-6.210303e-02
3.644335085825086e-03	-6.745776e-02
3.654100710825085e-03	-7.249241e-02
3.663866335825086e-03	-7.722045e-02
3.673631960825085e-03	-8.165441e-02
3.683397585825086e-03	-8.580591e-02
3.693163210825085e-03	-8.968560e-02
3.702928835825086e-03	-9.330346e-02
3.712694460825085e-03	-9.666859e-02
3.722460085825086e-03	-9.978954e-02
3.732225710825085e-03	-1.026742e-01
3.741991335825086e-03	-1.053298e-01
3.751756960825085e-03	-1.077632e-01
3.761522585825086e-03	-1.099807e-01
3.771288210825085e-03	-1.119882e-01
3.781053835825085e-03	-1.137911e-01
3.800585085825085e-03	-1.168027e-01
3.820116335825085e-03	-1.190514e-01
3.839647585825085e-03	-1.205666e-01
3.859178835825085e-03	-1.213705e-01
3.868944460825086e-03	-1.215102e-01
3.878710085825085e-03	-1.214759e-01
3.888475710825086e-03	-1.212669e-01
3.898241335825085e-03	-1.208808e-01
3.908006960825086e-03	-1.203131e-01
3.917772585825085e-03	-1.195564e-01
3.927538210825085e-03	-1.185976e-01
3.937303835825086e-03	-1.174176e-01
3.947069460825086e-03	-1.159832e-01
3.956835085825085e-03	-1.142371e-01
3.966600710825085e-03	-1.120708e-01
3.976366335825086e-03	-1.092431e-01
3.986131960825086e-03	-1.050532e-01
3.995897585825085e-03	-9.645864e-02
4.002938191698189e-03	-8.367942e-02
4.009836862892563e-03	-6.349092e-02
4.014038761214489e-03	-4.969770e-02
4.017346973951104e-03	-4.243559e-02
4.018793723401730e-03	-4.069417e-02
4.020440527086284e-03	-3.870884e-02
4.022082581713478e-03	-3.673152e-02
4.024600600283022e-03	-3.378564e-02
4.027166622703532e-03	-3.083386e-02
4.030724341576128e-03	-2.686356e-02
4.035152382090236e-03	-2.204933e-02
4.041151361531897e-03	-1.577607e-02
4.050253983412608e-03	-6.692865e-03
4.060019608412608e-03	2.482873e-03
4.069785233412608e-03	1.114656e-02
4.079550858412608e-03	1.930380e-02
4.089316483412608e-03	2.701316e-02
4.099082108412608e-03	3.427180e-02
4.108847733412608e-03	4.113048e-02
4.118613358412608e-03	4.758281e-02
4.128378983412608e-03	5.367450e-02
4.138144608412607e-03	5.939703e-02
4.147910233412608e-03	6.479204e-02
4.157675858412608e-03	6.984956e-02
4.167441483412608e-03	7.460778e-02
4.177207108412608e-03	7.905554e-02
4.186972733412608e-03	8.322799e-02
4.196738358412608e-03	8.711325e-02
4.206503983412608e-03	9.074374e-02
4.216269608412608e-03	9.410700e-02
4.226035233412608e-03	9.723303e-02
4.235800858412608e-03	1.001091e-01
4.245566483412608e-03	1.027629e-01
4.255332108412608e-03	1.051816e-01
4.265097733412608e-03	1.073910e-01
4.274863358412608e-03	1.093782e-01
4.284628983412608e-03	1.111671e-01
4.294394608412608e-03	1.127448e-01
4.304160233412608e-03	1.141335e-01
4.313925858412608e-03	1.153205e-01
4.323691483412608e-03	1.163262e-01
4.333457108412608e-03	1.171378e-01
4.343222733412608e-03	1.177740e-01
4.352988358412608e-03	1.182217e-01
4.362753983412608e-03	1.184973e-01
4.372519608412608e-03	1.185874e-01
4.382285233412607e-03	1.185054e-01
4.392050858412608e-03	1.182359e-01
4.401816483412608e-03	1.177882e-01
4.411582108412608e-03	1.171429e-01
4.421347733412608e-03	1.163005e-01
4.431113358412608e-03	1.152311e-01
4.440878983412608e-03	1.139167e-01
4.450644608412608e-03	1.122940e-01
4.460410233412608e-03	1.102784e-01
4.470175858412608e-03	1.076529e-01
4.479941483412608e-03	1.038645e-01
4.489707108412608e-03	9.658413e-02
4.496517867129474e-03	8.612192e-02
4.504261113411413e-03	6.534404e-02
4.508862132449579e-03	4.994935e-02
4.511486258653579e-03	4.296428e-02
4.512922112311409e-03	4.062860e-02
4.514726180523933e-03	3.830985e-02
4.516194942619494e-03	3.652792e-02
4.518165383386613e-03	3.418649e-02
4.521611837838929e-03	3.018624e-02
4.527191080892236e-03	2.396283e-02
4.535856823646878e-03	1.477300e-02
4.545622448646877e-03	5.032742e-03
4.546843151771878e-03	3.857482e-03
4.547148327553128e-03	3.564771e-03
4.547758679115628e-03	2.980694e-03
4.548547715536286e-03	2.229133e-03
4.549402193898437e-03	1.418734e-03
4.549529673003017e-03	1.298042e-03
4.549784631212178e-03	1.057037e-03
4.550294547630501e-03	5.769061e-04
4.551284216405737e-03	-3.507219e-04
4.552424049517326e-03	-1.412347e-03
4.554703715740505e-03	-3.513991e-03
4.559263048186863e-03	-7.631939e-03
4.566687272414233e-03	-1.410180e-02
4.576452897414233e-03	-2.218914e-02
4.586218522414233e-03	-2.982128e-02
4.595984147414234e-03	-3.702355e-02
4.605749772414233e-03	-4.381826e-02
4.615515397414233e-03	-5.022608e-02
4.625281022414233e-03	-5.626559e-02
4.635046647414233e-03	-6.195421e-02
4.644812272414233e-03	-6.730767e-02
4.654577897414233e-03	-7.234079e-02
4.664343522414233e-03	-7.706698e-02
4.674109147414233e-03	-8.149897e-02
4.683874772414233e-03	-8.564809e-02
4.693640397414233e-03	-8.952525e-02
4.703406022414233e-03	-9.314023e-02
4.713171647414233e-03	-9.650234e-02
4.722937272414234e-03	-9.961996e-02
4.732702897414233e-03	-1.025011e-01
4.742468522414233e-03	-1.051530e-01
4.752234147414233e-03	-1.075825e-01
4.761999772414234e-03	-1.097959e-01
4.771765397414233e-03	-1.117990e-01
4.781531022414233e-03	-1.135973e-01
4.791296647414233e-03	-1.151959e-01
4.801062272414234e-03	-1.165993e-01
4.810827897414233e-03	-1.178119e-01
4.820593522414233e-03	-1.188375e-01
4.830359147414233e-03	-1.196797e-01
4.840124772414234e-03	-1.203413e-01
4.849890397414233e-03	-1.208251e-01
4.859656022414233e-03	-1.211328e-01
4.869421647414233e-03	-1.212658e-01
4.879187272414234e-03	-1.212242e-01
4.888952897414233e-03	-1.210074e-01
4.898718522414233e-03	-1.206128e-01
4.908484147414233e-03	-1.200357e-01
4.918249772414233e-03	-1.192681e-01
4.928015397414233e-03	-1.182966e-01
4.937781022414233e-03	-1.171010e-01
4.947546647414233e-03	-1.156466e-01
4.957312272414233e-03	-1.138726e-01
4.967077897414234e-03	-1.116630e-01
4.976843522414233e-03	-1.087546e-01
4.986609147414233e-03	-1.043556e-01
4.996374772414233e-03	-9.497647e-02
5.003585425453957e-03	-8.075612e-02
5.010208067588969e-03	-6.049958e-02
5.013771500934757e-03	-4.888461e-02
5.016976670918015e-03	-4.212720e-02
5.018326077734223e-03	-4.053089e-02
5.019950678226704e-03	-3.857530e-02
5.021485519156997e-03	-3.672584e-02
5.023989878664190e-03	-3.379142e-02
5.026550347449387e-03	-3.084483e-02
5.030296830303302e-03	-2.666154e-02
5.034959177611731e-03	-2.160184e-02
5.041504128389625e-03	-1.478280e-02
5.051269753389625e-03	-5.113250e-03
5.061035378389625e-03	3.978305e-03
5.070801003389625e-03	1.256165e-02
5.080566628389625e-03	2.064619e-02
5.090332253389625e-03	2.828500e-02
5.100097878389625e-03	3.547943e-02
5.109863503389625e-03	4.227533e-02
5.119629128389625e-03	4.867047e-02
5.129394753389625e-03	5.470593e-02
5.139160378389625e-03	6.037722e-02
5.148926003389625e-03	6.572164e-02
5.158691628389625e-03	7.073304e-02
5.168457253389625e-03	7.544552e-02
5.178222878389625e-03	7.985160e-02
5.187988503389625e-03	8.398250e-02
5.197754128389625e-03	8.782992e-02
5.207519753389625e-03	9.142249e-02
5.217285378389625e-03	9.475123e-02
5.227051003389625e-03	9.784252e-02
5.236816628389625e-03	1.006869e-01
5.246582253389625e-03	1.033088e-01
5.256347878389625e-03	1.056984e-01
5.266113503389625e-03	1.078782e-01
5.275879128389625e-03	1.098384e-01
5.285644753389625e-03	1.115999e-01
5.295410378389625e-03	1.131526e-01
5.305176003389625e-03	1.145158e-01
5.314941628389625e-03	1.156794e-01
5.324707253389625e-03	1.166612e-01
5.334472878389625e-03	1.174509e-01
5.344238503389625e-03	1.180646e-01
5.354004128389625e-03	1.184916e-01
5.363769753389625e-03	1.187459e-01
5.373535378389625e-03	1.188162e-01
5.383301003389625e-03	1.187138e-01
5.393066628389625e-03	1.184251e-01
5.402832253389625e-03	1.179573e-01
5.412597878389625e-03	1.172927e-01
5.422363503389625e-03	1.164294e-01
5.432129128389625e-03	1.153391e-01
5.441894753389625e-03	1.140008e-01
5.451660378389625e-03	1.123510e-01
5.461426003389625e-03	1.102993e-01
5.471191628389625e-03	1.076187e-01
5.480957253389625e-03	1.037111e-01
5.490722878389625e-03	9.601334e-02
5.497551395661262e-03	8.491816e-02
5.505012785082688e-03	6.431907e-02
5.509361124393250e-03	4.975045e-02
5.512002223421338e-03	4.286693e-02
5.513393132202092e-03	4.066695e-02
5.515137058112320e-03	3.843457e-02
5.516618157581194e-03	3.663491e-02
5.518560528149384e-03	3.432697e-02
5.522445269285766e-03	2.982527e-02
5.527640682417218e-03	2.404080e-02
5.536692188174572e-03	1.445465e-02
5.546457813174572e-03	4.739858e-03
5.547678516299572e-03	3.567193e-03
5.547983692080823e-03	3.275177e-03
5.548594043643322e-03	2.692522e-03
5.549364151650844e-03	1.960758e-03
5.550324509727120e-03	1.052449e-03
5.550463421747366e-03	9.213338e-04
5.550741245787855e-03	6.595473e-04
5.551296893868835e-03	1.381274e-04
5.552281642061044e-03	-7.817120e-04
5.553468911204836e-03	-1.883574e-03
5.555843449492420e-03	-4.063962e-03
5.560592526067589e-03	-8.332592e-03
5.567888615445910e-03	-1.465900e-02
5.577654240445909e-03	-2.270902e-02
5.587419865445909e-03	-3.030569e-02
5.597185490445909e-03	-3.747414e-02
5.606951115445910e-03	-4.423649e-02
5.616716740445909e-03	-5.061328e-02
5.626482365445909e-03	-5.662294e-02
5.636247990445909e-03	-6.228281e-02
5.646013615445910e-03	-6.760850e-02
5.655779240445909e-03	-7.261477e-02
5.665544865445909e-03	-7.731491e-02
5.675310490445909e-03	-8.172161e-02
5.685076115445910e-03	-8.584610e-02
5.694841740445909e-03	-8.969931e-02
5.704607365445909e-03	-9.329087e-02
5.714372990445909e-03	-9.663010e-02
5.724138615445910e-03	-9.972530e-02
5.733904240445909e-03	-1.025845e-01
5.743669865445909e-03	-1.052147e-01
5.753435490445909e-03	-1.076230e-01
5.763201115445909e-03	-1.098155e-01
5.772966740445909e-03	-1.117980e-01
5.782732365445909e-03	-1.135760e-01
5.792497990445909e-03	-1.151544e-01
5.802263615445909e-03	-1.165379e-01
5.812029240445910e-03	-1.177308e-01
5.821794865445909e-03	-1.187367e-01
5.831560490445909e-03	-1.195593e-01
5.841326115445909e-03	-1.202014e-01
5.851091740445910e-03	-1.206656e-01
5.860857365445909e-03	-1.209535e-01
5.870622990445909e-03	-1.210665e-01
5.880388615445909e-03	-1.210046e-01
5.890154240445910e-03	-1.207667e-01
5.899919865445909e-03	-1.203501e-01
5.909685490445909e-03	-1.197497e-01
5.919451115445909e-03	-1.189568e-01
5.929216740445910e-03	-1.179571e-01
5.938982365445909e-03	-1.167284e-01
5.948747990445909e-03	-1.152332e-01
5.958513615445909e-03	-1.134044e-01
5.968279240445910e-03	-1.111115e-01
5.978044865445909e-03	-1.080480e-01
5.987810490445909e-03	-1.032309e-01
5.996447693775419e-03	-9.435051e-02
6.003454249577597e-03	-8.013209e-02
6.009831629089863e-03	-6.049013e-02
6.013734049045052e-03	-4.803033e-02
6.017271042387862e-03	-4.113235e-02
6.018734039928877e-03	-3.954049e-02
6.020088808856373e-03	-3.791099e-02
6.021549950270262e-03	-3.615782e-02
6.023795533712738e-03	-3.353609e-02
6.026094075895847e-03	-3.088932e-02
6.029260281228268e-03	-2.734491e-02
6.033063821894039e-03	-2.318116e-02
6.037956049295023e-03	-1.800409e-02
6.045013735174526e-03	-1.080779e-02
6.054779360174526e-03	-1.380035e-03
6.064544985174526e-03	7.515671e-03
6.074310610174526e-03	1.589161e-02
6.084076235174526e-03	2.380623e-02
6.093841860174526e-03	3.126057e-02
6.103607485174526e-03	3.830422e-02
6.113373110174526e-03	4.493393e-02
6.123138735174526e-03	5.119394e-02
6.132904360174526e-03	5.707857e-02
6.142669985174526e-03	6.262795e-02
6.152435610174526e-03	6.783468e-02
6.162201235174526e-03	7.273544e-02
6.171966860174525e-03	7.732151e-02
6.181732485174526e-03	8.162647e-02
6.191498110174526e-03	8.564077e-02
6.201263735174526e-03	8.939523e-02
6.211029360174525e-03	9.287966e-02
6.220794985174526e-03	9.612243e-02
6.230560610174526e-03	9.911293e-02
6.240326235174526e-03	1.018773e-01
6.250091860174526e-03	1.044048e-01
6.259857485174526e-03	1.067195e-01
6.269623110174526e-03	1.088106e-01
6.279388735174526e-03	1.107003e-01
6.289154360174526e-03	1.123778e-01
6.298919985174526e-03	1.138638e-01
6.308685610174526e-03	1.151472e-01
6.318451235174526e-03	1.162473e-01
6.328216860174526e-03	1.171529e-01
6.337982485174526e-03	1.178815e-01
6.347748110174526e-03	1.184220e-01
6.357513735174526e-03	1.187896e-01
6.367279360174526e-03	1.189726e-01
6.377044985174526e-03	1.189841e-01
6.386810610174526e-03	1.188108e-01
6.396576235174526e-03	1.184620e-01
6.406341860174526e-03	1.179216e-01
6.416107485174525e-03	1.171919e-01
6.425873110174526e-03	1.162482e-01
6.435638735174526e-03	1.150796e-01
6.445404360174526e-03	1.136391e-01
6.455169985174525e-03	1.118715e-01
6.464935610174526e-03	1.096411e-01
6.474701235174526e-03	1.066636e-01
6.484466860174526e-03	1.020060e-01
6.493079418129657e-03	9.354851e-02
6.499883463698206e-03	8.036762e-02
6.506330683985693e-03	6.107920e-02
6.509924926494093e-03	4.902544e-02
6.513147735329339e-03	4.150779e-02
6.514688237600494e-03	3.950758e-02
6.516287940405726e-03	3.755919e-02
6.518209030372869e-03	3.524883e-02
6.520172404024915e-03	3.294907e-02
6.522824493877313e-03	2.988883e-02
6.525614161835993e-03	2.675874e-02
6.529072363776383e-03	2.295485e-02
6.533205376679728e-03	1.854541e-02
6.538447516811798e-03	1.311296e-02
6.545551154217060e-03	6.051469e-03
6.546771857342060e-03	4.869411e-03
6.549213263592060e-03	2.529118e-03
6.549438520422894e-03	2.315360e-03
6.549889034084563e-03	1.888212e-03
6.550790061407900e-03	1.036899e-03
6.550862692324765e-03	9.682769e-04
6.551007954158499e-03	8.310784e-04
6.551298477825964e-03	5.578437e-04
6.551831314882245e-03	5.847490e-05
6.552396643370016e-03	-4.698356e-04
6.553527300345557e-03	-1.520729e-03
6.555788614296642e-03	-3.601772e-03
6.560311242198810e-03	-7.679691e-03
6.567591039082742e-03	-1.401662e-02
6.577356664082741e-03	-2.209783e-02
6.587122289082742e-03	-2.972400e-02
6.596887914082742e-03	-3.691986e-02
6.606653539082742e-03	-4.370828e-02
6.616419164082741e-03	-5.010933e-02
6.626184789082742e-03	-5.614215e-02
6.635950414082742e-03	-6.182359e-02
6.645716039082742e-03	-6.716991e-02
6.655481664082741e-03	-7.219547e-02
6.665247289082742e-03	-7.691409e-02
6.675012914082742e-03	-8.133794e-02
6.684778539082742e-03	-8.547902e-02
6.694544164082742e-03	-8.934765e-02
6.704309789082742e-03	-9.295411e-02
6.714075414082742e-03	-9.630723e-02
6.723841039082742e-03	-9.941589e-02
6.733606664082742e-03	-1.022876e-01
6.743372289082742e-03	-1.049301e-01
6.753137914082742e-03	-1.073497e-01
6.762903539082742e-03	-1.095532e-01
6.772669164082742e-03	-1.115461e-01
6.792200414082742e-03	-1.149220e-01
6.811731664082742e-03	-1.175161e-01
6.831262914082742e-03	-1.193609e-01
6.850794164082742e-03	-1.204819e-01
6.860559789082741e-03	-1.207769e-01
6.870325414082742e-03	-1.208964e-01
6.880091039082742e-03	-1.208409e-01
6.889856664082742e-03	-1.206090e-01
6.899622289082741e-03	-1.201982e-01
6.909387914082742e-03	-1.196032e-01
6.919153539082742e-03	-1.188156e-01
6.928919164082742e-03	-1.178207e-01
6.938684789082742e-03	-1.165968e-01
6.948450414082742e-03	-1.151060e-01
6.958216039082742e-03	-1.132815e-01
6.967981664082742e-03	-1.109927e-01
6.977747289082742e-03	-1.079332e-01
6.987512914082742e-03	-1.031204e-01
6.996152003889361e-03	-9.424248e-02
7.003158771696429e-03	-8.002701e-02
7.009536397224046e-03	-6.038662e-02
7.013438806012308e-03	-4.792707e-02
7.016976043334191e-03	-4.102902e-02
7.018440590829045e-03	-3.943567e-02
7.019795846513637e-03	-3.780429e-02
7.021259993841192e-03	-3.604722e-02
7.023410808438348e-03	-3.353845e-02
7.025622922621347e-03	-3.098796e-02
7.028607918763328e-03	-2.764051e-02
7.032234810574910e-03	-2.365753e-02
7.036761655011630e-03	-1.884473e-02
7.043232626753804e-03	-1.219630e-02
7.052578597017667e-03	-3.079755e-03
7.062344222017667e-03	5.917522e-03
7.072109847017667e-03	1.438894e-02
7.081875472017667e-03	2.239288e-02
7.091641097017667e-03	2.993235e-02
7.101406722017667e-03	3.705629e-02
7.111172347017667e-03	4.376297e-02
7.120937972017667e-03	5.009589e-02
7.130703597017667e-03	5.605074e-02
7.140469222017667e-03	6.166683e-02
7.150234847017667e-03	6.693806e-02
7.160000472017667e-03	7.190032e-02
7.169766097017667e-03	7.654605e-02
7.179531722017667e-03	8.090804e-02
7.189297347017667e-03	8.497790e-02
7.199062972017667e-03	8.878562e-02
7.208828597017667e-03	9.232210e-02
7.218594222017667e-03	9.561492e-02
7.228359847017667e-03	9.865449e-02
7.238125472017667e-03	1.014662e-01
7.247891097017667e-03	1.040402e-01
7.257656722017667e-03	1.063999e-01
7.267422347017667e-03	1.085353e-01
7.277187972017667e-03	1.104680e-01
7.286953597017667e-03	1.121880e-01
7.296719222017667e-03	1.137153e-01
7.306484847017667e-03	1.150397e-01
7.316250472017667e-03	1.161798e-01
7.326016097017667e-03	1.171253e-01
7.335781722017667e-03	1.178929e-01
7.345547347017667e-03	1.184724e-01
7.355312972017667e-03	1.188786e-01
7.365078597017667e-03	1.191006e-01
7.374844222017667e-03	1.191510e-01
7.384609847017667e-03	1.190177e-01
7.394375472017667e-03	1.187096e-01
7.404141097017667e-03	1.182117e-01
7.413906722017667e-03	1.175274e-01
7.423672347017667e-03	1.166336e-01
7.433437972017667e-03	1.155214e-01
7.443203597017667e-03	1.141491e-01
7.452969222017667e-03	1.124699e-01
7.462734847017667e-03	1.103696e-01
7.472500472017667e-03	1.076247e-01
7.482266097017667e-03	1.035622e-01
7.492031722017667e-03	9.533384e-02
7.498883570055522e-03	8.345813e-02
7.506040865433919e-03	6.304763e-02
7.509774568162504e-03	5.038105e-02
7.512921693513256e-03	4.243850e-02
7.514539930451837e-03	4.010350e-02
7.516222274875451e-03	3.802528e-02
7.517805084600886e-03	3.611489e-02
7.519582755569491e-03	3.401534e-02
7.522420489373897e-03	3.072043e-02
7.524995889261380e-03	2.781178e-02
7.528692109477057e-03	2.372424e-02
7.532841445387750e-03	1.927663e-02
7.538137753460329e-03	1.376724e-02
7.545482896739151e-03	6.443635e-03
7.546703599864151e-03	5.259621e-03
7.549145006114151e-03	2.914560e-03
7.549576178631089e-03	2.504889e-03
7.550438523664964e-03	1.687495e-03
7.551324083071799e-03	8.521758e-04
7.551396376762823e-03	7.839872e-04
7.551540964144873e-03	6.476702e-04
7.551830138908973e-03	3.761668e-04
7.552396342477976e-03	-1.535597e-04
7.552965964950802e-03	-6.848762e-04
7.554105209896455e-03	-1.741751e-03
7.556383699787760e-03	-3.834454e-03
7.560940679570369e-03	-7.934623e-03
7.568257209610353e-03	-1.428867e-02
7.578022834610353e-03	-2.235012e-02
7.587788459610353e-03	-2.995748e-02
7.597554084610353e-03	-3.713541e-02
7.607319709610353e-03	-4.390664e-02
7.617085334610353e-03	-5.029120e-02
7.626850959610353e-03	-5.630814e-02
7.636616584610353e-03	-6.197426e-02
7.646382209610353e-03	-6.730577e-02
7.656147834610353e-03	-7.231699e-02
7.665913459610353e-03	-7.702168e-02
7.675679084610353e-03	-8.143200e-02
7.685444709610353e-03	-8.555988e-02
7.695210334610353e-03	-8.941563e-02
7.704975959610353e-03	-9.300951e-02
7.714741584610353e-03	-9.635030e-02
7.724507209610353e-03	-9.944687e-02
7.734272834610353e-03	-1.023067e-01
7.744038459610353e-03	-1.049375e-01
7.753804084610353e-03	-1.073456e-01
7.763569709610353e-03	-1.095378e-01
7.773335334610353e-03	-1.115195e-01
7.792866584610353e-03	-1.148733e-01
7.812397834610353e-03	-1.174457e-01
7.831929084610353e-03	-1.192690e-01
7.851460334610353e-03	-1.203684e-01
7.861225959610352e-03	-1.206525e-01
7.870991584610352e-03	-1.207609e-01
7.880757209610354e-03	-1.206940e-01
7.890522834610354e-03	-1.204503e-01
7.900288459610353e-03	-1.200272e-01
7.910054084610353e-03	-1.194190e-01
7.919819709610353e-03	-1.186170e-01
7.929585334610353e-03	-1.176058e-01
7.939350959610353e-03	-1.163627e-01
7.949116584610352e-03	-1.148478e-01
7.958882209610354e-03	-1.129906e-01
7.968647834610354e-03	-1.106508e-01
7.978413459610353e-03	-1.074926e-01
7.988179084610353e-03	-1.023966e-01
7.996292296720456e-03	-9.362639e-02
8.003228537285615e-03	-7.915485e-02
8.009541203897800e-03	-5.949216e-02
8.013355043810491e-03	-4.744636e-02
8.016789131041736e-03	-4.090093e-02
8.018231304138474e-03	-3.932730e-02
8.019569028021034e-03	-3.771780e-02
8.021024941941308e-03	-3.597177e-02
8.023273174702323e-03	-3.334889e-02
8.025576849923033e-03	-3.069777e-02
8.028831934352009e-03	-2.705546e-02
8.032858332458412e-03	-2.265699e-02
8.038064555034963e-03	-1.716564e-02
8.045897693659182e-03	-9.234381e-03
8.055663318659182e-03	1.103627e-04
8.065428943659183e-03	8.928314e-03
8.075194568659183e-03	1.723344e-02
8.084960193659183e-03	2.508021e-02
8.094725818659183e-03	3.247232e-02
8.104491443659182e-03	3.945579e-02
8.114257068659182e-03	4.603021e-02
8.124022693659182e-03	5.223649e-02
8.133788318659182e-03	5.807173e-02
8.143553943659183e-03	6.357288e-02
8.153319568659183e-03	6.873530e-02
8.163085193659183e-03	7.359261e-02
8.172850818659183e-03	7.813874e-02
8.182616443659183e-03	8.240438e-02
8.192382068659182e-03	8.638254e-02
8.202147693659182e-03	9.010128e-02
8.211913318659182e-03	9.355287e-02
8.221678943659183e-03	9.676304e-02
8.231444568659183e-03	9.972356e-02
8.241210193659183e-03	1.024581e-01
8.250975818659183e-03	1.049581e-01
8.260741443659183e-03	1.072454e-01
8.270507068659182e-03	1.093111e-01
8.280272693659182e-03	1.111755e-01
8.290038318659182e-03	1.128297e-01
8.299803943659182e-03	1.142922e-01
8.309569568659183e-03	1.155540e-01
8.319335193659183e-03	1.166322e-01
8.329100818659183e-03	1.175177e-01
8.338866443659183e-03	1.182260e-01
8.348632068659182e-03	1.187476e-01
8.358397693659182e-03	1.190961e-01
8.368163318659182e-03	1.192614e-01
8.377928943659182e-03	1.192548e-01
8.387694568659183e-03	1.190646e-01
8.397460193659183e-03	1.186985e-01
8.407225818659183e-03	1.181417e-01
8.416991443659183e-03	1.173949e-01
8.426757068659183e-03	1.164344e-01
8.436522693659182e-03	1.152476e-01
8.446288318659182e-03	1.137881e-01
8.456053943659182e-03	1.119975e-01
8.465819568659183e-03	1.097375e-01
8.475585193659183e-03	1.067105e-01
8.485350818659183e-03	1.019307e-01
8.493888646522724e-03	9.325508e-02
8.500732069508375e-03	7.961215e-02
8.507041896350631e-03	6.046083e-02
8.510625688697248e-03	4.855557e-02
8.513915573191809e-03	4.121444e-02
8.515438858665052e-03	3.934024e-02
8.517030887536409e-03	3.741699e-02
8.518890647495083e-03	3.518384e-02
8.521244897712546e-03	3.243383e-02
8.523765173953006e-03	2.953775e-02
8.526963367490625e-03	2.596610e-02
8.530645757193599e-03	2.194367e-02
8.535313371533989e-03	1.700846e-02
8.541573060902292e-03	1.060999e-02
8.542660928618384e-03	9.531232e-03
8.544836664050565e-03	7.383415e-03
8.549188134914926e-03	3.174134e-03
8.549750852742012e-03	2.638990e-03
8.550876288396184e-03	1.572336e-03
8.551695153611335e-03	8.005246e-04
8.551777900092783e-03	7.225791e-04
8.551943393055681e-03	5.668137e-04
8.552274378981475e-03	2.564504e-04
8.552936350833063e-03	-3.620629e-04
8.553651244025197e-03	-1.027395e-03
8.555081030409466e-03	-2.349378e-03
8.557940603178002e-03	-4.959919e-03
8.563659748715077e-03	-1.004826e-02
8.572107721193987e-03	-1.725402e-02
8.581873346193987e-03	-2.514509e-02
8.591638971193987e-03	-3.259143e-02
8.601404596193987e-03	-3.961673e-02
8.611170221193988e-03	-4.624285e-02
8.620935846193988e-03	-5.248927e-02
8.630701471193988e-03	-5.837436e-02
8.640467096193987e-03	-6.391452e-02
8.650232721193987e-03	-6.912541e-02
8.659998346193987e-03	-7.402100e-02
8.669763971193987e-03	-7.861461e-02
8.679529596193987e-03	-8.291814e-02
8.689295221193988e-03	-8.694308e-02
8.699060846193988e-03	-9.069955e-02
8.708826471193988e-03	-9.419744e-02
8.718592096193988e-03	-9.744539e-02
8.728357721193987e-03	-1.004519e-01
8.738123346193987e-03	-1.032244e-01
8.747888971193987e-03	-1.057703e-01
8.757654596193987e-03	-1.080958e-01
8.767420221193988e-03	-1.102075e-01
8.786951471193988e-03	-1.138107e-01
8.806482721193987e-03	-1.166207e-01
8.826013971193987e-03	-1.186717e-01
8.845545221193987e-03	-1.199912e-01
8.865076471193988e-03	-1.205990e-01
8.874842096193988e-03	-1.206392e-01
8.894373346193987e-03	-1.201899e-01
8.904138971193987e-03	-1.196947e-01
8.913904596193987e-03	-1.190112e-01
8.923670221193987e-03	-1.181279e-01
8.933435846193988e-03	-1.170276e-01
8.943201471193988e-03	-1.156813e-01
8.952967096193988e-03	-1.140387e-01
8.962732721193988e-03	-1.120080e-01
8.972498346193987e-03	-1.093933e-01
8.982263971193987e-03	-1.056698e-01
8.992029596193987e-03	-9.872738e-02
8.998763972203590e-03	-8.894628e-02
9.005898731514153e-03	-7.084400e-02
9.010436118960720e-03	-5.564465e-02
9.013545166783078e-03	-4.625810e-02
9.015949022402610e-03	-4.179530e-02
9.017415091305660e-03	-4.000182e-02
9.018845111853057e-03	-3.826128e-02
9.020341900515634e-03	-3.646367e-02
9.023335477840788e-03	-3.295598e-02
9.028498056554502e-03	-2.711491e-02
9.036215601861063e-03	-1.880221e-02
9.045981226861063e-03	-8.877751e-03
9.055746851861063e-03	4.529744e-04
9.065512476861064e-03	9.250403e-03
9.075278101861064e-03	1.754400e-02
9.085043726861064e-03	2.537265e-02
9.094809351861063e-03	3.275500e-02
9.104574976861063e-03	3.972230e-02
9.114340601861063e-03	4.628843e-02
9.124106226861063e-03	5.248021e-02
9.133871851861063e-03	5.830839e-02
9.143637476861064e-03	6.379651e-02
9.153403101861064e-03	6.895290e-02
9.163168726861064e-03	7.379847e-02
9.172934351861063e-03	7.833949e-02
9.182699976861063e-03	8.259452e-02
9.192465601861063e-03	8.656835e-02
9.202231226861063e-03	9.027750e-02
9.211996851861063e-03	9.372541e-02
9.221762476861062e-03	9.692691e-02
9.231528101861064e-03	9.988430e-02
9.241293726861064e-03	1.026110e-01
9.251059351861064e-03	1.051083e-01
9.260824976861063e-03	1.073885e-01
9.270590601861063e-03	1.094520e-01
9.280356226861063e-03	1.113099e-01
9.290121851861063e-03	1.129622e-01
9.299887476861063e-03	1.144188e-01
9.309653101861064e-03	1.156791e-01
9.319418726861064e-03	1.167520e-01
9.329184351861064e-03	1.176362e-01
9.338949976861063e-03	1.183397e-01
9.348715601861063e-03	1.188603e-01
9.358481226861063e-03	1.192044e-01
9.368246851861063e-03	1.193690e-01
9.378012476861063e-03	1.193586e-01
9.387778101861064e-03	1.191680e-01
9.397543726861064e-03	1.187985e-01
9.407309351861064e-03	1.182415e-01
9.417074976861063e-03	1.174920e-01
9.426840601861063e-03	1.165319e-01
9.436606226861063e-03	1.153433e-01
9.446371851861063e-03	1.138849e-01
9.456137476861063e-03	1.120942e-01
9.465903101861062e-03	1.098381e-01
9.475668726861064e-03	1.068175e-01
9.485434351861064e-03	1.020630e-01
9.493983951548851e-03	9.343992e-02
9.500854399642607e-03	7.981215e-02
9.507194402738811e-03	6.060033e-02
9.511089032431268e-03	4.787707e-02
9.514907455078809e-03	4.007949e-02
9.516492952749981e-03	3.835958e-02
9.517933936118344e-03	3.662066e-02
9.519444122598794e-03	3.481289e-02
9.521653213828533e-03	3.224623e-02
9.523795885466943e-03	2.977996e-02
9.526533371975510e-03	2.671659e-02
9.529714272722188e-03	2.321642e-02
9.533522292462116e-03	1.914940e-02
9.538567396259353e-03	1.390111e-02
9.545332270163468e-03	7.145617e-03
9.546552973288467e-03	5.955560e-03
9.548994379538468e-03	3.601414e-03
9.549604731100968e-03	3.019813e-03
9.550825434225968e-03	1.860741e-03
9.551013504913499e-03	1.683051e-03
9.551389646288561e-03	1.328108e-03
9.551836074372381e-03	9.076160e-04
9.552175796172338e-03	5.867412e-04
9.552553018626609e-03	2.337529e-04
9.552972486890760e-03	-1.573070e-04
9.553412348382943e-03	-5.681193e-04
9.554292071367307e-03	-1.384489e-03
9.555468551380859e-03	-2.471023e-03
9.557460451821856e-03	-4.291661e-03
9.560152378179100e-03	-6.718827e-03
9.565200154755489e-03	-1.116460e-02
9.574965779755489e-03	-1.939695e-02
9.584731404755489e-03	-2.716401e-02
9.594497029755488e-03	-3.449387e-02
9.604262654755490e-03	-4.140779e-02
9.614028279755490e-03	-4.792879e-02
9.623793904755490e-03	-5.407424e-02
9.633559529755489e-03	-5.986369e-02
9.643325154755489e-03	-6.531166e-02
9.653090779755489e-03	-7.043495e-02
9.662856404755489e-03	-7.524580e-02
9.672622029755489e-03	-7.975866e-02
9.682387654755488e-03	-8.398378e-02
9.692153279755490e-03	-8.793382e-02
9.701918904755490e-03	-9.161730e-02
9.711684529755489e-03	-9.504527e-02
9.721450154755489e-03	-9.822487e-02
9.731215779755489e-03	-1.011657e-01
9.740981404755489e-03	-1.038739e-01
9.750747029755489e-03	-1.063577e-01
9.760512654755488e-03	-1.086223e-01
9.770278279755490e-03	-1.106751e-01
9.780043904755490e-03	-1.125202e-01
9.789809529755489e-03	-1.141642e-01
9.799575154755489e-03	-1.156104e-01
9.809340779755489e-03	-1.168647e-01
9.819106404755489e-03	-1.179296e-01
9.828872029755489e-03	-1.188100e-01
9.838637654755488e-03	-1.195078e-01
9.848403279755490e-03	-1.200268e-01
9.858168904755490e-03	-1.203677e-01
9.867934529755490e-03	-1.205332e-01
9.877700154755489e-03	-1.205223e-01
9.887465779755489e-03	-1.203356e-01
9.897231404755489e-03	-1.199693e-01
9.906997029755489e-03	-1.194201e-01
9.916762654755489e-03	-1.186791e-01
9.926528279755490e-03	-1.177340e-01
9.936293904755490e-03	-1.165638e-01
9.946059529755490e-03	-1.151354e-01
9.955825154755489e-03	-1.133879e-01
9.965590779755489e-03	-1.112082e-01
9.975356404755489e-03	-1.083383e-01
9.985122029755489e-03	-1.040125e-01
9.994887654755489e-03	-9.486045e-02
1.000000000000000e-02	-8.589757e-02
