time	V(n012)
0.000000000000000e+00	4.500008e-14
1.428571445265854e-08	-1.726775e-09
2.857142890531708e-08	-1.473885e-09
4.285714335797562e-08	7.587161e-10
5.714285781063416e-08	4.971027e-09
7.142857226329269e-08	1.116305e-08
8.571428671595124e-08	1.933478e-08
1.000000011686097e-07	2.948622e-08
1.701274336166427e-07	4.502430e-07
2.539651111967398e-07	2.596770e-06
3.439898602655293e-07	8.025267e-06
5.240393584031085e-07	2.728342e-05
7.423920444020577e-07	6.244313e-05
1.028011675730741e-06	1.279487e-04
1.378462517530659e-06	2.371360e-04
1.861483235942130e-06	4.347491e-04
2.499046809615751e-06	7.721821e-04
3.395305977928448e-06	1.373916e-03
4.635644462950565e-06	2.412245e-03
6.444285119617199e-06	4.259177e-03
9.138222736783391e-06	7.536248e-03
1.343072255991380e-05	1.357819e-02
1.921281177331270e-05	2.237978e-02
2.705500073080487e-05	3.249737e-02
3.315071997401853e-05	3.802823e-02
3.959866869055261e-05	4.301018e-02
4.775398819297336e-05	4.889213e-02
5.589347710426542e-05	5.437519e-02
6.565910210426542e-05	6.063549e-02
7.542472710426542e-05	6.655823e-02
8.519035210426542e-05	7.220942e-02
9.495597710426542e-05	7.758115e-02
1.047216021042654e-04	8.270607e-02
1.144872271042654e-04	8.757541e-02
1.242528521042654e-04	9.221393e-02
1.340184771042654e-04	9.661246e-02
1.437841021042654e-04	1.007905e-01
1.535497271042654e-04	1.047402e-01
1.633153521042654e-04	1.084778e-01
1.730809771042654e-04	1.119966e-01
1.828466021042654e-04	1.153100e-01
1.926122271042654e-04	1.184125e-01
2.023778521042654e-04	1.213155e-01
2.121434771042654e-04	1.240141e-01
2.219091021042654e-04	1.265180e-01
2.316747271042654e-04	1.288231e-01
2.414403521042654e-04	1.309377e-01
2.512059771042654e-04	1.328579e-01
2.609716021042654e-04	1.345907e-01
2.683810321567107e-04	1.357774e-01
2.764645909897368e-04	1.369513e-01
2.808295513093956e-04	1.375310e-01
2.837654010470027e-04	1.379015e-01
2.874980754403116e-04	1.383468e-01
2.899003500254820e-04	1.386196e-01
2.932875992895952e-04	1.389848e-01
3.000620978178217e-04	1.396492e-01
3.098277228178217e-04	1.404510e-01
3.195933478178217e-04	1.410694e-01
3.293589728178217e-04	1.415041e-01
3.391245978178217e-04	1.417544e-01
3.488902228178217e-04	1.418190e-01
3.586558478178217e-04	1.416952e-01
3.684214728178217e-04	1.413796e-01
3.781870978178217e-04	1.408662e-01
3.879527228178217e-04	1.401470e-01
3.977183478178217e-04	1.392093e-01
4.074839728178217e-04	1.380351e-01
4.172495978178217e-04	1.365959e-01
4.257679858488357e-04	1.350904e-01
4.323662095867824e-04	1.337339e-01
4.333148760935607e-04	1.335221e-01
4.352122091071171e-04	1.330884e-01
4.370613276211238e-04	1.326469e-01
4.390908301900172e-04	1.321410e-01
4.411496668264574e-04	1.316032e-01
4.432845031664578e-04	1.310173e-01
4.453154788417989e-04	1.304304e-01
4.484571806394875e-04	1.294587e-01
4.546815034017379e-04	1.272486e-01
4.626684887043330e-04	1.235997e-01
4.724341137043330e-04	1.167590e-01
4.821997387043330e-04	1.051816e-01
4.919653637043331e-04	8.843196e-02
5.005675387258085e-04	7.097004e-02
5.091619025635614e-04	5.257882e-02
5.178728460647101e-04	3.671851e-02
5.244307727339051e-04	2.758044e-02
5.309410539395998e-04	1.929077e-02
5.372357536851855e-04	1.171179e-02
5.384564568101855e-04	1.029126e-02
5.408978630601854e-04	7.474239e-03
5.411290270748195e-04	7.210344e-03
5.415913551040876e-04	6.683424e-03
5.421312732265811e-04	6.070172e-03
5.426141035129463e-04	5.523118e-03
5.426945672045294e-04	5.431978e-03
5.428554945876954e-04	5.249908e-03
5.431773493540275e-04	4.887058e-03
5.438210588866919e-04	4.163943e-03
5.445790206965504e-04	3.316352e-03
5.460949443162674e-04	1.633857e-03
5.491267915557016e-04	-1.682307e-03
5.549915708206703e-04	-7.919043e-03
5.647571958206703e-04	-1.782005e-02
5.745228208206703e-04	-2.716066e-02
5.842884458206703e-04	-3.597996e-02
5.940540708206703e-04	-4.430814e-02
6.038196958206703e-04	-5.217208e-02
6.135853208206703e-04	-5.959454e-02
6.233509458206703e-04	-6.659704e-02
6.331165708206703e-04	-7.319824e-02
6.428821958206703e-04	-7.941618e-02
6.526478208206703e-04	-8.526670e-02
6.624134458206704e-04	-9.076498e-02
6.721790708206703e-04	-9.592447e-02
6.819446958206703e-04	-1.007584e-01
6.917103208206703e-04	-1.052780e-01
7.014759458206703e-04	-1.094948e-01
7.112415708206703e-04	-1.134184e-01
7.210071958206703e-04	-1.170586e-01
7.307728208206703e-04	-1.204237e-01
7.405384458206703e-04	-1.235219e-01
7.503040708206703e-04	-1.263606e-01
7.600696958206703e-04	-1.289468e-01
7.698353208206703e-04	-1.312865e-01
7.796009458206703e-04	-1.333861e-01
7.893665708206704e-04	-1.352504e-01
7.991321958206703e-04	-1.368849e-01
8.088978208206703e-04	-1.382934e-01
8.186634458206703e-04	-1.394803e-01
8.284290708206703e-04	-1.404486e-01
8.381946958206703e-04	-1.412013e-01
8.479603208206703e-04	-1.417401e-01
8.577259458206703e-04	-1.420663e-01
8.674915708206703e-04	-1.421798e-01
8.772571958206703e-04	-1.420791e-01
8.870228208206703e-04	-1.417606e-01
8.967884458206703e-04	-1.412182e-01
9.065540708206704e-04	-1.404416e-01
9.163196958206704e-04	-1.394147e-01
9.260853208206703e-04	-1.381103e-01
9.358509458206703e-04	-1.364881e-01
9.456165708206703e-04	-1.344758e-01
9.553821958206703e-04	-1.319410e-01
9.651478208206703e-04	-1.286106e-01
9.749134458206703e-04	-1.238218e-01
9.846790708206703e-04	-1.158984e-01
9.944446958206703e-04	-1.027536e-01
1.004210320820670e-03	-8.486271e-02
1.012955203649187e-03	-6.662291e-02
1.021733871801411e-03	-4.838409e-02
1.031499496801411e-03	-3.277024e-02
1.038042942160622e-03	-2.446536e-02
1.043598919029657e-03	-1.755742e-02
1.049291845656617e-03	-1.095487e-02
1.055069653914130e-03	-4.429626e-03
1.061699164788813e-03	2.693837e-03
1.070292418690267e-03	1.154388e-02
1.080058043690267e-03	2.102561e-02
1.089823668690267e-03	2.999208e-02
1.099589293690267e-03	3.843625e-02
1.109354918690267e-03	4.641745e-02
1.119120543690267e-03	5.393447e-02
1.128886168690267e-03	6.102957e-02
1.138651793690267e-03	6.770572e-02
1.148417418690267e-03	7.399462e-02
1.158183043690267e-03	7.990185e-02
1.167948668690267e-03	8.545169e-02
1.177714293690267e-03	9.065125e-02
1.187479918690267e-03	9.551895e-02
1.197245543690267e-03	1.000631e-01
1.207011168690267e-03	1.042977e-01
1.216776793690267e-03	1.082314e-01
1.226542418690267e-03	1.118747e-01
1.236308043690267e-03	1.152364e-01
1.246073668690267e-03	1.183242e-01
1.255839293690267e-03	1.211470e-01
1.265604918690267e-03	1.237098e-01
1.275370543690267e-03	1.260218e-01
1.285136168690267e-03	1.280857e-01
1.294901793690267e-03	1.299105e-01
1.304667418690267e-03	1.314971e-01
1.314433043690267e-03	1.328538e-01
1.324198668690267e-03	1.339798e-01
1.333964293690267e-03	1.348826e-01
1.343729918690267e-03	1.355593e-01
1.351976134887675e-03	1.359599e-01
1.360971365102081e-03	1.362133e-01
1.369604493397749e-03	1.362806e-01
1.378588484618362e-03	1.361590e-01
1.387928298971434e-03	1.358268e-01
1.397693923971434e-03	1.352391e-01
1.407459548971434e-03	1.343965e-01
1.413989274651880e-03	1.336747e-01
1.418283028244501e-03	1.331284e-01
1.423803397321187e-03	1.323281e-01
1.427969900413863e-03	1.316514e-01
1.432525017054267e-03	1.308237e-01
1.437926054111001e-03	1.297185e-01
1.447691679111000e-03	1.272677e-01
1.457457304111000e-03	1.239848e-01
1.467222929111000e-03	1.191437e-01
1.476988554111000e-03	1.109858e-01
1.486754179111000e-03	9.753939e-02
1.496519804111000e-03	7.950389e-02
1.506285429111000e-03	5.905443e-02
1.515563435539034e-03	4.057307e-02
1.525329060539034e-03	2.612305e-02
1.533973165689408e-03	1.552169e-02
1.540145537853086e-03	8.165131e-03
1.540944510298120e-03	7.282324e-03
1.542542455188188e-03	5.490974e-03
1.542720094108856e-03	5.289563e-03
1.543075371950194e-03	4.888044e-03
1.543785927632870e-03	4.090559e-03
1.544123582194288e-03	3.711011e-03
1.544534978831163e-03	3.253811e-03
1.544926867521600e-03	2.820080e-03
1.545303362336614e-03	2.401938e-03
1.546056351966644e-03	1.571699e-03
1.546902858944880e-03	6.412840e-04
1.548310655162029e-03	-8.926186e-04
1.550057681941378e-03	-2.778352e-03
1.552798765681672e-03	-5.693580e-03
1.557634708407144e-03	-1.071877e-02
1.566246149444215e-03	-1.930840e-02
1.576011774444215e-03	-2.853293e-02
1.585777399444215e-03	-3.724214e-02
1.595543024444215e-03	-4.546815e-02
1.605308649444215e-03	-5.323465e-02
1.615074274444215e-03	-6.056645e-02
1.624839899444215e-03	-6.748209e-02
1.634605524444215e-03	-7.400233e-02
1.644371149444215e-03	-8.014238e-02
1.654136774444215e-03	-8.592014e-02
1.663902399444215e-03	-9.134813e-02
1.673668024444215e-03	-9.644183e-02
1.683433649444215e-03	-1.012119e-01
1.693199274444215e-03	-1.056717e-01
1.702964899444215e-03	-1.098300e-01
1.712730524444215e-03	-1.136987e-01
1.722496149444215e-03	-1.172851e-01
1.732261774444215e-03	-1.205995e-01
1.742027399444215e-03	-1.236479e-01
1.751793024444215e-03	-1.264393e-01
1.761558649444215e-03	-1.289789e-01
1.771324274444215e-03	-1.312744e-01
1.781089899444215e-03	-1.333300e-01
1.790855524444215e-03	-1.351525e-01
1.800621149444215e-03	-1.367451e-01
1.810386774444215e-03	-1.381136e-01
1.820152399444215e-03	-1.392603e-01
1.829918024444215e-03	-1.401898e-01
1.839683649444215e-03	-1.409032e-01
1.849449274444215e-03	-1.414036e-01
1.859214899444215e-03	-1.416906e-01
1.868980524444215e-03	-1.417651e-01
1.878746149444215e-03	-1.416238e-01
1.888511774444215e-03	-1.412639e-01
1.898277399444215e-03	-1.406770e-01
1.908043024444215e-03	-1.398531e-01
1.917808649444215e-03	-1.387726e-01
1.927574274444215e-03	-1.374067e-01
1.937339899444215e-03	-1.357080e-01
1.947105524444215e-03	-1.335952e-01
1.956871149444215e-03	-1.309112e-01
1.966636774444215e-03	-1.273243e-01
1.976402399444215e-03	-1.219976e-01
1.986168024444215e-03	-1.129600e-01
1.995933649444215e-03	-9.852691e-02
2.005699274444215e-03	-7.984345e-02
2.015464899444215e-03	-5.913843e-02
2.025230524444215e-03	-4.055794e-02
2.034814096442411e-03	-2.709776e-02
2.043741204304067e-03	-1.620787e-02
2.051935675385764e-03	-6.709992e-03
2.060168189470530e-03	2.205479e-03
2.069480007881977e-03	1.183131e-02
2.079245632881977e-03	2.129765e-02
2.089011257881977e-03	3.027617e-02
2.098776882881977e-03	3.870975e-02
2.108542507881977e-03	4.670168e-02
2.118308132881977e-03	5.421131e-02
2.128073757881977e-03	6.131672e-02
2.137839382881977e-03	6.798797e-02
2.147605007881977e-03	7.428721e-02
2.157370632881977e-03	8.019160e-02
2.167136257881977e-03	8.575201e-02
2.176901882881977e-03	9.095058e-02
2.186667507881977e-03	9.582924e-02
2.196433132881977e-03	1.003740e-01
2.206198757881977e-03	1.046200e-01
2.215964382881977e-03	1.085557e-01
2.225730007881977e-03	1.122108e-01
2.235495632881977e-03	1.155760e-01
2.245261257881977e-03	1.186761e-01
2.255026882881977e-03	1.215036e-01
2.264792507881977e-03	1.240794e-01
2.274558132881977e-03	1.263972e-01
2.284323757881977e-03	1.284748e-01
2.294089382881977e-03	1.303066e-01
2.303855007881977e-03	1.319075e-01
2.313620632881977e-03	1.332726e-01
2.323386257881977e-03	1.344137e-01
2.333151882881977e-03	1.353263e-01
2.342917507881977e-03	1.360193e-01
2.352683132881977e-03	1.364881e-01
2.358943064185797e-03	1.366742e-01
2.366109553513180e-03	1.367728e-01
2.372227713486207e-03	1.367628e-01
2.379234562348387e-03	1.366406e-01
2.389000187348387e-03	1.362716e-01
2.398765812348387e-03	1.356602e-01
2.408531437348387e-03	1.347914e-01
2.418297062348387e-03	1.336387e-01
2.423836643172178e-03	1.328438e-01
2.428490272947966e-03	1.320879e-01
2.432067926073768e-03	1.314454e-01
2.436114305683990e-03	1.306500e-01
2.442094093767091e-03	1.293138e-01
2.451859718767091e-03	1.266079e-01
2.461625343767091e-03	1.228883e-01
2.471390968767091e-03	1.171551e-01
2.481156593767091e-03	1.072629e-01
2.490922218767091e-03	9.198585e-02
2.500687843767091e-03	7.286991e-02
2.509950504144490e-03	5.319690e-02
2.519716129144490e-03	3.536359e-02
2.526532696050032e-03	2.596192e-02
2.533652090356026e-03	1.704997e-02
2.543417715356026e-03	5.635975e-03
2.543714978571104e-03	5.303877e-03
2.544309505001259e-03	4.639502e-03
2.545037980287276e-03	3.826240e-03
2.545174213811198e-03	3.674514e-03
2.545446680859042e-03	3.371395e-03
2.545676506140954e-03	3.115370e-03
2.545712344165867e-03	3.075445e-03
2.545784020215694e-03	2.995782e-03
2.545927372315347e-03	2.836939e-03
2.546214076514653e-03	2.519544e-03
2.546787484913265e-03	1.886621e-03
2.547934301710490e-03	6.279529e-04
2.550227935304940e-03	-1.861773e-03
2.554815202493840e-03	-6.733757e-03
2.561897445333112e-03	-1.398920e-02
2.571663070333111e-03	-2.350009e-02
2.581428695333112e-03	-3.247745e-02
2.591194320333111e-03	-4.095488e-02
2.600959945333112e-03	-4.896002e-02
2.610725570333111e-03	-5.651719e-02
2.620491195333112e-03	-6.364801e-02
2.630256820333111e-03	-7.037218e-02
2.640022445333112e-03	-7.670769e-02
2.649788070333111e-03	-8.267122e-02
2.659553695333112e-03	-8.827782e-02
2.669319320333111e-03	-9.354166e-02
2.679084945333112e-03	-9.847583e-02
2.688850570333111e-03	-1.030923e-01
2.698616195333112e-03	-1.074024e-01
2.708381820333111e-03	-1.114162e-01
2.718147445333112e-03	-1.151434e-01
2.727913070333112e-03	-1.185929e-01
2.737678695333112e-03	-1.217728e-01
2.747444320333112e-03	-1.246907e-01
2.757209945333112e-03	-1.273537e-01
2.766975570333112e-03	-1.297682e-01
2.786506820333112e-03	-1.338752e-01
2.806038070333112e-03	-1.370538e-01
2.815803695333111e-03	-1.383058e-01
2.835334945333111e-03	-1.401527e-01
2.845100570333112e-03	-1.407525e-01
2.854866195333111e-03	-1.411384e-01
2.864631820333112e-03	-1.413106e-01
2.874397445333111e-03	-1.412679e-01
2.884163070333112e-03	-1.410069e-01
2.893928695333111e-03	-1.405220e-01
2.903694320333112e-03	-1.398034e-01
2.913459945333111e-03	-1.388361e-01
2.923225570333112e-03	-1.375946e-01
2.932991195333111e-03	-1.360410e-01
2.942756820333112e-03	-1.341085e-01
2.952522445333111e-03	-1.316758e-01
2.962288070333112e-03	-1.284971e-01
2.972053695333112e-03	-1.239894e-01
2.981819320333112e-03	-1.166512e-01
2.991584945333112e-03	-1.042707e-01
3.001350570333112e-03	-8.691149e-02
3.009834275522725e-03	-6.945764e-02
3.018284393660275e-03	-5.154585e-02
3.026298153109717e-03	-3.744299e-02
3.032196844222965e-03	-2.936924e-02
3.038248396751935e-03	-2.165254e-02
3.045698531163169e-03	-1.274954e-02
3.055464156163169e-03	-1.778912e-03
3.065229781163169e-03	8.509115e-03
3.074995406163169e-03	1.820414e-02
3.084761031163169e-03	2.734522e-02
3.094526656163169e-03	3.597440e-02
3.104292281163169e-03	4.411671e-02
3.114057906163169e-03	5.180021e-02
3.123823531163169e-03	5.904565e-02
3.133589156163169e-03	6.587428e-02
3.143354781163169e-03	7.230445e-02
3.153120406163169e-03	7.835295e-02
3.162886031163169e-03	8.403642e-02
3.172651656163169e-03	8.936803e-02
3.182417281163169e-03	9.436287e-02
3.192182906163169e-03	9.903160e-02
3.201948531163169e-03	1.033878e-01
3.211714156163169e-03	1.074398e-01
3.221479781163169e-03	1.112001e-01
3.231245406163169e-03	1.146751e-01
3.241011031163169e-03	1.178761e-01
3.250776656163169e-03	1.208080e-01
3.260542281163169e-03	1.234811e-01
3.270307906163169e-03	1.258989e-01
3.280073531163169e-03	1.280708e-01
3.289839156163169e-03	1.299991e-01
3.299604781163169e-03	1.316921e-01
3.309370406163169e-03	1.331510e-01
3.319136031163169e-03	1.343829e-01
3.328901656163169e-03	1.353877e-01
3.338667281163169e-03	1.361714e-01
3.345123366798751e-03	1.365666e-01
3.350382486988975e-03	1.368191e-01
3.356595178998635e-03	1.370330e-01
3.361047499430922e-03	1.371327e-01
3.366972639294239e-03	1.371919e-01
3.376738264294239e-03	1.371116e-01
3.386503889294239e-03	1.368008e-01
3.396269514294239e-03	1.362543e-01
3.406035139294239e-03	1.354551e-01
3.415800764294239e-03	1.343842e-01
3.421485148271835e-03	1.336209e-01
3.425022364916686e-03	1.330898e-01
3.429728271706776e-03	1.323074e-01
3.433077310920053e-03	1.316961e-01
3.436820858848413e-03	1.309498e-01
3.441230539962383e-03	1.299793e-01
3.450049902190323e-03	1.276590e-01
3.459263071362800e-03	1.244701e-01
3.469028696362801e-03	1.195141e-01
3.478794321362800e-03	1.111400e-01
3.488559946362801e-03	9.744167e-02
3.498325571362800e-03	7.923563e-02
3.508091196362801e-03	5.871427e-02
3.517452976694874e-03	4.027310e-02
3.527218601694874e-03	2.601993e-02
3.535980885757505e-03	1.529360e-02
3.542547785939210e-03	7.527939e-03
3.543402294070516e-03	6.585865e-03
3.545111310333127e-03	4.679183e-03
3.545538564398780e-03	4.199924e-03
3.546393072530085e-03	3.246621e-03
3.546577568201586e-03	3.042194e-03
3.546946559544586e-03	2.633845e-03
3.547315108479166e-03	2.226731e-03
3.547575759464241e-03	1.937526e-03
3.547875669081130e-03	1.607925e-03
3.548183252960828e-03	1.271752e-03
3.548520665229199e-03	9.013713e-04
3.549195489765941e-03	1.653175e-04
3.549906272707044e-03	-6.078390e-04
3.551215151940924e-03	-2.020983e-03
3.552841636489435e-03	-3.761624e-03
3.555427979107280e-03	-6.492036e-03
3.559687586523919e-03	-1.089560e-02
3.567399374741689e-03	-1.858327e-02
3.577164999741689e-03	-2.782598e-02
3.586930624741689e-03	-3.655164e-02
3.596696249741689e-03	-4.479167e-02
3.606461874741689e-03	-5.257078e-02
3.616227499741689e-03	-5.991298e-02
3.625993124741689e-03	-6.683780e-02
3.635758749741689e-03	-7.336516e-02
3.645524374741689e-03	-7.951126e-02
3.655289999741689e-03	-8.529314e-02
3.665055624741689e-03	-9.072430e-02
3.674821249741689e-03	-9.581938e-02
3.684586874741689e-03	-1.005900e-01
3.694352499741689e-03	-1.050486e-01
3.704118124741689e-03	-1.092052e-01
3.713883749741689e-03	-1.130704e-01
3.723649374741689e-03	-1.166527e-01
3.733414999741689e-03	-1.199615e-01
3.743180624741689e-03	-1.230038e-01
3.752946249741689e-03	-1.257877e-01
3.762711874741689e-03	-1.283192e-01
3.772477499741689e-03	-1.306053e-01
3.782243124741689e-03	-1.326511e-01
3.792008749741689e-03	-1.344623e-01
3.801774374741689e-03	-1.360432e-01
3.811539999741689e-03	-1.373986e-01
3.821305624741689e-03	-1.385316e-01
3.831071249741689e-03	-1.394460e-01
3.840836874741689e-03	-1.401435e-01
3.850602499741689e-03	-1.406264e-01
3.860368124741689e-03	-1.408946e-01
3.870133749741689e-03	-1.409482e-01
3.879899374741689e-03	-1.407841e-01
3.889664999741689e-03	-1.403983e-01
3.899430624741689e-03	-1.397822e-01
3.909196249741688e-03	-1.389235e-01
3.918961874741689e-03	-1.378016e-01
3.928727499741689e-03	-1.363828e-01
3.938493124741689e-03	-1.346143e-01
3.948258749741689e-03	-1.324010e-01
3.958024374741689e-03	-1.295568e-01
3.967789999741689e-03	-1.256707e-01
3.977555624741689e-03	-1.196813e-01
3.987321249741689e-03	-1.093924e-01
3.997086874741689e-03	-9.372806e-02
4.006852499741689e-03	-7.437555e-02
4.015852277766507e-03	-5.519135e-02
4.025617902766507e-03	-3.749537e-02
4.032777726802837e-03	-2.769848e-02
4.039691191607414e-03	-1.905559e-02
4.048432525529079e-03	-8.805623e-03
4.058198150529079e-03	1.915706e-03
4.067963775529079e-03	1.200385e-02
4.077729400529079e-03	2.150371e-02
4.087495025529079e-03	3.047388e-02
4.097260650529080e-03	3.893409e-02
4.107026275529079e-03	4.692398e-02
4.116791900529079e-03	5.445700e-02
4.126557525529079e-03	6.156471e-02
4.136323150529080e-03	6.825772e-02
4.146088775529079e-03	7.456259e-02
4.155854400529079e-03	8.048796e-02
4.165620025529079e-03	8.605678e-02
4.175385650529080e-03	9.127595e-02
4.185151275529079e-03	9.616540e-02
4.194916900529079e-03	1.007308e-01
4.204682525529079e-03	1.049896e-01
4.214448150529080e-03	1.089463e-01
4.224213775529079e-03	1.126161e-01
4.233979400529079e-03	1.160026e-01
4.243745025529079e-03	1.191191e-01
4.253510650529080e-03	1.219684e-01
4.263276275529079e-03	1.245622e-01
4.273041900529079e-03	1.269025e-01
4.282807525529079e-03	1.289997e-01
4.292573150529079e-03	1.308548e-01
4.302338775529079e-03	1.324769e-01
4.312104400529079e-03	1.338662e-01
4.321870025529079e-03	1.350303e-01
4.331635650529079e-03	1.359685e-01
4.341401275529080e-03	1.366869e-01
4.347258238619576e-03	1.370110e-01
4.354193063535711e-03	1.372940e-01
4.359055139020911e-03	1.374250e-01
4.364656110949132e-03	1.375096e-01
4.374421735949132e-03	1.374802e-01
4.384187360949132e-03	1.372256e-01
4.393952985949133e-03	1.367359e-01
4.403718610949132e-03	1.360013e-01
4.413484235949132e-03	1.350005e-01
4.421662016601987e-03	1.339376e-01
4.426074935279631e-03	1.332677e-01
4.429351819563951e-03	1.327228e-01
4.433145211215067e-03	1.320363e-01
4.436725168568020e-03	1.313293e-01
4.440158329716289e-03	1.305903e-01
4.447024652012828e-03	1.289026e-01
4.456337844708296e-03	1.260136e-01
4.466103469708296e-03	1.217511e-01
4.475869094708295e-03	1.148538e-01
4.485634719708295e-03	1.030804e-01
4.495400344708296e-03	8.619706e-02
4.503958908242950e-03	6.881279e-02
4.512494082935672e-03	5.068008e-02
4.521168912212615e-03	3.523324e-02
4.527721095799263e-03	2.629145e-02
4.534007774720992e-03	1.836503e-02
4.542925730398080e-03	7.855010e-03
4.544146433523080e-03	6.473436e-03
4.546587839773080e-03	3.734645e-03
4.546933351291812e-03	3.351481e-03
4.547624374329275e-03	2.586846e-03
4.547797130088641e-03	2.396313e-03
4.548142641607373e-03	2.015690e-03
4.548417322042540e-03	1.713375e-03
4.548467006532826e-03	1.658602e-03
4.548566375513396e-03	1.549094e-03
4.548765113474538e-03	1.330864e-03
4.549162589396821e-03	8.958983e-04
4.549606160423207e-03	4.116201e-04
4.550493302475979e-03	-5.524637e-04
4.552267586581523e-03	-2.464699e-03
4.555816154792611e-03	-6.225447e-03
4.561768037359043e-03	-1.235063e-02
4.571533662359043e-03	-2.193558e-02
4.581299287359042e-03	-3.098120e-02
4.591064912359042e-03	-3.952201e-02
4.600830537359043e-03	-4.758633e-02
4.610596162359043e-03	-5.519881e-02
4.620361787359042e-03	-6.238144e-02
4.630127412359042e-03	-6.915412e-02
4.639893037359043e-03	-7.553513e-02
4.649658662359043e-03	-8.154115e-02
4.659424287359042e-03	-8.718780e-02
4.669189912359042e-03	-9.248908e-02
4.678955537359043e-03	-9.745833e-02
4.688721162359043e-03	-1.021077e-01
4.698486787359043e-03	-1.064485e-01
4.708252412359042e-03	-1.104912e-01
4.718018037359043e-03	-1.142454e-01
4.727783662359043e-03	-1.177201e-01
4.737549287359043e-03	-1.209236e-01
4.747314912359042e-03	-1.238636e-01
4.757080537359043e-03	-1.265471e-01
4.766846162359043e-03	-1.289808e-01
4.786377412359042e-03	-1.331222e-01
4.805908662359043e-03	-1.363302e-01
4.825439912359042e-03	-1.386392e-01
4.844971162359043e-03	-1.400740e-01
4.854736787359043e-03	-1.404683e-01
4.874268037359042e-03	-1.406104e-01
4.884033662359043e-03	-1.403536e-01
4.893799287359043e-03	-1.398710e-01
4.903564912359042e-03	-1.391526e-01
4.913330537359042e-03	-1.381827e-01
4.923096162359043e-03	-1.369347e-01
4.932861787359043e-03	-1.353689e-01
4.942627412359043e-03	-1.334152e-01
4.952393037359042e-03	-1.309448e-01
4.962158662359043e-03	-1.276939e-01
4.971924287359043e-03	-1.230275e-01
4.981689912359043e-03	-1.153288e-01
4.991455537359042e-03	-1.024646e-01
5.001221162359043e-03	-8.477172e-02
5.009808520924238e-03	-6.695741e-02
5.018379924724405e-03	-4.897939e-02
5.028145549724405e-03	-3.296262e-02
5.034533401251868e-03	-2.475993e-02
5.040721235850758e-03	-1.705553e-02
5.046467196159610e-03	-1.037728e-02
5.053062538642332e-03	-2.951593e-03
5.060590898508283e-03	5.084257e-03
5.070356523508283e-03	1.500713e-02
5.080122148508282e-03	2.433637e-02
5.089887773508282e-03	3.316144e-02
5.099653398508283e-03	4.147447e-02
5.109419023508283e-03	4.933338e-02
5.119184648508282e-03	5.673602e-02
5.128950273508282e-03	6.372446e-02
5.138715898508283e-03	7.030054e-02
5.148481523508283e-03	7.649624e-02
5.158247148508282e-03	8.231606e-02
5.168012773508282e-03	8.778439e-02
5.177778398508283e-03	9.290741e-02
5.187544023508283e-03	9.770416e-02
5.197309648508282e-03	1.021816e-01
5.207075273508282e-03	1.063544e-01
5.216840898508283e-03	1.102300e-01
5.226606523508283e-03	1.138196e-01
5.236372148508282e-03	1.171310e-01
5.246137773508282e-03	1.201724e-01
5.255903398508283e-03	1.229518e-01
5.265669023508283e-03	1.254750e-01
5.275434648508283e-03	1.277498e-01
5.285200273508282e-03	1.297800e-01
5.294965898508282e-03	1.315735e-01
5.304731523508283e-03	1.331319e-01
5.314497148508283e-03	1.344627e-01
5.324262773508282e-03	1.355658e-01
5.334028398508282e-03	1.364479e-01
5.340117290137140e-03	1.368844e-01
5.344772895329277e-03	1.371628e-01
5.350469150288651e-03	1.374326e-01
5.354288688539196e-03	1.375741e-01
5.359603002411395e-03	1.377114e-01
5.369368627411395e-03	1.377981e-01
5.379134252411395e-03	1.376583e-01
5.388899877411395e-03	1.372929e-01
5.398665502411395e-03	1.366862e-01
5.408431127411395e-03	1.358299e-01
5.418196752411395e-03	1.346938e-01
5.419380857107982e-03	1.345353e-01
5.421749066501157e-03	1.342057e-01
5.424766054327563e-03	1.337567e-01
5.428263723181983e-03	1.331941e-01
5.431509827958803e-03	1.326282e-01
5.434405065869777e-03	1.320860e-01
5.438110917343607e-03	1.313345e-01
5.441689300883228e-03	1.305417e-01
5.448846067962468e-03	1.287163e-01
5.457959257790788e-03	1.257655e-01
5.467724882790788e-03	1.212703e-01
5.477490507790788e-03	1.138771e-01
5.487256132790788e-03	1.014073e-01
5.497021757790788e-03	8.401024e-02
5.505546270440730e-03	6.647012e-02
5.514038429589479e-03	4.855234e-02
5.522772925793657e-03	3.360995e-02
5.528836196087681e-03	2.555717e-02
5.534896151088052e-03	1.792214e-02
5.541423728974646e-03	1.020766e-02
5.546311502712382e-03	4.640039e-03
5.546948412611896e-03	3.933812e-03
5.548222232410923e-03	2.525197e-03
5.548392516012056e-03	2.337470e-03
5.548733083214322e-03	1.962453e-03
5.549414217618854e-03	1.214917e-03
5.549464764539379e-03	1.159415e-03
5.549565858380430e-03	1.048381e-03
5.549768046062532e-03	8.271407e-04
5.550164555230465e-03	3.948993e-04
5.550560642869987e-03	-3.606831e-05
5.551352818149031e-03	-8.942825e-04
5.552937168707119e-03	-2.598227e-03
5.556105869823297e-03	-5.955383e-03
5.561812329233131e-03	-1.183762e-02
5.571577954233130e-03	-2.144470e-02
5.581343579233130e-03	-3.051069e-02
5.591109204233130e-03	-3.907033e-02
5.600874829233131e-03	-4.715218e-02
5.610640454233130e-03	-5.478095e-02
5.620406079233130e-03	-6.197879e-02
5.630171704233130e-03	-6.876562e-02
5.639937329233131e-03	-7.515984e-02
5.649702954233130e-03	-8.117814e-02
5.659468579233130e-03	-8.683625e-02
5.669234204233130e-03	-9.214816e-02
5.678999829233131e-03	-9.712733e-02
5.688765454233130e-03	-1.017859e-01
5.698531079233130e-03	-1.061352e-01
5.708296704233130e-03	-1.101857e-01
5.718062329233131e-03	-1.139473e-01
5.727827954233130e-03	-1.174287e-01
5.737593579233130e-03	-1.206384e-01
5.747359204233130e-03	-1.235841e-01
5.757124829233131e-03	-1.262729e-01
5.766890454233130e-03	-1.287113e-01
5.786421704233130e-03	-1.328609e-01
5.805952954233131e-03	-1.360755e-01
5.825484204233130e-03	-1.383895e-01
5.845015454233131e-03	-1.398277e-01
5.854781079233130e-03	-1.402231e-01
5.864546704233130e-03	-1.404029e-01
5.874312329233130e-03	-1.403659e-01
5.884077954233131e-03	-1.401085e-01
5.893843579233130e-03	-1.396246e-01
5.903609204233130e-03	-1.389040e-01
5.913374829233130e-03	-1.379306e-01
5.923140454233131e-03	-1.366775e-01
5.932906079233130e-03	-1.351040e-01
5.942671704233130e-03	-1.331382e-01
5.952437329233130e-03	-1.306479e-01
5.962202954233131e-03	-1.273603e-01
5.971968579233130e-03	-1.226144e-01
5.981734204233130e-03	-1.147395e-01
5.991499829233130e-03	-1.016500e-01
6.001265454233131e-03	-8.380753e-02
6.010014874711741e-03	-6.558476e-02
6.018796691438366e-03	-4.734734e-02
6.028562316438365e-03	-3.174288e-02
6.035164733183538e-03	-2.337515e-02
6.040739357870823e-03	-1.645606e-02
6.046443546695585e-03	-9.852706e-03
6.052232814519856e-03	-3.325256e-03
6.058838984059040e-03	3.762019e-03
6.067397013835255e-03	1.256572e-02
6.077162638835256e-03	2.203920e-02
6.086928263835256e-03	3.100033e-02
6.096693888835256e-03	3.944147e-02
6.106459513835255e-03	4.742235e-02
6.116225138835255e-03	5.494122e-02
6.125990763835256e-03	6.204075e-02
6.135756388835256e-03	6.872340e-02
6.145522013835255e-03	7.502122e-02
6.155287638835255e-03	8.093935e-02
6.165053263835256e-03	8.650237e-02
6.174818888835256e-03	9.171698e-02
6.184584513835256e-03	9.660188e-02
6.194350138835255e-03	1.011650e-01
6.204115763835256e-03	1.054205e-01
6.213881388835256e-03	1.093769e-01
6.223647013835256e-03	1.130447e-01
6.233412638835255e-03	1.164326e-01
6.243178263835256e-03	1.195482e-01
6.252943888835256e-03	1.224005e-01
6.262709513835256e-03	1.249947e-01
6.272475138835255e-03	1.273394e-01
6.282240763835256e-03	1.294379e-01
6.292006388835256e-03	1.312989e-01
6.301772013835256e-03	1.329234e-01
6.311537638835255e-03	1.343200e-01
6.321303263835256e-03	1.354877e-01
6.331068888835256e-03	1.364344e-01
6.337371724502943e-03	1.369260e-01
6.342152541993236e-03	1.372405e-01
6.348288686057279e-03	1.375637e-01
6.352715819835830e-03	1.377458e-01
6.357808360030272e-03	1.378961e-01
6.365132325335478e-03	1.380119e-01
6.374897950335478e-03	1.379684e-01
6.384663575335478e-03	1.377031e-01
6.394429200335478e-03	1.372013e-01
6.404194825335478e-03	1.364584e-01
6.413960450335478e-03	1.354482e-01
6.422409887182919e-03	1.343417e-01
6.427215682961306e-03	1.336003e-01
6.430300269259309e-03	1.330808e-01
6.433816413113990e-03	1.324366e-01
6.436730312251972e-03	1.318645e-01
6.439930359385580e-03	1.311839e-01
6.444474176468578e-03	1.301245e-01
6.453520046264937e-03	1.275773e-01
6.462749702881659e-03	1.241031e-01
6.472515327881658e-03	1.185517e-01
6.482280952881658e-03	1.090276e-01
6.492046577881658e-03	9.409397e-02
6.501812202881659e-03	7.515836e-02
6.511276476051086e-03	5.506384e-02
6.521042101051086e-03	3.693120e-02
6.530331264902190e-03	2.416278e-02
6.539775820087041e-03	1.270207e-02
6.540996523212041e-03	1.126241e-02
6.543437929462041e-03	8.436366e-03
6.547243784773000e-03	4.148718e-03
6.548037207149377e-03	3.268210e-03
6.548235562743471e-03	3.048485e-03
6.548632273931659e-03	2.609827e-03
6.549425696308035e-03	1.736752e-03
6.550230555121989e-03	8.555683e-04
6.550254626761370e-03	8.292204e-04
6.550302770040131e-03	7.764603e-04
6.550399056597652e-03	6.710268e-04
6.550591629712696e-03	4.611014e-04
6.550875191831851e-03	1.526113e-04
6.551442316070162e-03	-4.627385e-04
6.552576564546784e-03	-1.686602e-03
6.554845061500027e-03	-4.108488e-03
6.559382055406515e-03	-8.850495e-03
6.565922552575139e-03	-1.545872e-02
6.575688177575138e-03	-2.485590e-02
6.585453802575138e-03	-3.372576e-02
6.595219427575138e-03	-4.210046e-02
6.604985052575139e-03	-5.000678e-02
6.614750677575138e-03	-5.746846e-02
6.624516302575138e-03	-6.450669e-02
6.634281927575138e-03	-7.114081e-02
6.644047552575139e-03	-7.738855e-02
6.653813177575138e-03	-8.326628e-02
6.663578802575138e-03	-8.878891e-02
6.673344427575138e-03	-9.397034e-02
6.683110052575138e-03	-9.882355e-02
6.692875677575138e-03	-1.033603e-01
6.702641302575138e-03	-1.075917e-01
6.712406927575138e-03	-1.115278e-01
6.722172552575138e-03	-1.151783e-01
6.731938177575138e-03	-1.185516e-01
6.741703802575138e-03	-1.216561e-01
6.751469427575138e-03	-1.244990e-01
6.761235052575138e-03	-1.270875e-01
6.771000677575138e-03	-1.294277e-01
6.780766302575138e-03	-1.315257e-01
6.800297552575138e-03	-1.350159e-01
6.819828802575138e-03	-1.375947e-01
6.829594427575138e-03	-1.385515e-01
6.839360052575138e-03	-1.392903e-01
6.849125677575139e-03	-1.398125e-01
6.858891302575138e-03	-1.401191e-01
6.868656927575138e-03	-1.402094e-01
6.878422552575138e-03	-1.400812e-01
6.888188177575139e-03	-1.397299e-01
6.897953802575138e-03	-1.391478e-01
6.907719427575138e-03	-1.383222e-01
6.917485052575138e-03	-1.372333e-01
6.927250677575138e-03	-1.358478e-01
6.937016302575138e-03	-1.341143e-01
6.946781927575138e-03	-1.319392e-01
6.956547552575138e-03	-1.291421e-01
6.966313177575138e-03	-1.253245e-01
6.976078802575138e-03	-1.194635e-01
6.985844427575138e-03	-1.093902e-01
6.995610052575138e-03	-9.392742e-02
7.005375677575138e-03	-7.468620e-02
7.014501425432409e-03	-5.524964e-02
7.024267050432409e-03	-3.742839e-02
7.031606645910199e-03	-2.733798e-02
7.038648733769981e-03	-1.855115e-02
7.047502405316877e-03	-8.179449e-03
7.057268030316877e-03	2.519511e-03
7.067033655316877e-03	1.259482e-02
7.076799280316876e-03	2.207861e-02
7.086564905316877e-03	3.103854e-02
7.096330530316877e-03	3.948669e-02
7.106096155316877e-03	4.746877e-02
7.115861780316876e-03	5.499297e-02
7.125627405316876e-03	6.209522e-02
7.135393030316877e-03	6.878221e-02
7.145158655316877e-03	7.508382e-02
7.154924280316876e-03	8.100570e-02
7.164689905316876e-03	8.657333e-02
7.174455530316877e-03	9.179129e-02
7.184221155316877e-03	9.668146e-02
7.193986780316877e-03	1.012478e-01
7.203752405316876e-03	1.055091e-01
7.213518030316877e-03	1.094685e-01
7.223283655316877e-03	1.131425e-01
7.233049280316877e-03	1.165334e-01
7.242814905316876e-03	1.196558e-01
7.252580530316877e-03	1.225111e-01
7.262346155316877e-03	1.251123e-01
7.272111780316877e-03	1.274602e-01
7.291643030316877e-03	1.314303e-01
7.301408655316877e-03	1.330625e-01
7.311174280316877e-03	1.344626e-01
7.320939905316876e-03	1.356384e-01
7.330701423314667e-03	1.365886e-01
7.336774884144569e-03	1.370700e-01
7.341334676310763e-03	1.373744e-01
7.347142190571965e-03	1.376946e-01
7.351172740634094e-03	1.378701e-01
7.356161887263880e-03	1.380373e-01
7.363897202858882e-03	1.381820e-01
7.373662827858882e-03	1.381683e-01
7.383428452858882e-03	1.379293e-01
7.393194077858882e-03	1.374601e-01
7.402959702858882e-03	1.367477e-01
7.412725327858882e-03	1.357762e-01
7.422490952858882e-03	1.345157e-01
7.427835172419658e-03	1.336891e-01
7.430957659981616e-03	1.331547e-01
7.434554027119077e-03	1.324895e-01
7.437377181786821e-03	1.319262e-01
7.440565638039445e-03	1.312423e-01
7.444970940149342e-03	1.302035e-01
7.453781544369138e-03	1.277133e-01
7.462867474595150e-03	1.242983e-01
7.472633099595150e-03	1.187858e-01
7.482398724595150e-03	1.093339e-01
7.492164349595151e-03	9.447480e-02
7.501929974595150e-03	7.557628e-02
7.511518519194106e-03	5.522789e-02
7.521284144194106e-03	3.707743e-02
7.529188736678643e-03	2.607616e-02
7.536854253563310e-03	1.657824e-02
7.546619878563310e-03	5.222136e-03
7.547823520744244e-03	3.893489e-03
7.548124431289478e-03	3.560949e-03
7.548726252379945e-03	2.896157e-03
7.549617340889546e-03	1.915099e-03
7.549783295226452e-03	1.733106e-03
7.550115203900264e-03	1.369516e-03
7.550491721305879e-03	9.577786e-04
7.550756965066475e-03	6.665344e-04
7.551059854032752e-03	3.370183e-04
7.551370955608926e-03	3.617547e-07
7.551711257269367e-03	-3.693874e-04
7.552391860590250e-03	-1.104288e-03
7.553109459322716e-03	-1.876977e-03
7.554423282124438e-03	-3.281245e-03
7.556059372420389e-03	-5.014685e-03
7.558652598624947e-03	-7.725237e-03
7.562952254635598e-03	-1.212612e-02
7.570761373528215e-03	-1.983160e-02
7.580526998528216e-03	-2.897812e-02
7.590292623528215e-03	-3.761241e-02
7.600058248528215e-03	-4.576491e-02
7.609823873528215e-03	-5.345974e-02
7.619589498528216e-03	-6.072044e-02
7.629355123528215e-03	-6.756624e-02
7.639120748528215e-03	-7.401674e-02
7.648886373528215e-03	-8.008795e-02
7.658651998528216e-03	-8.579668e-02
7.668417623528215e-03	-9.115626e-02
7.678183248528215e-03	-9.618113e-02
7.687948873528215e-03	-1.008828e-01
7.697714498528216e-03	-1.052736e-01
7.707480123528215e-03	-1.093632e-01
7.717245748528215e-03	-1.131625e-01
7.727011373528215e-03	-1.166795e-01
7.736776998528216e-03	-1.199237e-01
7.746542623528216e-03	-1.229019e-01
7.756308248528215e-03	-1.256223e-01
7.766073873528215e-03	-1.280906e-01
7.775839498528215e-03	-1.303138e-01
7.785605123528216e-03	-1.322969e-01
7.795370748528215e-03	-1.340455e-01
7.805136373528215e-03	-1.355637e-01
7.814901998528216e-03	-1.368563e-01
7.824667623528216e-03	-1.379261e-01
7.834433248528215e-03	-1.387766e-01
7.844198873528215e-03	-1.394094e-01
7.853964498528215e-03	-1.398263e-01
7.863730123528215e-03	-1.400267e-01
7.873495748528215e-03	-1.400100e-01
7.883261373528216e-03	-1.397722e-01
7.893026998528216e-03	-1.393077e-01
7.902792623528216e-03	-1.386060e-01
7.912558248528215e-03	-1.376518e-01
7.922323873528215e-03	-1.364179e-01
7.932089498528215e-03	-1.348649e-01
7.941855123528215e-03	-1.329215e-01
7.951620748528215e-03	-1.304584e-01
7.961386373528216e-03	-1.272088e-01
7.971151998528216e-03	-1.225299e-01
7.980917623528216e-03	-1.147887e-01
7.990683248528216e-03	-1.018677e-01
8.000448873528215e-03	-8.414058e-02
8.009070832808975e-03	-6.624097e-02
8.017711891461724e-03	-4.817087e-02
8.027477516461726e-03	-3.228272e-02
8.033910229550516e-03	-2.406025e-02
8.040106271622922e-03	-1.636381e-02
8.045773130236090e-03	-9.796724e-03
8.052200564639461e-03	-2.566471e-03
8.059401497522690e-03	5.120596e-03
8.068978946653659e-03	1.487270e-02
8.078744571653659e-03	2.422526e-02
8.088510196653659e-03	3.307395e-02
8.098275821653659e-03	4.140907e-02
8.108041446653658e-03	4.929038e-02
8.117807071653658e-03	5.671448e-02
8.127572696653658e-03	6.372466e-02
8.137338321653658e-03	7.032185e-02
8.147103946653658e-03	7.653892e-02
8.156869571653659e-03	8.237969e-02
8.166635196653659e-03	8.786921e-02
8.176400821653659e-03	9.301315e-02
8.186166446653658e-03	9.783106e-02
8.195932071653658e-03	1.023295e-01
8.205697696653658e-03	1.065235e-01
8.215463321653658e-03	1.104203e-01
8.225228946653658e-03	1.140314e-01
8.234994571653659e-03	1.173642e-01
8.244760196653659e-03	1.204273e-01
8.254525821653659e-03	1.232284e-01
8.264291446653659e-03	1.257736e-01
8.274057071653658e-03	1.280705e-01
8.283822696653658e-03	1.301233e-01
8.293588321653658e-03	1.319394e-01
8.303353946653658e-03	1.335209e-01
8.313119571653659e-03	1.348751e-01
8.322885196653659e-03	1.360020e-01
8.332450408186681e-03	1.368922e-01
8.339071455905614e-03	1.373830e-01
8.343523467494722e-03	1.376586e-01
8.348838613929734e-03	1.379250e-01
8.353581789039803e-03	1.381110e-01
8.358742694893010e-03	1.382516e-01
8.368508319893010e-03	1.383547e-01
8.378273944893010e-03	1.382331e-01
8.388039569893011e-03	1.378879e-01
8.397805194893011e-03	1.373043e-01
8.407570819893011e-03	1.364749e-01
8.417336444893011e-03	1.353716e-01
8.425172353792133e-03	1.342704e-01
8.429534256681493e-03	1.335597e-01
8.432561252387736e-03	1.330247e-01
8.436124761790953e-03	1.323405e-01
8.439352260920770e-03	1.316726e-01
8.442475666966657e-03	1.309706e-01
8.448722479058431e-03	1.293919e-01
8.457883273143266e-03	1.264946e-01
8.467648898143266e-03	1.221561e-01
8.477414523143266e-03	1.151105e-01
8.487180148143265e-03	1.031317e-01
8.496945773143267e-03	8.608394e-02
8.505518843651543e-03	6.859234e-02
8.514065252593388e-03	5.045604e-02
8.522751320929781e-03	3.517147e-02
8.530181808719615e-03	2.517349e-02
8.537211823126506e-03	1.643378e-02
8.546680338425679e-03	5.461638e-03
8.547901041550680e-03	4.101309e-03
8.548206217331929e-03	3.761960e-03
8.548816568894429e-03	3.085127e-03
8.550037272019429e-03	1.741316e-03
8.550184319709390e-03	1.580297e-03
8.550478415089309e-03	1.258548e-03
8.550804932901789e-03	9.017827e-04
8.551068330495832e-03	6.129381e-04
8.551356183040265e-03	2.999366e-04
8.551674465471875e-03	-4.442528e-05
8.552024033666256e-03	-4.238696e-04
8.552723170055015e-03	-1.178250e-03
8.553500947454429e-03	-2.014739e-03
8.554924097629148e-03	-3.533495e-03
8.556774358912436e-03	-5.488680e-03
8.559787052493092e-03	-8.623530e-03
8.564937252502411e-03	-1.385124e-02
8.574702877502411e-03	-2.332965e-02
8.584468502502411e-03	-3.227551e-02
8.594234127502411e-03	-4.072110e-02
8.603999752502410e-03	-4.869467e-02
8.613765377502410e-03	-5.621953e-02
8.623531002502412e-03	-6.331802e-02
8.633296627502412e-03	-7.000895e-02
8.643062252502411e-03	-7.631106e-02
8.652827877502411e-03	-8.224006e-02
8.662593502502411e-03	-8.781207e-02
8.672359127502411e-03	-9.304019e-02
8.682124752502410e-03	-9.793828e-02
8.691890377502410e-03	-1.025176e-01
8.701656002502410e-03	-1.067901e-01
8.711421627502412e-03	-1.107653e-01
8.721187252502411e-03	-1.144535e-01
8.730952877502411e-03	-1.178628e-01
8.740718502502411e-03	-1.210021e-01
8.750484127502411e-03	-1.238783e-01
8.760249752502411e-03	-1.264991e-01
8.770015377502410e-03	-1.288702e-01
8.779781002502410e-03	-1.309984e-01
8.789546627502412e-03	-1.328882e-01
8.799312252502411e-03	-1.345454e-01
8.809077877502411e-03	-1.359738e-01
8.818843502502411e-03	-1.371777e-01
8.828609127502411e-03	-1.381600e-01
8.838374752502411e-03	-1.389237e-01
8.848140377502410e-03	-1.394701e-01
8.857906002502410e-03	-1.398005e-01
8.867671627502412e-03	-1.399140e-01
8.877437252502412e-03	-1.398089e-01
8.887202877502411e-03	-1.394804e-01
8.896968502502411e-03	-1.389213e-01
8.906734127502411e-03	-1.381190e-01
8.916499752502411e-03	-1.370545e-01
8.926265377502410e-03	-1.356951e-01
8.936031002502410e-03	-1.339912e-01
8.945796627502410e-03	-1.318522e-01
8.955562252502412e-03	-1.291048e-01
8.965327877502411e-03	-1.253699e-01
8.975093502502411e-03	-1.196792e-01
8.984859127502411e-03	-1.099103e-01
8.994624752502411e-03	-9.473785e-02
9.004390377502411e-03	-7.565435e-02
9.013696104746928e-03	-5.585697e-02
9.023461729746928e-03	-3.783385e-02
9.031131588120647e-03	-2.720627e-02
9.038524074342750e-03	-1.801397e-02
9.047439508456892e-03	-7.588844e-03
9.057205133456894e-03	3.075476e-03
9.066970758456893e-03	1.313150e-02
9.076736383456893e-03	2.258923e-02
9.086502008456893e-03	3.153207e-02
9.096267633456893e-03	3.995871e-02
9.106033258456893e-03	4.792560e-02
9.115798883456892e-03	5.543155e-02
9.125564508456892e-03	6.252036e-02
9.135330133456894e-03	6.919174e-02
9.145095758456893e-03	7.548156e-02
9.154861383456893e-03	8.139004e-02
9.164627008456893e-03	8.694737e-02
9.174392633456893e-03	9.215378e-02
9.184158258456893e-03	9.703506e-02
9.193923883456892e-03	1.015915e-01
9.203689508456892e-03	1.058452e-01
9.213455133456892e-03	1.097963e-01
9.223220758456894e-03	1.134637e-01
9.232986383456893e-03	1.168477e-01
9.242752008456893e-03	1.199644e-01
9.252517633456893e-03	1.228140e-01
9.262283258456893e-03	1.254104e-01
9.272048883456892e-03	1.277535e-01
9.281814508456892e-03	1.298556e-01
9.291580133456892e-03	1.317161e-01
9.301345758456894e-03	1.333454e-01
9.311111383456893e-03	1.347425e-01
9.320877008456893e-03	1.359160e-01
9.330387342902445e-03	1.368425e-01
9.338352101317246e-03	1.374599e-01
9.342794787901605e-03	1.377396e-01
9.348423873926407e-03	1.380309e-01
9.352548363429296e-03	1.381971e-01
9.357713604464857e-03	1.383518e-01
9.367479229464857e-03	1.384755e-01
9.377244854464856e-03	1.383791e-01
9.387010479464856e-03	1.380561e-01
9.396776104464856e-03	1.375003e-01
9.406541729464856e-03	1.366968e-01
9.416307354464856e-03	1.356268e-01
9.424433969346148e-03	1.345088e-01
9.429364253408054e-03	1.337178e-01
9.432363707724677e-03	1.331892e-01
9.435658210186644e-03	1.325648e-01
9.438499941669020e-03	1.319860e-01
9.441555325567660e-03	1.313176e-01
9.446675678045009e-03	1.300763e-01
9.456392424757296e-03	1.271741e-01
9.466158049757296e-03	1.231165e-01
9.475923674757296e-03	1.166922e-01
9.485689299757296e-03	1.056514e-01
9.495454924757295e-03	8.934156e-02
9.504138298059867e-03	7.194892e-02
9.512824957644416e-03	5.344365e-02
9.522590582644416e-03	3.580210e-02
9.529737635837527e-03	2.605188e-02
9.536583898003506e-03	1.750728e-02
9.546349523003506e-03	6.117411e-03
9.547570226128507e-03	4.756455e-03
9.550011632378506e-03	2.053982e-03
9.550152893876167e-03	1.898985e-03
9.550435416871486e-03	1.589353e-03
9.551000462862128e-03	9.717235e-04
9.551087891641209e-03	8.760628e-04
9.551262749199369e-03	6.848730e-04
9.551612464315691e-03	3.043321e-04
9.552047539467399e-03	-1.676014e-04
9.552633768472481e-03	-8.017650e-04
9.553806226482643e-03	-2.062561e-03
9.556151142502970e-03	-4.557003e-03
9.560840974543624e-03	-9.437446e-03
9.567842716110995e-03	-1.646878e-02
9.577608341110995e-03	-2.579642e-02
9.587373966110995e-03	-3.460101e-02
9.597139591110995e-03	-4.291340e-02
9.606905216110994e-03	-5.076038e-02
9.616670841110994e-03	-5.816486e-02
9.626436466110996e-03	-6.514823e-02
9.636202091110995e-03	-7.172919e-02
9.645967716110995e-03	-7.792571e-02
9.655733341110995e-03	-8.375349e-02
9.665498966110995e-03	-8.922796e-02
9.675264591110995e-03	-9.436228e-02
9.685030216110994e-03	-9.916972e-02
9.694795841110994e-03	-1.036616e-01
9.704561466110994e-03	-1.078493e-01
9.714327091110996e-03	-1.117424e-01
9.724092716110995e-03	-1.153508e-01
9.733858341110995e-03	-1.186827e-01
9.743623966110995e-03	-1.217465e-01
9.753389591110995e-03	-1.245491e-01
9.763155216110994e-03	-1.270980e-01
9.772920841110994e-03	-1.293989e-01
9.782686466110994e-03	-1.314582e-01
9.792452091110996e-03	-1.332806e-01
9.802217716110995e-03	-1.348715e-01
9.811983341110995e-03	-1.362346e-01
9.821748966110995e-03	-1.373740e-01
9.831514591110995e-03	-1.382925e-01
9.841280216110995e-03	-1.389928e-01
9.851045841110994e-03	-1.394760e-01
9.860811466110994e-03	-1.397430e-01
9.870577091110996e-03	-1.397924e-01
9.880342716110995e-03	-1.396219e-01
9.890108341110995e-03	-1.392258e-01
9.899873966110995e-03	-1.385957e-01
9.909639591110995e-03	-1.377172e-01
9.919405216110995e-03	-1.365681e-01
9.929170841110994e-03	-1.351103e-01
9.938936466110994e-03	-1.332852e-01
9.948702091110994e-03	-1.309830e-01
9.958467716110996e-03	-1.279856e-01
9.968233341110995e-03	-1.237913e-01
9.977998966110995e-03	-1.170968e-01
9.987764591110995e-03	-1.056391e-01
9.997530216110995e-03	-8.898606e-02
1.000000000000000e-02	-nan
