time	V(n012)
0.000000000000000e+00	4.500009e-14
1.428571445265854e-08	-1.609136e-09
2.857142890531708e-08	-1.373299e-09
4.285714335797562e-08	7.075560e-10
5.714285781063416e-08	4.633429e-09
7.142857226329269e-08	1.040432e-08
8.571428671595124e-08	1.802023e-08
1.000000011686097e-07	2.748116e-08
1.698650988646798e-07	4.166407e-07
2.536219966103011e-07	2.412424e-06
3.429720249087883e-07	7.431557e-06
5.216720815057627e-07	2.530590e-05
7.383388191065692e-07	5.814126e-05
1.019882844483167e-06	1.193872e-04
1.363389411391628e-06	2.218940e-04
1.831805321567186e-06	4.076998e-04
2.442580274637502e-06	7.260185e-04
3.285733849835648e-06	1.294867e-03
4.424588615690242e-06	2.278187e-03
6.027152708736837e-06	4.023244e-03
8.291145889493424e-06	7.082264e-03
1.164849355428723e-05	1.258043e-02
1.691976712084636e-05	2.217188e-02
2.235789533035069e-05	2.994362e-02
2.554643788810441e-05	3.277855e-02
2.925051030924810e-05	3.563224e-02
3.410558743475527e-05	3.914944e-02
3.932023420204260e-05	4.271388e-02
4.908585920204260e-05	4.902494e-02
5.885148420204260e-05	5.496175e-02
6.861710920204260e-05	6.060534e-02
7.838273420204260e-05	6.597051e-02
8.814835920204261e-05	7.108915e-02
9.791398420204260e-05	7.596116e-02
1.076796092020426e-04	8.060631e-02
1.174452342020426e-04	8.502138e-02
1.272108592020426e-04	8.922355e-02
1.369764842020426e-04	9.320793e-02
1.467421092020426e-04	9.698939e-02
1.565077342020426e-04	1.005628e-01
1.662733592020426e-04	1.039415e-01
1.760389842020426e-04	1.071201e-01
1.858046092020426e-04	1.101107e-01
1.955702342020426e-04	1.129079e-01
2.053358592020426e-04	1.155228e-01
2.151014842020426e-04	1.179500e-01
2.248671092020426e-04	1.201994e-01
2.346327342020426e-04	1.222660e-01
2.443983592020426e-04	1.241588e-01
2.541639842020426e-04	1.258727e-01
2.639296092020426e-04	1.274161e-01
2.736952342020426e-04	1.287841e-01
2.834608592020426e-04	1.299842e-01
2.932264842020426e-04	1.310115e-01
3.029921092020426e-04	1.318730e-01
3.127577342020426e-04	1.325635e-01
3.225233592020426e-04	1.330892e-01
3.322889842020426e-04	1.334448e-01
3.420546092020426e-04	1.336352e-01
3.518202342020426e-04	1.336543e-01
3.615858592020426e-04	1.335056e-01
3.713514842020426e-04	1.331812e-01
3.811171092020426e-04	1.326817e-01
3.908827342020426e-04	1.319961e-01
4.006483592020426e-04	1.311194e-01
4.104139842020426e-04	1.300330e-01
4.201796092020426e-04	1.287198e-01
4.299452342020426e-04	1.271416e-01
4.397108592020426e-04	1.252463e-01
4.494764842020426e-04	1.229283e-01
4.592421092020426e-04	1.199857e-01
4.690077342020426e-04	1.159073e-01
4.787733592020426e-04	1.091102e-01
4.882969205941531e-04	9.636633e-02
4.971444601991451e-04	7.763631e-02
5.043121964939773e-04	5.921847e-02
5.100473696850999e-04	4.569728e-02
5.156980268027645e-04	3.666048e-02
5.195369657262923e-04	3.187956e-02
5.225756213464685e-04	2.800538e-02
5.258028873531048e-04	2.411896e-02
5.294475093504975e-04	1.981602e-02
5.345147522447081e-04	1.404720e-02
5.356105655353058e-04	1.282855e-02
5.378021921165014e-04	1.041087e-02
5.383500987618003e-04	9.813675e-03
5.394459120523981e-04	8.623418e-03
5.406466483211965e-04	7.328919e-03
5.409468323883962e-04	7.007187e-03
5.415472005227954e-04	6.364993e-03
5.416972925563953e-04	6.204925e-03
5.419974766235949e-04	5.885111e-03
5.423279690271477e-04	5.533468e-03
5.425931681046427e-04	5.250118e-03
5.428834996350243e-04	4.942739e-03
5.432117825496819e-04	4.596965e-03
5.435630250386732e-04	4.225628e-03
5.442655100166559e-04	3.487558e-03
5.451177614882472e-04	2.595110e-03
5.466464770961172e-04	1.007483e-03
5.487399443324639e-04	-1.143305e-03
5.522686809730847e-04	-4.705450e-03
5.584090478348583e-04	-1.072605e-02
5.681746728348583e-04	-1.985700e-02
5.779402978348583e-04	-2.847623e-02
5.877059228348583e-04	-3.661331e-02
5.974715478348583e-04	-4.429588e-02
6.072371728348584e-04	-5.154628e-02
6.170027978348584e-04	-5.838695e-02
6.267684228348584e-04	-6.483615e-02
6.365340478348584e-04	-7.091285e-02
6.462996728348584e-04	-7.663236e-02
6.560652978348584e-04	-8.201099e-02
6.658309228348584e-04	-8.706153e-02
6.755965478348583e-04	-9.179803e-02
6.853621728348583e-04	-9.623142e-02
6.951277978348583e-04	-1.003738e-01
7.048934228348583e-04	-1.042343e-01
7.146590478348583e-04	-1.078235e-01
7.244246728348583e-04	-1.111492e-01
7.341902978348584e-04	-1.142205e-01
7.439559228348584e-04	-1.170440e-01
7.537215478348584e-04	-1.196276e-01
7.634871728348584e-04	-1.219769e-01
7.732527978348584e-04	-1.240987e-01
7.830184228348584e-04	-1.259979e-01
7.927840478348584e-04	-1.276803e-01
8.025496728348583e-04	-1.291499e-01
8.123152978348583e-04	-1.304117e-01
8.220809228348583e-04	-1.314688e-01
8.318465478348583e-04	-1.323252e-01
8.416121728348583e-04	-1.329831e-01
8.513777978348584e-04	-1.334454e-01
8.611434228348584e-04	-1.337128e-01
8.709090478348584e-04	-1.337864e-01
8.806746728348584e-04	-1.336650e-01
8.904402978348584e-04	-1.333468e-01
9.002059228348584e-04	-1.328267e-01
9.099715478348584e-04	-1.320975e-01
9.197371728348584e-04	-1.311462e-01
9.295027978348583e-04	-1.299527e-01
9.392684228348583e-04	-1.284849e-01
9.490340478348583e-04	-1.266886e-01
9.587996728348583e-04	-1.244635e-01
9.685652978348583e-04	-1.216072e-01
9.783309228348584e-04	-1.176178e-01
9.880965478348584e-04	-1.109304e-01
9.978621728348584e-04	-9.786804e-02
1.007269126754251e-03	-7.771707e-02
1.014545525774439e-03	-5.895390e-02
1.020152452563739e-03	-4.626681e-02
1.024484491731621e-03	-3.950895e-02
1.029193042453107e-03	-3.348996e-02
1.032849936548351e-03	-2.892688e-02
1.036750559622855e-03	-2.429071e-02
1.042801611242443e-03	-1.734120e-02
1.049633063909380e-03	-9.865410e-03
1.059398688909380e-03	2.736726e-04
1.069164313909380e-03	9.809625e-03
1.078929938909380e-03	1.880701e-02
1.088695563909380e-03	2.728959e-02
1.098461188909380e-03	3.529739e-02
1.108226813909380e-03	4.284764e-02
1.117992438909380e-03	4.997055e-02
1.127758063909380e-03	5.668075e-02
1.137523688909380e-03	6.300264e-02
1.147289313909380e-03	6.894908e-02
1.157054938909380e-03	7.454026e-02
1.166820563909380e-03	7.978758e-02
1.176586188909380e-03	8.470787e-02
1.186351813909380e-03	8.931123e-02
1.196117438909380e-03	9.361181e-02
1.205883063909380e-03	9.761844e-02
1.215648688909380e-03	1.013431e-01
1.225414313909380e-03	1.047935e-01
1.235179938909380e-03	1.079798e-01
1.244945563909380e-03	1.109089e-01
1.254711188909380e-03	1.135891e-01
1.264476813909380e-03	1.160266e-01
1.274242438909380e-03	1.182284e-01
1.284008063909380e-03	1.201999e-01
1.293773688909380e-03	1.219467e-01
1.303539313909380e-03	1.234737e-01
1.313304938909380e-03	1.247852e-01
1.323070563909380e-03	1.258851e-01
1.332836188909380e-03	1.267765e-01
1.342601813909380e-03	1.274625e-01
1.352367438909380e-03	1.279442e-01
1.362133063909380e-03	1.282233e-01
1.371898688909380e-03	1.282986e-01
1.381664313909380e-03	1.281688e-01
1.391429938909380e-03	1.278290e-01
1.401195563909380e-03	1.272724e-01
1.410961188909380e-03	1.264863e-01
1.420726813909380e-03	1.254518e-01
1.430492438909380e-03	1.241363e-01
1.440258063909380e-03	1.224872e-01
1.450023688909380e-03	1.204062e-01
1.459789313909380e-03	1.176959e-01
1.469554938909380e-03	1.138708e-01
1.479320563909380e-03	1.074219e-01
1.488477762607978e-03	9.578853e-02
1.497963907155555e-03	7.622233e-02
1.505258012803982e-03	5.758317e-02
1.510980609554581e-03	4.415052e-02
1.516492869579961e-03	3.536413e-02
1.520280706916761e-03	3.067672e-02
1.523322053883392e-03	2.683325e-02
1.526547691398202e-03	2.297877e-02
1.530331723949616e-03	1.855245e-02
1.535700139708881e-03	1.250560e-02
1.540420056934271e-03	7.367747e-03
1.541188189685908e-03	6.548537e-03
1.542724455189181e-03	4.919599e-03
1.542882706635539e-03	4.752804e-03
1.543199209528255e-03	4.419499e-03
1.543456867075013e-03	4.148020e-03
1.543500219671747e-03	4.102336e-03
1.543586924865213e-03	4.011101e-03
1.543760335252147e-03	3.829120e-03
1.544107156026014e-03	3.465916e-03
1.544800797573749e-03	2.741990e-03
1.546188080669219e-03	1.303587e-03
1.548962646860158e-03	-1.536515e-03
1.554423270307652e-03	-6.986576e-03
1.562628273885968e-03	-1.484508e-02
1.572393898885968e-03	-2.371256e-02
1.582159523885968e-03	-3.208423e-02
1.591925148885968e-03	-3.998883e-02
1.601690773885968e-03	-4.745128e-02
1.611456398885968e-03	-5.449393e-02
1.621222023885968e-03	-6.113705e-02
1.630987648885968e-03	-6.739917e-02
1.640753273885968e-03	-7.329737e-02
1.650518898885968e-03	-7.884739e-02
1.660284523885968e-03	-8.406363e-02
1.670050148885968e-03	-8.895951e-02
1.679815773885968e-03	-9.354746e-02
1.689581398885968e-03	-9.783889e-02
1.699347023885968e-03	-1.018444e-01
1.709112648885968e-03	-1.055738e-01
1.718878273885968e-03	-1.090363e-01
1.728643898885968e-03	-1.122401e-01
1.738409523885968e-03	-1.151931e-01
1.748175148885968e-03	-1.179026e-01
1.757940773885968e-03	-1.203752e-01
1.767706398885968e-03	-1.226171e-01
1.777472023885968e-03	-1.246342e-01
1.797003273885968e-03	-1.280145e-01
1.816534523885968e-03	-1.305535e-01
1.836065773885968e-03	-1.322813e-01
1.855597023885968e-03	-1.332200e-01
1.865362648885968e-03	-1.333974e-01
1.875128273885968e-03	-1.333803e-01
1.884893898885968e-03	-1.331672e-01
1.894659523885968e-03	-1.327548e-01
1.904425148885968e-03	-1.321369e-01
1.914190773885968e-03	-1.313037e-01
1.923956398885968e-03	-1.302385e-01
1.933722023885968e-03	-1.289165e-01
1.943487648885968e-03	-1.272954e-01
1.953253273885968e-03	-1.253011e-01
1.963018898885968e-03	-1.227923e-01
1.972784523885968e-03	-1.194532e-01
1.982550148885968e-03	-1.144001e-01
1.992315773885968e-03	-1.048828e-01
2.002081398885968e-03	-8.759246e-02
2.011063590549534e-03	-6.557514e-02
2.017188814217220e-03	-5.031497e-02
2.022453374551115e-03	-4.082688e-02
2.025453246701620e-03	-3.694294e-02
2.028476362537193e-03	-3.304228e-02
2.031598053415675e-03	-2.918283e-02
2.037229592217138e-03	-2.248772e-02
2.046995217217138e-03	-1.154514e-02
2.056760842217138e-03	-1.299696e-03
2.066526467217138e-03	8.347283e-03
2.076292092217138e-03	1.743492e-02
2.086057717217138e-03	2.601473e-02
2.095823342217138e-03	3.410361e-02
2.105588967217138e-03	4.174193e-02
2.115354592217138e-03	4.893904e-02
2.125120217217138e-03	5.573020e-02
2.134885842217138e-03	6.212073e-02
2.144651467217138e-03	6.814232e-02
2.154417092217138e-03	7.379752e-02
2.164182717217138e-03	7.911523e-02
2.173948342217138e-03	8.409572e-02
2.183713967217138e-03	8.876537e-02
2.193479592217138e-03	9.312291e-02
2.203245217217138e-03	9.719249e-02
2.213010842217138e-03	1.009715e-01
2.222776467217138e-03	1.044820e-01
2.232542092217138e-03	1.077205e-01
2.242307717217138e-03	1.107073e-01
2.252073342217138e-03	1.134379e-01
2.261838967217138e-03	1.159313e-01
2.271604592217138e-03	1.181821e-01
2.281370217217138e-03	1.202079e-01
2.291135842217138e-03	1.220027e-01
2.300901467217138e-03	1.235828e-01
2.310667092217138e-03	1.249416e-01
2.320432717217138e-03	1.260939e-01
2.330198342217138e-03	1.270327e-01
2.339963967217138e-03	1.277710e-01
2.349729592217138e-03	1.283008e-01
2.359495217217138e-03	1.286333e-01
2.369260842217138e-03	1.287587e-01
2.379026467217138e-03	1.286852e-01
2.388792092217138e-03	1.283999e-01
2.398557717217138e-03	1.279060e-01
2.408323342217138e-03	1.271840e-01
2.418088967217138e-03	1.262263e-01
2.427854592217138e-03	1.249975e-01
2.437620217217138e-03	1.234617e-01
2.447385842217138e-03	1.215323e-01
2.457151467217138e-03	1.190654e-01
2.466917092217138e-03	1.157074e-01
2.476682717217138e-03	1.104744e-01
2.485245398686809e-03	1.020936e-01
2.493702751848944e-03	8.778256e-02
2.502808605854291e-03	6.629808e-02
2.509149883083071e-03	5.009769e-02
2.514603788728836e-03	3.943560e-02
2.517493476164223e-03	3.551014e-02
2.520935721121913e-03	3.105393e-02
2.524488797446857e-03	2.665334e-02
2.531594950096746e-03	1.826980e-02
2.541360575096746e-03	7.461946e-03
2.542581278221746e-03	6.164914e-03
2.542886454002996e-03	5.841070e-03
2.543496805565496e-03	5.194882e-03
2.544717508690496e-03	3.910968e-03
2.544873658396830e-03	3.747563e-03
2.545185957809497e-03	3.421069e-03
2.545530759383852e-03	3.061048e-03
2.545838164857478e-03	2.739284e-03
2.546164419904115e-03	2.400566e-03
2.546532063076663e-03	2.020362e-03
2.546956500694684e-03	1.580723e-03
2.547805375930726e-03	7.067345e-04
2.548942390586610e-03	-4.580707e-04
2.550978418919784e-03	-2.522205e-03
2.553803067217786e-03	-5.344417e-03
2.559116573903690e-03	-1.052287e-02
2.568882198903690e-03	-1.962305e-02
2.578647823903690e-03	-2.821149e-02
2.588413448903690e-03	-3.632098e-02
2.598179073903690e-03	-4.397612e-02
2.607944698903690e-03	-5.120211e-02
2.617710323903690e-03	-5.801838e-02
2.627475948903690e-03	-6.444588e-02
2.637241573903690e-03	-7.050070e-02
2.647007198903690e-03	-7.620072e-02
2.656772823903690e-03	-8.155949e-02
2.666538448903690e-03	-8.659230e-02
2.676304073903690e-03	-9.131055e-02
2.686069698903690e-03	-9.572756e-02
2.695835323903690e-03	-9.985290e-02
2.705600948903690e-03	-1.036981e-01
2.715366573903690e-03	-1.072713e-01
2.725132198903690e-03	-1.105825e-01
2.734897823903690e-03	-1.136384e-01
2.744663448903690e-03	-1.164478e-01
2.754429073903690e-03	-1.190165e-01
2.764194698903690e-03	-1.213521e-01
2.773960323903690e-03	-1.234593e-01
2.783725948903690e-03	-1.253449e-01
2.793491573903690e-03	-1.270127e-01
2.803257198903690e-03	-1.284686e-01
2.813022823903690e-03	-1.297155e-01
2.822788448903690e-03	-1.307584e-01
2.832554073903690e-03	-1.315995e-01
2.842319698903690e-03	-1.322425e-01
2.852085323903690e-03	-1.326883e-01
2.861850948903690e-03	-1.329393e-01
2.871616573903690e-03	-1.329948e-01
2.881382198903690e-03	-1.328546e-01
2.891147823903690e-03	-1.325151e-01
2.900913448903690e-03	-1.319720e-01
2.910679073903690e-03	-1.312157e-01
2.920444698903690e-03	-1.302333e-01
2.930210323903690e-03	-1.290008e-01
2.939975948903690e-03	-1.274836e-01
2.949741573903690e-03	-1.256186e-01
2.959507198903690e-03	-1.232903e-01
2.969272823903690e-03	-1.202530e-01
2.979038448903690e-03	-1.158680e-01
2.988804073903690e-03	-1.080883e-01
2.998569698903690e-03	-9.317999e-02
3.007535699457932e-03	-7.266190e-02
3.014473615177263e-03	-5.477658e-02
3.020005682731808e-03	-4.331439e-02
3.023478674611165e-03	-3.836777e-02
3.027166764582466e-03	-3.359995e-02
3.031902129197894e-03	-2.773641e-02
3.036809867540729e-03	-2.194446e-02
3.046575492540729e-03	-1.102167e-02
3.056341117540729e-03	-8.004028e-04
3.066106742540729e-03	8.830152e-03
3.075872367540730e-03	1.789948e-02
3.085637992540729e-03	2.646506e-02
3.095403617540730e-03	3.453932e-02
3.105169242540729e-03	4.216541e-02
3.114934867540730e-03	4.935076e-02
3.124700492540729e-03	5.613159e-02
3.134466117540730e-03	6.251275e-02
3.144231742540729e-03	6.852578e-02
3.153997367540730e-03	7.417370e-02
3.163762992540729e-03	7.948443e-02
3.173528617540730e-03	8.445945e-02
3.183294242540729e-03	8.912369e-02
3.193059867540729e-03	9.347740e-02
3.202825492540729e-03	9.754294e-02
3.212591117540729e-03	1.013196e-01
3.222356742540729e-03	1.048273e-01
3.232122367540729e-03	1.080647e-01
3.241887992540729e-03	1.110499e-01
3.251653617540729e-03	1.137807e-01
3.261419242540729e-03	1.162735e-01
3.271184867540729e-03	1.185255e-01
3.280950492540729e-03	1.205517e-01
3.290716117540729e-03	1.223487e-01
3.300481742540729e-03	1.239302e-01
3.310247367540729e-03	1.252922e-01
3.320012992540730e-03	1.264470e-01
3.329778617540729e-03	1.273900e-01
3.339544242540730e-03	1.281318e-01
3.349309867540729e-03	1.286670e-01
3.359075492540730e-03	1.290043e-01
3.368841117540729e-03	1.291365e-01
3.378606742540730e-03	1.290695e-01
3.388372367540729e-03	1.287931e-01
3.398137992540730e-03	1.283084e-01
3.407903617540729e-03	1.275988e-01
3.417669242540730e-03	1.266551e-01
3.427434867540729e-03	1.254456e-01
3.437200492540729e-03	1.239345e-01
3.446966117540729e-03	1.220423e-01
3.456731742540729e-03	1.196343e-01
3.466497367540729e-03	1.163911e-01
3.476262992540729e-03	1.114429e-01
3.486028617540729e-03	1.020587e-01
3.495395457621973e-03	8.576933e-02
3.504410365137487e-03	6.396035e-02
3.510645724612753e-03	4.831301e-02
3.516325719613408e-03	3.797913e-02
3.519290131939995e-03	3.418658e-02
3.522282111665068e-03	3.034325e-02
3.525389249393141e-03	2.651753e-02
3.530303218182437e-03	2.067943e-02
3.540068843182437e-03	9.719087e-03
3.540824275079874e-03	8.905436e-03
3.542335138874746e-03	7.282781e-03
3.545356866464490e-03	4.085408e-03
3.545779129802688e-03	3.644161e-03
3.546623656479083e-03	2.763964e-03
3.547122805153078e-03	2.245402e-03
3.547208911305649e-03	2.156023e-03
3.547381123610793e-03	1.977482e-03
3.547725548221079e-03	1.621514e-03
3.548414397441652e-03	9.120614e-04
3.549351923316906e-03	-4.869690e-05
3.551226975067412e-03	-1.953697e-03
3.554977078568425e-03	-5.698858e-03
3.561484058485478e-03	-1.199848e-02
3.571249683485479e-03	-2.100569e-02
3.581015308485478e-03	-2.950743e-02
3.590780933485479e-03	-3.753398e-02
3.600546558485478e-03	-4.511087e-02
3.610312183485479e-03	-5.226134e-02
3.620077808485478e-03	-5.900595e-02
3.629843433485479e-03	-6.536394e-02
3.639609058485478e-03	-7.135253e-02
3.649374683485479e-03	-7.698802e-02
3.659140308485478e-03	-8.228509e-02
3.668905933485479e-03	-8.725753e-02
3.678671558485478e-03	-9.191787e-02
3.688437183485479e-03	-9.627803e-02
3.698202808485478e-03	-1.003486e-01
3.707968433485479e-03	-1.041399e-01
3.717734058485478e-03	-1.076610e-01
3.727499683485479e-03	-1.109207e-01
3.737265308485479e-03	-1.139268e-01
3.747030933485479e-03	-1.166869e-01
3.756796558485479e-03	-1.192076e-01
3.766562183485478e-03	-1.214954e-01
3.786093433485478e-03	-1.253955e-01
3.805624683485478e-03	-1.284287e-01
3.825155933485478e-03	-1.306297e-01
3.844687183485478e-03	-1.320254e-01
3.854452808485479e-03	-1.324271e-01
3.864218433485478e-03	-1.326331e-01
3.873984058485479e-03	-1.326433e-01
3.883749683485478e-03	-1.324561e-01
3.893515308485479e-03	-1.320682e-01
3.903280933485478e-03	-1.314736e-01
3.913046558485478e-03	-1.306622e-01
3.922812183485479e-03	-1.296175e-01
3.932577808485479e-03	-1.283145e-01
3.942343433485478e-03	-1.267106e-01
3.952109058485478e-03	-1.247313e-01
3.961874683485479e-03	-1.222344e-01
3.971640308485479e-03	-1.189006e-01
3.981405933485479e-03	-1.138357e-01
3.991171558485478e-03	-1.042638e-01
4.000937183485479e-03	-8.690258e-02
4.009971723806280e-03	-6.471758e-02
4.016053244687393e-03	-4.962283e-02
4.021320343836820e-03	-4.022048e-02
4.024324497419166e-03	-3.635161e-02
4.027311940913228e-03	-3.250249e-02
4.030410118851069e-03	-2.867819e-02
4.035758637089441e-03	-2.231972e-02
4.045524262089442e-03	-1.136695e-02
4.055289887089442e-03	-1.113164e-03
4.065055512089442e-03	8.542032e-03
4.074821137089442e-03	1.763781e-02
4.084586762089441e-03	2.622620e-02
4.094352387089442e-03	3.432399e-02
4.104118012089442e-03	4.197170e-02
4.113883637089442e-03	4.917870e-02
4.123649262089441e-03	5.598022e-02
4.133414887089442e-03	6.238167e-02
4.143180512089442e-03	6.841465e-02
4.152946137089442e-03	7.408185e-02
4.162711762089441e-03	7.941198e-02
4.172477387089442e-03	8.440550e-02
4.182243012089442e-03	8.908862e-02
4.192008637089442e-03	9.346024e-02
4.201774262089441e-03	9.754431e-02
4.211539887089442e-03	1.013384e-01
4.221305512089442e-03	1.048645e-01
4.231071137089442e-03	1.081190e-01
4.240836762089441e-03	1.111223e-01
4.250602387089442e-03	1.138700e-01
4.260368012089442e-03	1.163808e-01
4.270133637089442e-03	1.186496e-01
4.279899262089441e-03	1.206938e-01
4.289664887089442e-03	1.225077e-01
4.299430512089442e-03	1.241072e-01
4.309196137089442e-03	1.254862e-01
4.318961762089442e-03	1.266593e-01
4.328727387089441e-03	1.276195e-01
4.338493012089442e-03	1.283801e-01
4.348258637089442e-03	1.289331e-01
4.358024262089442e-03	1.292900e-01
4.367789887089441e-03	1.294412e-01
4.377555512089442e-03	1.293952e-01
4.387321137089442e-03	1.291400e-01
4.397086762089442e-03	1.286792e-01
4.406852387089441e-03	1.279949e-01
4.416618012089442e-03	1.270811e-01
4.426383637089442e-03	1.259058e-01
4.436149262089442e-03	1.244386e-01
4.445914887089441e-03	1.226048e-01
4.455680512089442e-03	1.202863e-01
4.465446137089442e-03	1.172030e-01
4.475211762089442e-03	1.126317e-01
4.484000667689544e-03	1.054077e-01
4.492765287500440e-03	9.229098e-02
4.501907359080179e-03	7.188622e-02
4.508930459542777e-03	5.377350e-02
4.514453327813594e-03	4.194405e-02
4.517810109171207e-03	3.696938e-02
4.521823184483155e-03	3.176477e-02
4.525913933170007e-03	2.667844e-02
4.530470466827937e-03	2.126297e-02
4.539583534143797e-03	1.097958e-02
4.540804237268797e-03	9.657993e-03
4.543245643518797e-03	7.034231e-03
4.543855995081297e-03	6.385889e-03
4.545076698206297e-03	5.094516e-03
4.546359254631824e-03	3.748888e-03
4.546679893738205e-03	3.414505e-03
4.547321171950969e-03	2.747128e-03
4.547481491504160e-03	2.580809e-03
4.547802130610542e-03	2.248521e-03
4.548443408823305e-03	1.585509e-03
4.548516003927248e-03	1.510420e-03
4.548661194135134e-03	1.360364e-03
4.548951574550906e-03	1.061468e-03
4.549520316156586e-03	4.780058e-04
4.550102251077260e-03	-1.170467e-04
4.551266120918608e-03	-1.300509e-03
4.553593860601304e-03	-3.642748e-03
4.558249339966695e-03	-8.228437e-03
4.565800524072483e-03	-1.539869e-02
4.575566149072483e-03	-2.420701e-02
4.585331774072483e-03	-3.252198e-02
4.595097399072483e-03	-4.037147e-02
4.604863024072483e-03	-4.778038e-02
4.614628649072483e-03	-5.477050e-02
4.624394274072483e-03	-6.136223e-02
4.634159899072483e-03	-6.757362e-02
4.643925524072483e-03	-7.342192e-02
4.653691149072483e-03	-7.892244e-02
4.663456774072483e-03	-8.408981e-02
4.673222399072483e-03	-8.893701e-02
4.682988024072483e-03	-9.347673e-02
4.692753649072483e-03	-9.771997e-02
4.702519274072483e-03	-1.016776e-01
4.712284899072483e-03	-1.053591e-01
4.722050524072483e-03	-1.087738e-01
4.731816149072483e-03	-1.119297e-01
4.741581774072483e-03	-1.148349e-01
4.751347399072483e-03	-1.174964e-01
4.761113024072483e-03	-1.199209e-01
4.770878649072483e-03	-1.221145e-01
4.780644274072483e-03	-1.240832e-01
4.800175524072483e-03	-1.273656e-01
4.819706774072483e-03	-1.298050e-01
4.839238024072483e-03	-1.314306e-01
4.849003649072483e-03	-1.319448e-01
4.858769274072483e-03	-1.322626e-01
4.868534899072483e-03	-1.323840e-01
4.878300524072483e-03	-1.323087e-01
4.888066149072483e-03	-1.320341e-01
4.897831774072483e-03	-1.315559e-01
4.907597399072483e-03	-1.308661e-01
4.917363024072483e-03	-1.299523e-01
4.927128649072483e-03	-1.287934e-01
4.936894274072483e-03	-1.273581e-01
4.946659899072483e-03	-1.255906e-01
4.956425524072483e-03	-1.233902e-01
4.966191149072483e-03	-1.205508e-01
4.975956774072483e-03	-1.165616e-01
4.985722399072483e-03	-1.098232e-01
4.995488024072483e-03	-9.664478e-02
5.004848913452105e-03	-7.650466e-02
5.012110623164832e-03	-5.778172e-02
5.017704938854377e-03	-4.520823e-02
5.021931259225628e-03	-3.866277e-02
5.026521543185837e-03	-3.279114e-02
5.030198353638384e-03	-2.820751e-02
5.034113694489143e-03	-2.355368e-02
5.040385637997392e-03	-1.636147e-02
5.047491828785829e-03	-8.607032e-03
5.057257453785829e-03	1.495896e-03
5.067023078785829e-03	1.100076e-02
5.076788703785830e-03	1.997052e-02
5.086554328785829e-03	2.842907e-02
5.096319953785829e-03	3.641592e-02
5.106085578785829e-03	4.394817e-02
5.115851203785830e-03	5.105599e-02
5.125616828785829e-03	5.775364e-02
5.135382453785829e-03	6.406574e-02
5.145148078785829e-03	7.000464e-02
5.154913703785830e-03	7.559088e-02
5.164679328785829e-03	8.083532e-02
5.174444953785829e-03	8.575511e-02
5.184210578785829e-03	9.035976e-02
5.193976203785830e-03	9.466389e-02
5.203741828785829e-03	9.867572e-02
5.213507453785829e-03	1.024077e-01
5.223273078785829e-03	1.058669e-01
5.233038703785829e-03	1.090640e-01
5.242804328785830e-03	1.120052e-01
5.252569953785829e-03	1.146994e-01
5.262335578785829e-03	1.171521e-01
5.272101203785829e-03	1.193710e-01
5.281866828785830e-03	1.213607e-01
5.291632453785829e-03	1.231276e-01
5.301398078785829e-03	1.246758e-01
5.311163703785829e-03	1.260103e-01
5.320929328785830e-03	1.271346e-01
5.330694953785829e-03	1.280526e-01
5.340460578785829e-03	1.287665e-01
5.350226203785829e-03	1.292789e-01
5.359991828785830e-03	1.295906e-01
5.369757453785829e-03	1.297021e-01
5.379523078785829e-03	1.296117e-01
5.389288703785829e-03	1.293165e-01
5.399054328785830e-03	1.288105e-01
5.408819953785829e-03	1.280838e-01
5.418585578785829e-03	1.271208e-01
5.428351203785829e-03	1.258959e-01
5.438116828785830e-03	1.243671e-01
5.447882453785829e-03	1.224612e-01
5.457648078785829e-03	1.200372e-01
5.467413703785829e-03	1.167816e-01
5.477179328785829e-03	1.118176e-01
5.485795757460745e-03	1.039576e-01
5.494340122742959e-03	9.019277e-02
5.503409229384927e-03	6.926703e-02
5.510437622567014e-03	5.128556e-02
5.516042618109125e-03	4.015636e-02
5.519293239628764e-03	3.572431e-02
5.522825796630301e-03	3.117070e-02
5.526953755663708e-03	2.607749e-02
5.535209673730523e-03	1.645129e-02
5.544975298730524e-03	5.783562e-03
5.546196001855523e-03	4.503391e-03
5.546501177636773e-03	4.183643e-03
5.547111529199273e-03	3.545506e-03
5.548332232324273e-03	2.277307e-03
5.548480787978970e-03	2.123736e-03
5.548777899288362e-03	1.816869e-03
5.549099202874998e-03	1.485353e-03
5.549401665788099e-03	1.172511e-03
5.549718026808041e-03	8.478916e-04
5.550069608968623e-03	4.885374e-04
5.550495755017871e-03	5.227474e-05
5.551348047116367e-03	-8.151151e-04
5.552452855317187e-03	-1.933985e-03
5.554481465170467e-03	-3.967543e-03
5.557243939510062e-03	-6.697461e-03
5.562528093620511e-03	-1.179296e-02
5.572293718620511e-03	-2.079847e-02
5.582059343620511e-03	-2.929732e-02
5.591824968620511e-03	-3.732116e-02
5.601590593620511e-03	-4.489411e-02
5.611356218620511e-03	-5.204079e-02
5.621121843620511e-03	-5.878040e-02
5.630887468620511e-03	-6.513350e-02
5.640653093620511e-03	-7.111605e-02
5.650418718620511e-03	-7.674557e-02
5.660184343620511e-03	-8.203559e-02
5.669949968620511e-03	-8.700105e-02
5.679715593620511e-03	-9.165335e-02
5.689481218620511e-03	-9.600554e-02
5.699246843620511e-03	-1.000672e-01
5.709012468620511e-03	-1.038496e-01
5.718778093620511e-03	-1.073609e-01
5.728543718620511e-03	-1.106108e-01
5.738309343620511e-03	-1.136062e-01
5.748074968620511e-03	-1.163556e-01
5.757840593620511e-03	-1.188648e-01
5.767606218620511e-03	-1.211413e-01
5.777371843620511e-03	-1.231898e-01
5.787137468620511e-03	-1.250168e-01
5.796903093620511e-03	-1.266263e-01
5.806668718620511e-03	-1.280238e-01
5.816434343620511e-03	-1.292125e-01
5.826199968620511e-03	-1.301969e-01
5.835965593620511e-03	-1.309790e-01
5.845731218620511e-03	-1.315624e-01
5.855496843620511e-03	-1.319479e-01
5.865262468620511e-03	-1.321371e-01
5.875028093620511e-03	-1.321290e-01
5.884793718620511e-03	-1.319226e-01
5.894559343620511e-03	-1.315134e-01
5.904324968620511e-03	-1.308953e-01
5.914090593620511e-03	-1.300569e-01
5.923856218620511e-03	-1.289806e-01
5.933621843620511e-03	-1.276384e-01
5.943387468620511e-03	-1.259840e-01
5.953153093620511e-03	-1.239330e-01
5.962918718620511e-03	-1.213224e-01
5.972684343620511e-03	-1.177710e-01
5.982449968620511e-03	-1.121601e-01
5.992215593620511e-03	-1.012680e-01
6.001981218620511e-03	-8.238576e-02
6.010188366376750e-03	-6.169024e-02
6.016065252351349e-03	-4.756068e-02
6.022140481606271e-03	-3.764783e-02
6.025711691228623e-03	-3.326658e-02
6.028622621406582e-03	-2.955717e-02
6.031717551395943e-03	-2.583715e-02
6.035134404918598e-03	-2.180902e-02
6.040520169041115e-03	-1.568775e-02
6.050285794041115e-03	-5.151411e-03
6.060051419041115e-03	4.749073e-03
6.069817044041114e-03	1.407601e-02
6.079582669041115e-03	2.287688e-02
6.089348294041115e-03	3.117871e-02
6.099113919041115e-03	3.901734e-02
6.108879544041114e-03	4.640862e-02
6.118645169041115e-03	5.338409e-02
6.128410794041115e-03	5.995386e-02
6.138176419041115e-03	6.614669e-02
6.147942044041114e-03	7.196890e-02
6.157707669041115e-03	7.744692e-02
6.167473294041115e-03	8.258429e-02
6.177238919041115e-03	8.740531e-02
6.187004544041115e-03	9.191122e-02
6.196770169041115e-03	9.612463e-02
6.206535794041115e-03	1.000450e-01
6.216301419041115e-03	1.036931e-01
6.226067044041115e-03	1.070671e-01
6.235832669041115e-03	1.101863e-01
6.245598294041115e-03	1.130476e-01
6.255363919041115e-03	1.156691e-01
6.265129544041115e-03	1.180467e-01
6.274895169041115e-03	1.201973e-01
6.284660794041115e-03	1.221159e-01
6.294426419041115e-03	1.238183e-01
6.304192044041115e-03	1.252988e-01
6.313957669041114e-03	1.265720e-01
6.323723294041115e-03	1.276316e-01
6.333488919041115e-03	1.284908e-01
6.343254544041115e-03	1.291423e-01
6.353020169041114e-03	1.295976e-01
6.362785794041115e-03	1.298483e-01
6.372551419041115e-03	1.299034e-01
6.382317044041115e-03	1.297519e-01
6.392082669041114e-03	1.293992e-01
6.401848294041115e-03	1.288296e-01
6.411613919041115e-03	1.280407e-01
6.421379544041115e-03	1.270061e-01
6.431145169041115e-03	1.257055e-01
6.440910794041115e-03	1.240827e-01
6.450676419041115e-03	1.220600e-01
6.460442044041115e-03	1.194601e-01
6.470207669041115e-03	1.158940e-01
6.479973294041115e-03	1.101704e-01
6.487921979204408e-03	1.017651e-01
6.495604386190597e-03	8.841191e-02
6.504941285099120e-03	6.631104e-02
6.511273817395700e-03	5.018947e-02
6.516773399454993e-03	3.965349e-02
6.520269042903102e-03	3.500642e-02
6.523604087136081e-03	3.072587e-02
6.527467910025397e-03	2.597607e-02
6.535195555804029e-03	1.695847e-02
6.544961180804030e-03	6.263360e-03
6.546181883929030e-03	4.980578e-03
6.548623290179029e-03	2.432377e-03
6.548773440201090e-03	2.277095e-03
6.549073740245211e-03	1.966924e-03
6.549674340333454e-03	1.348056e-03
6.549995695806512e-03	1.015638e-03
6.550385577625955e-03	6.165932e-04
6.550764154976153e-03	2.307763e-04
6.551148480201279e-03	-1.622605e-04
6.551917130651529e-03	-9.429998e-04
6.552785102099910e-03	-1.821890e-03
6.554260133433308e-03	-3.302956e-03
6.556102912226112e-03	-5.135838e-03
6.559079568135474e-03	-8.052011e-03
6.564367738668572e-03	-1.310695e-02
6.574092397038073e-03	-2.199587e-02
6.583858022038073e-03	-3.042297e-02
6.593623647038073e-03	-3.837719e-02
6.603389272038073e-03	-4.588554e-02
6.613154897038073e-03	-5.296896e-02
6.622920522038073e-03	-5.964966e-02
6.632686147038073e-03	-6.594472e-02
6.642451772038073e-03	-7.187305e-02
6.652217397038073e-03	-7.744892e-02
6.661983022038073e-03	-8.268868e-02
6.671748647038073e-03	-8.760417e-02
6.681514272038073e-03	-9.220955e-02
6.691279897038073e-03	-9.651489e-02
6.701045522038073e-03	-1.005324e-01
6.710811147038073e-03	-1.042706e-01
6.720576772038073e-03	-1.077402e-01
6.730342397038073e-03	-1.109481e-01
6.740108022038073e-03	-1.139038e-01
6.749873647038073e-03	-1.166132e-01
6.759639272038073e-03	-1.190844e-01
6.769404897038073e-03	-1.213224e-01
6.779170522038073e-03	-1.233343e-01
6.788936147038073e-03	-1.251242e-01
6.798701772038073e-03	-1.266983e-01
6.808467397038073e-03	-1.280597e-01
6.818233022038073e-03	-1.292138e-01
6.827998647038073e-03	-1.301628e-01
6.837764272038073e-03	-1.309109e-01
6.847529897038073e-03	-1.314592e-01
6.857295522038073e-03	-1.318105e-01
6.867061147038073e-03	-1.319643e-01
6.876826772038073e-03	-1.319212e-01
6.886592397038073e-03	-1.316779e-01
6.896358022038073e-03	-1.312312e-01
6.906123647038073e-03	-1.305727e-01
6.915889272038073e-03	-1.296912e-01
6.925654897038073e-03	-1.285658e-01
6.935420522038073e-03	-1.271669e-01
6.945186147038073e-03	-1.254408e-01
6.954951772038073e-03	-1.232927e-01
6.964717397038073e-03	-1.205290e-01
6.974483022038073e-03	-1.166810e-01
6.984248647038073e-03	-1.103005e-01
6.994014272038073e-03	-9.778894e-02
7.003613396833386e-03	-7.767158e-02
7.010952132980312e-03	-5.880816e-02
7.016581619793297e-03	-4.582825e-02
7.021285196731944e-03	-3.836145e-02
7.025390496530176e-03	-3.314885e-02
7.028744272769482e-03	-2.892904e-02
7.032285553119209e-03	-2.468779e-02
7.037384350102031e-03	-1.876327e-02
7.043882835606813e-03	-1.154368e-02
7.053648460606813e-03	-1.254965e-03
7.063414085606813e-03	8.420677e-03
7.073179710606813e-03	1.754600e-02
7.082945335606813e-03	2.615366e-02
7.092710960606813e-03	3.427887e-02
7.102476585606813e-03	4.194545e-02
7.112242210606813e-03	4.917872e-02
7.122007835606813e-03	5.599901e-02
7.131773460606813e-03	6.242606e-02
7.141539085606813e-03	6.847787e-02
7.151304710606813e-03	7.417028e-02
7.161070335606813e-03	7.951945e-02
7.170835960606813e-03	8.453801e-02
7.180601585606813e-03	8.924045e-02
7.190367210606813e-03	9.363709e-02
7.200132835606813e-03	9.774087e-02
7.209898460606813e-03	1.015600e-01
7.219664085606813e-03	1.051062e-01
7.229429710606813e-03	1.083860e-01
7.239195335606813e-03	1.114100e-01
7.248960960606813e-03	1.141832e-01
7.258726585606813e-03	1.167151e-01
7.268492210606813e-03	1.190098e-01
7.278257835606813e-03	1.210757e-01
7.288023460606813e-03	1.229158e-01
7.297789085606813e-03	1.245379e-01
7.307554710606813e-03	1.259436e-01
7.317320335606813e-03	1.271401e-01
7.327085960606813e-03	1.281280e-01
7.336851585606813e-03	1.289131e-01
7.346617210606813e-03	1.294951e-01
7.356382835606813e-03	1.298783e-01
7.366148460606813e-03	1.300604e-01
7.375914085606813e-03	1.300437e-01
7.385679710606813e-03	1.298231e-01
7.395445335606813e-03	1.293965e-01
7.405210960606813e-03	1.287534e-01
7.414976585606813e-03	1.278835e-01
7.424742210606813e-03	1.267635e-01
7.434507835606813e-03	1.253623e-01
7.444273460606813e-03	1.236202e-01
7.454039085606813e-03	1.214347e-01
7.463804710606813e-03	1.185865e-01
7.473570335606813e-03	1.145322e-01
7.483335960606813e-03	1.075399e-01
7.492183933627533e-03	9.556078e-02
7.500776958306280e-03	7.748676e-02
7.508131206387859e-03	5.871277e-02
7.514013545982504e-03	4.496221e-02
7.519028967818269e-03	3.692055e-02
7.522782445926418e-03	3.220982e-02
7.525915725312525e-03	2.824791e-02
7.529223974339001e-03	2.427022e-02
7.533766437505240e-03	1.895828e-02
7.540525740444822e-03	1.139566e-02
7.541746443569822e-03	1.007051e-02
7.544187849819822e-03	7.442932e-03
7.546374786796033e-03	5.126670e-03
7.548497733057744e-03	2.908037e-03
7.548841725332644e-03	2.551774e-03
7.549529709882444e-03	1.840896e-03
7.549662557373741e-03	1.704048e-03
7.549928252356336e-03	1.430578e-03
7.550219352882847e-03	1.131200e-03
7.550492670218486e-03	8.491658e-04
7.550778026149224e-03	5.571304e-04
7.551093636350678e-03	2.356285e-04
7.551476498216422e-03	-1.554457e-04
7.552242221947910e-03	-9.330774e-04
7.553144712413763e-03	-1.846060e-03
7.554859012539222e-03	-3.565288e-03
7.557137423522903e-03	-5.823371e-03
7.561165502730996e-03	-9.739003e-03
7.568452003017819e-03	-1.658710e-02
7.578217628017819e-03	-2.531196e-02
7.587983253017819e-03	-3.354819e-02
7.597748878017819e-03	-4.132207e-02
7.607514503017819e-03	-4.865892e-02
7.617280128017819e-03	-5.557934e-02
7.627045753017819e-03	-6.210424e-02
7.636811378017819e-03	-6.825066e-02
7.646577003017819e-03	-7.403639e-02
7.656342628017819e-03	-7.947583e-02
7.666108253017819e-03	-8.458412e-02
7.675873878017819e-03	-8.937342e-02
7.685639503017819e-03	-9.385694e-02
7.695405128017819e-03	-9.804491e-02
7.705170753017819e-03	-1.019487e-01
7.714936378017819e-03	-1.055771e-01
7.724702003017819e-03	-1.089398e-01
7.734467628017819e-03	-1.120444e-01
7.744233253017819e-03	-1.148993e-01
7.753998878017819e-03	-1.175107e-01
7.763764503017819e-03	-1.198862e-01
7.773530128017819e-03	-1.220310e-01
7.783295753017819e-03	-1.239515e-01
7.793061378017819e-03	-1.256521e-01
7.802827003017819e-03	-1.271384e-01
7.812592628017818e-03	-1.284138e-01
7.822358253017818e-03	-1.294829e-01
7.832123878017820e-03	-1.303483e-01
7.841889503017820e-03	-1.310133e-01
7.851655128017819e-03	-1.314794e-01
7.861420753017819e-03	-1.317484e-01
7.871186378017819e-03	-1.318198e-01
7.880952003017819e-03	-1.316931e-01
7.890717628017819e-03	-1.313645e-01
7.900483253017818e-03	-1.308293e-01
7.910248878017820e-03	-1.300775e-01
7.920014503017820e-03	-1.290948e-01
7.929780128017819e-03	-1.278558e-01
7.939545753017819e-03	-1.263231e-01
7.949311378017819e-03	-1.244278e-01
7.959077003017819e-03	-1.220417e-01
7.968842628017819e-03	-1.188855e-01
7.978608253017818e-03	-1.142036e-01
7.988373878017818e-03	-1.055896e-01
7.998139503017820e-03	-8.946402e-02
8.007005157281246e-03	-6.840488e-02
8.013574207139289e-03	-5.166325e-02
8.019152526621276e-03	-4.092591e-02
8.022356108610499e-03	-3.664761e-02
8.025757674769292e-03	-3.226427e-02
8.029303972988353e-03	-2.789224e-02
8.036396569426472e-03	-1.954282e-02
8.046162194426472e-03	-8.751601e-03
8.055927819426472e-03	1.368829e-03
8.065693444426472e-03	1.090164e-02
8.075459069426472e-03	1.988678e-02
8.085224694426471e-03	2.837097e-02
8.094990319426471e-03	3.637245e-02
8.104755944426471e-03	4.392908e-02
8.114521569426471e-03	5.105118e-02
8.124287194426472e-03	5.777244e-02
8.134052819426472e-03	6.409870e-02
8.143818444426472e-03	7.006069e-02
8.153584069426472e-03	7.566112e-02
8.163349694426471e-03	8.092833e-02
8.173115319426471e-03	8.586241e-02
8.182880944426471e-03	9.048962e-02
8.192646569426471e-03	9.480833e-02
8.202412194426472e-03	9.884265e-02
8.212177819426472e-03	1.025895e-01
8.221943444426472e-03	1.060712e-01
8.231709069426472e-03	1.092836e-01
8.241474694426472e-03	1.122473e-01
8.251240319426471e-03	1.149572e-01
8.261005944426471e-03	1.174326e-01
8.270771569426471e-03	1.196676e-01
8.280537194426472e-03	1.216802e-01
8.290302819426472e-03	1.234638e-01
8.300068444426472e-03	1.250352e-01
8.309834069426472e-03	1.263871e-01
8.319599694426472e-03	1.275351e-01
8.329365319426471e-03	1.284713e-01
8.339130944426471e-03	1.292097e-01
8.348896569426471e-03	1.297415e-01
8.358662194426471e-03	1.300791e-01
8.368427819426472e-03	1.302119e-01
8.378193444426472e-03	1.301495e-01
8.387959069426472e-03	1.298789e-01
8.397724694426472e-03	1.294050e-01
8.407490319426471e-03	1.287088e-01
8.417255944426471e-03	1.277860e-01
8.427021569426471e-03	1.266041e-01
8.436787194426471e-03	1.251350e-01
8.446552819426472e-03	1.233048e-01
8.456318444426472e-03	1.210019e-01
8.466084069426472e-03	1.179585e-01
8.475849694426472e-03	1.134988e-01
8.485615319426472e-03	1.054161e-01
8.495380944426471e-03	9.004559e-02
8.504305569059501e-03	6.932752e-02
8.510891741989702e-03	5.237371e-02
8.516337355964132e-03	4.124864e-02
8.519378887969569e-03	3.693838e-02
8.522983108114645e-03	3.225413e-02
8.527585701443184e-03	2.655823e-02
8.535195465042257e-03	1.764372e-02
8.544961090042257e-03	6.916995e-03
8.546181793167257e-03	5.628685e-03
8.548623199417257e-03	3.072394e-03
8.549046008665170e-03	2.634595e-03
8.549891627160997e-03	1.761256e-03
8.550007586642566e-03	1.641889e-03
8.550239505605706e-03	1.403337e-03
8.550577936771149e-03	1.055571e-03
8.550865827344536e-03	7.587959e-04
8.551168662134708e-03	4.492466e-04
8.551519526634622e-03	9.216857e-05
8.551904548045906e-03	-3.006590e-04
8.552674590868475e-03	-1.081637e-03
8.553612461190739e-03	-2.029119e-03
8.555291418772412e-03	-3.710493e-03
8.557561459567296e-03	-5.957475e-03
8.561458371884885e-03	-9.742368e-03
8.568622141941110e-03	-1.647462e-02
8.578387766941109e-03	-2.520183e-02
8.588153391941109e-03	-3.344021e-02
8.597919016941109e-03	-4.121589e-02
8.607684641941109e-03	-4.855439e-02
8.617450266941110e-03	-5.547614e-02
8.627215891941110e-03	-6.200223e-02
8.636981516941110e-03	-6.814955e-02
8.646747141941110e-03	-7.393605e-02
8.656512766941109e-03	-7.937599e-02
8.666278391941109e-03	-8.448467e-02
8.676044016941109e-03	-8.927410e-02
8.685809641941109e-03	-9.375766e-02
8.695575266941110e-03	-9.794543e-02
8.705340891941110e-03	-1.018490e-01
8.715106516941110e-03	-1.054768e-01
8.724872141941110e-03	-1.088390e-01
8.734637766941110e-03	-1.119427e-01
8.744403391941109e-03	-1.147968e-01
8.754169016941109e-03	-1.174072e-01
8.763934641941109e-03	-1.197815e-01
8.773700266941110e-03	-1.219250e-01
8.783465891941110e-03	-1.238442e-01
8.793231516941110e-03	-1.255433e-01
8.802997141941110e-03	-1.270279e-01
8.812762766941110e-03	-1.283015e-01
8.822528391941109e-03	-1.293688e-01
8.832294016941109e-03	-1.302321e-01
8.842059641941109e-03	-1.308950e-01
8.851825266941109e-03	-1.313588e-01
8.861590891941110e-03	-1.316252e-01
8.871356516941110e-03	-1.316938e-01
8.881122141941110e-03	-1.315641e-01
8.890887766941110e-03	-1.312321e-01
8.900653391941109e-03	-1.306931e-01
8.910419016941109e-03	-1.299367e-01
8.920184641941109e-03	-1.289487e-01
8.929950266941109e-03	-1.277030e-01
8.939715891941110e-03	-1.261615e-01
8.949481516941110e-03	-1.242540e-01
8.959247141941110e-03	-1.218486e-01
8.969012766941110e-03	-1.186569e-01
8.978778391941110e-03	-1.138910e-01
8.988544016941109e-03	-1.050528e-01
8.998309641941109e-03	-8.862415e-02
9.007173564160977e-03	-6.738963e-02
9.013642001049841e-03	-5.098312e-02
9.019258553141805e-03	-4.039346e-02
9.022417872300357e-03	-3.624342e-02
9.025803199540000e-03	-3.188832e-02
9.029130626134333e-03	-2.779316e-02
9.035785479322997e-03	-1.994721e-02
9.045551104322999e-03	-9.125335e-03
9.055316729322999e-03	1.020556e-03
9.065082354322998e-03	1.057713e-02
9.074847979322998e-03	1.958387e-02
9.084613604322998e-03	2.808892e-02
9.094379229322998e-03	3.610980e-02
9.104144854322998e-03	4.368535e-02
9.113910479322997e-03	5.082522e-02
9.123676104322997e-03	5.756388e-02
9.133441729322999e-03	6.390660e-02
9.143207354322998e-03	6.988475e-02
9.152972979322998e-03	7.550055e-02
9.162738604322998e-03	8.078289e-02
9.172504229322998e-03	8.573143e-02
9.182269854322998e-03	9.037293e-02
9.192035479322997e-03	9.470534e-02
9.201801104322997e-03	9.875324e-02
9.211566729322999e-03	1.025132e-01
9.221332354322999e-03	1.060079e-01
9.231097979322998e-03	1.092328e-01
9.240863604322998e-03	1.122090e-01
9.250629229322998e-03	1.149310e-01
9.260394854322998e-03	1.174186e-01
9.270160479322997e-03	1.196653e-01
9.279926104322997e-03	1.216897e-01
9.289691729322999e-03	1.234848e-01
9.299457354322999e-03	1.250677e-01
9.309222979322998e-03	1.264309e-01
9.318988604322998e-03	1.275904e-01
9.328754229322998e-03	1.285378e-01
9.338519854322998e-03	1.292877e-01
9.348285479322998e-03	1.298308e-01
9.358051104322997e-03	1.301799e-01
9.367816729322997e-03	1.303244e-01
9.377582354322999e-03	1.302743e-01
9.387347979322998e-03	1.300162e-01
9.397113604322998e-03	1.295556e-01
9.406879229322998e-03	1.288737e-01
9.416644854322998e-03	1.279669e-01
9.426410479322998e-03	1.268033e-01
9.436176104322997e-03	1.253565e-01
9.445941729322997e-03	1.235555e-01
9.455707354322999e-03	1.212951e-01
9.465472979322999e-03	1.183244e-01
9.475238604322998e-03	1.140251e-01
9.485004229322998e-03	1.063767e-01
9.494769854322998e-03	9.166227e-02
9.503776275210242e-03	7.119259e-02
9.510543849800874e-03	5.371933e-02
9.515999282989766e-03	4.217623e-02
9.519232687247746e-03	3.743543e-02
9.523086088734730e-03	3.242402e-02
9.527451225514648e-03	2.699642e-02
9.532218168975048e-03	2.133822e-02
9.541752055895846e-03	1.061734e-02
9.542972759020845e-03	9.301765e-03
9.545414165270846e-03	6.689754e-03
9.546024516833345e-03	6.044290e-03
9.547245219958346e-03	4.758609e-03
9.549281824868782e-03	2.636223e-03
9.549649343835015e-03	2.256542e-03
9.550384381767481e-03	1.498994e-03
9.550941665402261e-03	9.266522e-04
9.550997230894047e-03	8.695325e-04
9.551108361877617e-03	7.553107e-04
9.551330623844757e-03	5.277075e-04
9.551775147779041e-03	7.408995e-05
9.552244082355180e-03	-4.033083e-04
9.553181951507457e-03	-1.353638e-03
9.555057689812012e-03	-3.238465e-03
9.558809166421123e-03	-6.943956e-03
9.565074473996403e-03	-1.294836e-02
9.574840098996402e-03	-2.187108e-02
9.584605723996402e-03	-3.029255e-02
9.594371348996402e-03	-3.824176e-02
9.604136973996402e-03	-4.574419e-02
9.613902598996402e-03	-5.282225e-02
9.623668223996403e-03	-5.949665e-02
9.633433848996403e-03	-6.578594e-02
9.643199473996403e-03	-7.170757e-02
9.652965098996403e-03	-7.727721e-02
9.662730723996402e-03	-8.250984e-02
9.672496348996402e-03	-8.741865e-02
9.682261973996402e-03	-9.201646e-02
9.692027598996402e-03	-9.631466e-02
9.701793223996403e-03	-1.003242e-01
9.711558848996403e-03	-1.040548e-01
9.721324473996403e-03	-1.075159e-01
9.731090098996403e-03	-1.107158e-01
9.740855723996402e-03	-1.136626e-01
9.750621348996402e-03	-1.163634e-01
9.760386973996402e-03	-1.188253e-01
9.770152598996402e-03	-1.210543e-01
9.789683848996403e-03	-1.248369e-01
9.809215098996403e-03	-1.277523e-01
9.828746348996402e-03	-1.298339e-01
9.848277598996402e-03	-1.311074e-01
9.858043223996402e-03	-1.314463e-01
9.877574473996403e-03	-1.315306e-01
9.887340098996403e-03	-1.312728e-01
9.897105723996403e-03	-1.308098e-01
9.906871348996402e-03	-1.301335e-01
9.916636973996402e-03	-1.292311e-01
9.926402598996402e-03	-1.280811e-01
9.936168223996402e-03	-1.266512e-01
9.945933848996403e-03	-1.248841e-01
9.955699473996403e-03	-1.226754e-01
9.965465098996403e-03	-1.198102e-01
9.975230723996403e-03	-1.157484e-01
9.984996348996402e-03	-1.087871e-01
9.994761973996402e-03	-9.519967e-02
1.000000000000000e-02	-nan
