time	V(n012)
0.000000000000000e+00	4.500010e-14
1.428571445265854e-08	-1.532881e-09
2.857142890531708e-08	-1.308929e-09
4.285714335797562e-08	6.719013e-10
5.714285781063416e-08	4.409610e-09
7.142857226329269e-08	9.904196e-09
8.571428671595124e-08	1.715566e-08
1.000000011686097e-07	2.616400e-08
1.697120871460233e-07	3.950597e-07
2.534224642185120e-07	2.292798e-06
3.423819091782087e-07	7.049857e-06
5.203007990976021e-07	2.402878e-05
7.359970543632953e-07	5.533272e-05
1.015201969412311e-06	1.137624e-04
1.354760825070523e-06	2.117978e-04
1.814968582891444e-06	3.896775e-04
2.410933760031758e-06	6.950812e-04
3.225373072000417e-06	1.241791e-03
4.311040218047835e-06	2.188823e-03
5.810296517642075e-06	3.871175e-03
7.872559087838158e-06	6.815724e-03
1.081102323108807e-05	1.206017e-02
1.513331275302767e-05	2.091351e-02
1.911037445789347e-05	2.751408e-02
2.149686278426519e-05	2.987111e-02
2.431862471219321e-05	3.202244e-02
2.688526192523040e-05	3.387040e-02
3.000371041119871e-05	3.602485e-02
3.624060738313532e-05	4.013141e-02
4.600623238313532e-05	4.617329e-02
5.577185738313532e-05	5.187490e-02
6.553748238313533e-05	5.728686e-02
7.530310738313532e-05	6.244311e-02
8.506873238313532e-05	6.735429e-02
9.483435738313533e-05	7.203845e-02
1.045999823831353e-04	7.649733e-02
1.143656073831353e-04	8.074450e-02
1.241312323831353e-04	8.478051e-02
1.338968573831353e-04	8.861634e-02
1.436624823831353e-04	9.225133e-02
1.534281073831353e-04	9.569526e-02
1.631937323831353e-04	9.894675e-02
1.729593573831353e-04	1.020147e-01
1.827249823831353e-04	1.048972e-01
1.924906073831353e-04	1.076023e-01
2.022562323831353e-04	1.101279e-01
2.120218573831353e-04	1.124813e-01
2.217874823831353e-04	1.146601e-01
2.315531073831353e-04	1.166711e-01
2.413187323831353e-04	1.185117e-01
2.510843573831353e-04	1.201881e-01
2.608499823831354e-04	1.216976e-01
2.706156073831353e-04	1.230462e-01
2.803812323831353e-04	1.242307e-01
2.901468573831353e-04	1.252568e-01
2.999124823831353e-04	1.261213e-01
3.096781073831353e-04	1.268292e-01
3.194437323831354e-04	1.273771e-01
3.292093573831353e-04	1.277694e-01
3.389749823831353e-04	1.280023e-01
3.487406073831353e-04	1.280791e-01
3.585062323831353e-04	1.279952e-01
3.682718573831353e-04	1.277523e-01
3.780374823831353e-04	1.273442e-01
3.878031073831353e-04	1.267698e-01
3.975687323831353e-04	1.260192e-01
4.073343573831353e-04	1.250858e-01
4.170999823831353e-04	1.239522e-01
4.268656073831353e-04	1.225971e-01
4.366312323831353e-04	1.209822e-01
4.463968573831354e-04	1.190484e-01
4.561624823831353e-04	1.166759e-01
4.659281073831353e-04	1.136153e-01
4.756937323831353e-04	1.091590e-01
4.839823289978786e-04	1.025248e-01
4.922875221757436e-04	8.957619e-02
4.999641660149403e-04	7.042496e-02
5.054869014492288e-04	5.393074e-02
5.094230577593343e-04	4.427688e-02
5.118642696838682e-04	4.045126e-02
5.145797152304913e-04	3.695469e-02
5.167572254172495e-04	3.422325e-02
5.193423697556182e-04	3.107507e-02
5.245126584323554e-04	2.499040e-02
5.302849731296122e-04	1.849234e-02
5.400505981296122e-04	8.063471e-03
5.406192192191040e-04	7.479173e-03
5.417564613980878e-04	6.312178e-03
5.419105778098646e-04	6.154593e-03
5.422188106334180e-04	5.839888e-03
5.426122196988336e-04	5.438852e-03
5.426828409007050e-04	5.366790e-03
5.428240833044478e-04	5.222781e-03
5.431065681119335e-04	4.935841e-03
5.436715377269048e-04	4.363909e-03
5.443051182189894e-04	3.724744e-03
5.455722792031587e-04	2.454072e-03
5.481066011714972e-04	-5.832892e-05
5.531752451081741e-04	-4.968101e-03
5.617629958046903e-04	-1.295293e-02
5.715286208046903e-04	-2.155100e-02
5.812942458046903e-04	-2.966698e-02
5.910598708046903e-04	-3.732792e-02
6.008254958046903e-04	-4.455845e-02
6.105911208046903e-04	-5.138012e-02
6.203567458046903e-04	-5.781325e-02
6.301223708046903e-04	-6.387584e-02
6.398879958046903e-04	-6.958508e-02
6.496536208046904e-04	-7.495628e-02
6.594192458046903e-04	-8.000400e-02
6.691848708046903e-04	-8.474123e-02
6.789504958046903e-04	-8.918060e-02
6.887161208046903e-04	-9.333312e-02
6.984817458046903e-04	-9.720960e-02
7.082473708046903e-04	-1.008194e-01
7.180129958046903e-04	-1.041720e-01
7.277786208046903e-04	-1.072752e-01
7.375442458046903e-04	-1.101372e-01
7.473098708046903e-04	-1.127648e-01
7.570754958046903e-04	-1.151650e-01
7.668411208046903e-04	-1.173436e-01
7.863723708046903e-04	-1.210595e-01
8.059036208046903e-04	-1.239534e-01
8.254348708046903e-04	-1.260597e-01
8.449661208046903e-04	-1.274064e-01
8.644973708046903e-04	-1.280130e-01
8.742629958046903e-04	-1.280420e-01
8.840286208046903e-04	-1.278876e-01
8.937942458046904e-04	-1.275483e-01
9.035598708046904e-04	-1.270197e-01
9.133254958046903e-04	-1.262951e-01
9.230911208046903e-04	-1.253626e-01
9.328567458046903e-04	-1.242049e-01
9.426223708046903e-04	-1.227922e-01
9.523879958046903e-04	-1.210745e-01
9.621536208046903e-04	-1.189609e-01
9.719192458046903e-04	-1.162642e-01
9.816848708046903e-04	-1.125109e-01
9.914504958046903e-04	-1.060638e-01
9.994072531185031e-04	-9.561060e-02
1.008384568004811e-03	-7.498154e-02
1.014509197419664e-03	-5.682842e-02
1.018548376370118e-03	-4.660485e-02
1.021197237459786e-03	-4.230940e-02
1.024270725511951e-03	-3.839011e-02
1.026641449756008e-03	-3.544271e-02
1.029192510315023e-03	-3.236680e-02
1.034294631433054e-03	-2.641739e-02
1.041802285994436e-03	-1.808631e-02
1.051567910994436e-03	-7.863848e-03
1.061333535994436e-03	1.743125e-03
1.071099160994436e-03	1.079831e-02
1.080864785994436e-03	1.933465e-02
1.090630410994436e-03	2.739025e-02
1.100396035994436e-03	3.498648e-02
1.110161660994436e-03	4.215291e-02
1.119927285994436e-03	4.890605e-02
1.129692910994436e-03	5.527069e-02
1.139458535994436e-03	6.126028e-02
1.149224160994436e-03	6.689617e-02
1.158989785994436e-03	7.218941e-02
1.168755410994436e-03	7.715863e-02
1.178521035994436e-03	8.181282e-02
1.188286660994436e-03	8.616826e-02
1.198052285994436e-03	9.023242e-02
1.207817910994436e-03	9.401952e-02
1.217583535994436e-03	9.753566e-02
1.227349160994436e-03	1.007934e-01
1.237114785994436e-03	1.037976e-01
1.246880410994436e-03	1.065593e-01
1.256646035994436e-03	1.090825e-01
1.266411660994436e-03	1.113771e-01
1.276177285994436e-03	1.134460e-01
1.285942910994436e-03	1.152979e-01
1.295708535994436e-03	1.169352e-01
1.305474160994436e-03	1.183655e-01
1.315239785994436e-03	1.195902e-01
1.325005410994436e-03	1.206159e-01
1.334771035994436e-03	1.214433e-01
1.344536660994436e-03	1.220775e-01
1.354302285994436e-03	1.225180e-01
1.364067910994436e-03	1.227685e-01
1.373833535994436e-03	1.228266e-01
1.383599160994436e-03	1.226930e-01
1.393364785994436e-03	1.223624e-01
1.403130410994436e-03	1.218305e-01
1.412896035994436e-03	1.210857e-01
1.422661660994436e-03	1.201122e-01
1.432427285994436e-03	1.188821e-01
1.442192910994436e-03	1.173523e-01
1.451958535994436e-03	1.154395e-01
1.461724160994436e-03	1.129831e-01
1.471489785994436e-03	1.095877e-01
1.481255410994436e-03	1.039668e-01
1.489552100272939e-03	9.441230e-02
1.498132780084863e-03	7.637893e-02
1.505207627038099e-03	5.596524e-02
1.509567237508678e-03	4.436804e-02
1.513254943988306e-03	3.819407e-02
1.515659173871921e-03	3.529476e-02
1.517683517542218e-03	3.276819e-02
1.519846352809370e-03	3.015402e-02
1.523367360602655e-03	2.601133e-02
1.530409376189225e-03	1.807232e-02
1.540175001189225e-03	7.701486e-03
1.541395704314225e-03	6.453429e-03
1.543837110564225e-03	3.979768e-03
1.544117132933039e-03	3.698388e-03
1.544677177670666e-03	3.136972e-03
1.545797267145922e-03	2.021042e-03
1.546960816190041e-03	8.695779e-04
1.549066918983766e-03	-1.193885e-03
1.552495520565014e-03	-4.497074e-03
1.559352723727510e-03	-1.090225e-02
1.569118348727510e-03	-1.958455e-02
1.578883973727510e-03	-2.777988e-02
1.588649598727510e-03	-3.551660e-02
1.598415223727510e-03	-4.281957e-02
1.608180848727510e-03	-4.971101e-02
1.617946473727510e-03	-5.621126e-02
1.627712098727510e-03	-6.233877e-02
1.637477723727510e-03	-6.811071e-02
1.647243348727510e-03	-7.354268e-02
1.657008973727510e-03	-7.864931e-02
1.666774598727510e-03	-8.344388e-02
1.676540223727510e-03	-8.793891e-02
1.686305848727510e-03	-9.214573e-02
1.696071473727510e-03	-9.607504e-02
1.705837098727510e-03	-9.973655e-02
1.715602723727510e-03	-1.031394e-01
1.725368348727510e-03	-1.062920e-01
1.735133973727510e-03	-1.092022e-01
1.744899598727510e-03	-1.118771e-01
1.754665223727510e-03	-1.143236e-01
1.764430848727510e-03	-1.165477e-01
1.774196473727510e-03	-1.185554e-01
1.783962098727510e-03	-1.203520e-01
1.793727723727510e-03	-1.219424e-01
1.803493348727510e-03	-1.233312e-01
1.813258973727510e-03	-1.245226e-01
1.823024598727510e-03	-1.255202e-01
1.832790223727510e-03	-1.263275e-01
1.842555848727510e-03	-1.269472e-01
1.852321473727510e-03	-1.273816e-01
1.862087098727510e-03	-1.276323e-01
1.871852723727510e-03	-1.277001e-01
1.881618348727510e-03	-1.275846e-01
1.891383973727510e-03	-1.272842e-01
1.901149598727510e-03	-1.267952e-01
1.910915223727510e-03	-1.261112e-01
1.920680848727510e-03	-1.252216e-01
1.930446473727510e-03	-1.241098e-01
1.940212098727510e-03	-1.227483e-01
1.949977723727510e-03	-1.210915e-01
1.959743348727510e-03	-1.190573e-01
1.969508973727510e-03	-1.164805e-01
1.979274598727510e-03	-1.129604e-01
1.989040223727510e-03	-1.071803e-01
1.997607086867104e-03	-9.693545e-02
2.005971131551234e-03	-7.892428e-02
2.013002788517733e-03	-5.851203e-02
2.017283172993324e-03	-4.721477e-02
2.020650803828702e-03	-4.157868e-02
2.023087316660404e-03	-3.857530e-02
2.025151235130993e-03	-3.598564e-02
2.027348303974206e-03	-3.331408e-02
2.031472308262209e-03	-2.844646e-02
2.038657884291343e-03	-2.034466e-02
2.048423509291343e-03	-9.972634e-03
2.058189134291343e-03	-2.264574e-04
2.067954759291343e-03	8.950850e-03
2.077720384291343e-03	1.760773e-02
2.087486009291343e-03	2.577135e-02
2.097251634291343e-03	3.347602e-02
2.107017259291343e-03	4.074026e-02
2.116782884291343e-03	4.759242e-02
2.126548509291343e-03	5.404667e-02
2.136314134291343e-03	6.012755e-02
2.146079759291343e-03	6.584623e-02
2.155845384291343e-03	7.122429e-02
2.165611009291343e-03	7.627055e-02
2.175376634291343e-03	8.100417e-02
2.185142259291343e-03	8.543193e-02
2.194907884291343e-03	8.957089e-02
2.204673509291343e-03	9.342632e-02
2.214439134291343e-03	9.701341e-02
2.224204759291343e-03	1.003361e-01
2.233970384291343e-03	1.034080e-01
2.243736009291343e-03	1.062319e-01
2.253501634291343e-03	1.088201e-01
2.263267259291343e-03	1.111745e-01
2.273032884291343e-03	1.133061e-01
2.282798509291343e-03	1.152160e-01
2.292564134291343e-03	1.169142e-01
2.302329759291343e-03	1.184010e-01
2.312095384291343e-03	1.196852e-01
2.321861009291343e-03	1.207666e-01
2.331626634291343e-03	1.216527e-01
2.341392259291343e-03	1.223424e-01
2.351157884291343e-03	1.228419e-01
2.360923509291343e-03	1.231486e-01
2.370689134291343e-03	1.232670e-01
2.380454759291343e-03	1.231924e-01
2.390220384291343e-03	1.229260e-01
2.399986009291343e-03	1.224592e-01
2.409751634291343e-03	1.217876e-01
2.419517259291343e-03	1.208936e-01
2.429282884291343e-03	1.197577e-01
2.439048509291343e-03	1.183416e-01
2.448814134291343e-03	1.165846e-01
2.458579759291343e-03	1.143624e-01
2.468345384291343e-03	1.114101e-01
2.478111009291343e-03	1.069589e-01
2.486216298511096e-03	1.002968e-01
2.493584887764093e-03	8.892308e-02
2.501532570599180e-03	6.946021e-02
2.507283740549675e-03	5.239788e-02
2.511301187110605e-03	4.269962e-02
2.513720345014909e-03	3.899183e-02
2.516393381864964e-03	3.559019e-02
2.518736364156877e-03	3.270363e-02
2.521610499342570e-03	2.924804e-02
2.527358769713956e-03	2.259654e-02
2.535550930574012e-03	1.361479e-02
2.541118852961616e-03	7.782460e-03
2.542339556086617e-03	6.537663e-03
2.544780962336617e-03	4.065270e-03
2.544996452839959e-03	3.849103e-03
2.545427433846645e-03	3.417420e-03
2.545831283118228e-03	3.013546e-03
2.545907314574323e-03	2.937435e-03
2.546059377486512e-03	2.785356e-03
2.546363503310890e-03	2.482376e-03
2.546971754959647e-03	1.878501e-03
2.547632722085256e-03	1.224701e-03
2.548954656336474e-03	-7.483197e-05
2.551598524838909e-03	-2.643196e-03
2.556886261843781e-03	-7.658002e-03
2.565203537114524e-03	-1.523182e-02
2.574969162114523e-03	-2.366048e-02
2.584734787114524e-03	-3.161687e-02
2.594500412114524e-03	-3.912712e-02
2.604266037114524e-03	-4.621493e-02
2.614031662114524e-03	-5.290122e-02
2.623797287114524e-03	-5.920563e-02
2.633562912114524e-03	-6.514565e-02
2.643328537114524e-03	-7.073793e-02
2.653094162114524e-03	-7.599735e-02
2.662859787114524e-03	-8.093801e-02
2.672625412114524e-03	-8.557256e-02
2.682391037114524e-03	-8.991323e-02
2.692156662114524e-03	-9.397070e-02
2.701922287114524e-03	-9.775550e-02
2.711687912114524e-03	-1.012768e-01
2.721453537114524e-03	-1.045435e-01
2.731219162114524e-03	-1.075636e-01
2.740984787114523e-03	-1.103447e-01
2.750750412114524e-03	-1.128937e-01
2.760516037114523e-03	-1.152173e-01
2.770281662114524e-03	-1.173211e-01
2.780047287114523e-03	-1.192111e-01
2.799578537114523e-03	-1.223691e-01
2.819109787114523e-03	-1.247277e-01
2.838641037114524e-03	-1.263165e-01
2.858172287114524e-03	-1.271575e-01
2.877703537114524e-03	-1.272623e-01
2.887469162114524e-03	-1.270379e-01
2.897234787114524e-03	-1.266258e-01
2.907000412114524e-03	-1.260204e-01
2.916766037114524e-03	-1.252131e-01
2.926531662114524e-03	-1.241887e-01
2.936297287114524e-03	-1.229249e-01
2.946062912114524e-03	-1.213832e-01
2.955828537114524e-03	-1.194965e-01
2.965594162114524e-03	-1.171358e-01
2.975359787114524e-03	-1.140102e-01
2.985125412114523e-03	-1.092642e-01
2.994891037114524e-03	-9.969942e-02
3.002800000872560e-03	-8.485730e-02
3.010268060878440e-03	-6.437856e-02
3.015244332355747e-03	-5.010904e-02
3.019307616767320e-03	-4.217456e-02
3.021297634010746e-03	-3.970793e-02
3.023577109679923e-03	-3.684100e-02
3.025648728026142e-03	-3.429053e-02
3.029791964718580e-03	-2.936267e-02
3.034511986930127e-03	-2.394756e-02
3.041657222302056e-03	-1.611645e-02
3.051422847302056e-03	-5.988886e-03
3.061188472302056e-03	3.526608e-03
3.070954097302056e-03	1.250587e-02
3.080719722302056e-03	2.096425e-02
3.090485347302056e-03	2.895545e-02
3.100250972302056e-03	3.648378e-02
3.110016597302056e-03	4.359489e-02
3.119782222302056e-03	5.028857e-02
3.129547847302056e-03	5.660562e-02
3.139313472302056e-03	6.254310e-02
3.149079097302056e-03	6.813812e-02
3.158844722302056e-03	7.338572e-02
3.168610347302056e-03	7.831997e-02
3.178375972302056e-03	8.293425e-02
3.188141597302056e-03	8.725990e-02
3.197907222302056e-03	9.128924e-02
3.207672847302056e-03	9.505111e-02
3.217438472302056e-03	9.853695e-02
3.227204097302056e-03	1.017735e-01
3.236969722302056e-03	1.047514e-01
3.246735347302056e-03	1.074955e-01
3.256500972302056e-03	1.099961e-01
3.266266597302056e-03	1.122762e-01
3.276032222302056e-03	1.143258e-01
3.285797847302056e-03	1.161662e-01
3.295563472302056e-03	1.177871e-01
3.305329097302056e-03	1.192085e-01
3.315094722302056e-03	1.204197e-01
3.324860347302056e-03	1.214391e-01
3.334625972302056e-03	1.222557e-01
3.344391597302056e-03	1.228862e-01
3.354157222302056e-03	1.233189e-01
3.363922847302056e-03	1.235684e-01
3.373688472302056e-03	1.236218e-01
3.383454097302056e-03	1.234905e-01
3.393219722302056e-03	1.231592e-01
3.402985347302056e-03	1.226343e-01
3.412750972302056e-03	1.218948e-01
3.422516597302056e-03	1.209359e-01
3.432282222302056e-03	1.197223e-01
3.442047847302056e-03	1.182235e-01
3.451813472302056e-03	1.163549e-01
3.461579097302056e-03	1.139832e-01
3.471344722302056e-03	1.107610e-01
3.481110347302056e-03	1.056541e-01
3.489150584913823e-03	9.761506e-02
3.496306409747648e-03	8.469274e-02
3.503777027601681e-03	6.491579e-02
3.508879468106891e-03	4.989741e-02
3.512882306944942e-03	4.122802e-02
3.514797302322284e-03	3.863623e-02
3.517112742931217e-03	3.569001e-02
3.519654368594175e-03	3.255004e-02
3.524673254455140e-03	2.659351e-02
3.532882399816863e-03	1.736208e-02
3.542648024816863e-03	7.057237e-03
3.543868727941863e-03	5.815336e-03
3.546310134191863e-03	3.356103e-03
3.546463037438607e-03	3.203547e-03
3.546768843932094e-03	2.898620e-03
3.547380456919070e-03	2.290134e-03
3.547745248467121e-03	1.926444e-03
3.548177587044283e-03	1.499446e-03
3.548644234856703e-03	1.040210e-03
3.549109471502508e-03	5.817855e-04
3.550039944794120e-03	-3.289642e-04
3.551322204954560e-03	-1.577329e-03
3.553447669048355e-03	-3.623532e-03
3.556309979989146e-03	-6.339152e-03
3.561688811389768e-03	-1.131617e-02
3.571454436389768e-03	-1.995682e-02
3.581220061389768e-03	-2.811099e-02
3.590985686389768e-03	-3.580905e-02
3.600751311389768e-03	-4.307326e-02
3.610516936389768e-03	-4.992800e-02
3.620282561389768e-03	-5.639115e-02
3.630048186389768e-03	-6.248333e-02
3.639813811389768e-03	-6.821935e-02
3.649579436389768e-03	-7.361695e-02
3.659345061389768e-03	-7.868855e-02
3.669110686389768e-03	-8.344942e-02
3.678876311389768e-03	-8.790991e-02
3.688641936389768e-03	-9.208344e-02
3.698407561389768e-03	-9.597857e-02
3.708173186389768e-03	-9.960700e-02
3.717938811389768e-03	-1.029759e-01
3.727704436389768e-03	-1.060955e-01
3.737470061389768e-03	-1.089717e-01
3.747235686389768e-03	-1.116135e-01
3.757001311389768e-03	-1.140260e-01
3.766766936389768e-03	-1.162169e-01
3.776532561389768e-03	-1.181904e-01
3.786298186389768e-03	-1.199535e-01
3.796063811389768e-03	-1.215094e-01
3.805829436389768e-03	-1.228643e-01
3.815595061389768e-03	-1.240207e-01
3.825360686389768e-03	-1.249837e-01
3.835126311389768e-03	-1.257552e-01
3.844891936389768e-03	-1.263393e-01
3.854657561389768e-03	-1.267366e-01
3.864423186389768e-03	-1.269499e-01
3.874188811389768e-03	-1.269783e-01
3.883954436389768e-03	-1.268225e-01
3.893720061389768e-03	-1.264787e-01
3.903485686389768e-03	-1.259439e-01
3.913251311389768e-03	-1.252090e-01
3.923016936389768e-03	-1.242623e-01
3.932782561389768e-03	-1.230833e-01
3.942548186389768e-03	-1.216404e-01
3.952313811389768e-03	-1.198759e-01
3.962079436389768e-03	-1.176870e-01
3.971845061389768e-03	-1.148497e-01
3.981610686389768e-03	-1.107700e-01
3.991376311389768e-03	-1.032569e-01
3.998771249424885e-03	-9.219230e-02
4.006395889253071e-03	-7.391701e-02
4.012506738328497e-03	-5.584330e-02
4.016622645184422e-03	-4.560063e-02
4.019207688392818e-03	-4.151035e-02
4.022166868861927e-03	-3.774319e-02
4.024478410711811e-03	-3.487151e-02
4.027084253079665e-03	-3.173124e-02
4.032295937815372e-03	-2.566144e-02
4.039097261644920e-03	-1.810867e-02
4.048862886644920e-03	-7.853149e-03
4.058628511644921e-03	1.782263e-03
4.068394136644921e-03	1.086632e-02
4.078159761644920e-03	1.942934e-02
4.087925386644920e-03	2.751286e-02
4.097691011644921e-03	3.513555e-02
4.107456636644921e-03	4.232983e-02
4.117222261644920e-03	4.910972e-02
4.126987886644920e-03	5.550256e-02
4.136753511644921e-03	6.151947e-02
4.146519136644921e-03	6.718416e-02
4.156284761644920e-03	7.250547e-02
4.166050386644920e-03	7.750426e-02
4.175816011644921e-03	8.218737e-02
4.185581636644921e-03	8.657325e-02
4.195347261644920e-03	9.066734e-02
4.205112886644920e-03	9.448583e-02
4.214878511644920e-03	9.803291e-02
4.224644136644921e-03	1.013230e-01
4.234409761644920e-03	1.043592e-01
4.244175386644920e-03	1.071544e-01
4.253941011644920e-03	1.097107e-01
4.263706636644921e-03	1.120398e-01
4.273472261644921e-03	1.141429e-01
4.283237886644920e-03	1.160305e-01
4.293003511644920e-03	1.177033e-01
4.302769136644921e-03	1.191705e-01
4.312534761644921e-03	1.204322e-01
4.322300386644920e-03	1.214965e-01
4.332066011644920e-03	1.223627e-01
4.341831636644921e-03	1.230377e-01
4.351597261644921e-03	1.235198e-01
4.361362886644920e-03	1.238142e-01
4.371128511644920e-03	1.239179e-01
4.380894136644921e-03	1.238334e-01
4.390659761644921e-03	1.235549e-01
4.400425386644920e-03	1.230812e-01
4.410191011644920e-03	1.224010e-01
4.419956636644921e-03	1.215041e-01
4.429722261644921e-03	1.203650e-01
4.439487886644920e-03	1.189531e-01
4.449253511644920e-03	1.172040e-01
4.459019136644920e-03	1.150054e-01
4.468784761644921e-03	1.121028e-01
4.478550386644920e-03	1.077953e-01
4.488316011644920e-03	9.943775e-02
4.495695254567229e-03	8.725263e-02
4.502448199400723e-03	7.035781e-02
4.508228204278021e-03	5.323525e-02
4.512287716473609e-03	4.330793e-02
4.514644615213023e-03	3.961753e-02
4.517453876270731e-03	3.602018e-02
4.519805734962204e-03	3.312019e-02
4.522733147977431e-03	2.959668e-02
4.528587974007884e-03	2.282232e-02
4.538353599007883e-03	1.217405e-02
4.544612438801293e-03	5.701819e-03
4.545833141926294e-03	4.474416e-03
4.546138317707543e-03	4.167906e-03
4.546748669270044e-03	3.556187e-03
4.547738266721249e-03	2.569804e-03
4.547900879822829e-03	2.408399e-03
4.548226106025987e-03	2.085906e-03
4.548584700535270e-03	1.730783e-03
4.548897108778493e-03	1.420542e-03
4.549230842706993e-03	1.091953e-03
4.549607917619347e-03	7.221489e-04
4.550035226502978e-03	3.023017e-04
4.550889844270238e-03	-5.322653e-04
4.552014150158272e-03	-1.624985e-03
4.554008514186149e-03	-3.543713e-03
4.556736095641188e-03	-6.131628e-03
4.561853904052955e-03	-1.087317e-02
4.571619529052955e-03	-1.953098e-02
4.581385154052956e-03	-2.770123e-02
4.591150779052955e-03	-3.541391e-02
4.600916404052955e-03	-4.269191e-02
4.610682029052955e-03	-4.955916e-02
4.620447654052956e-03	-5.603414e-02
4.630213279052955e-03	-6.213700e-02
4.639978904052955e-03	-6.788312e-02
4.649744529052955e-03	-7.328977e-02
4.659510154052956e-03	-7.836995e-02
4.669275779052955e-03	-8.313844e-02
4.679041404052955e-03	-8.760615e-02
4.688807029052955e-03	-9.178599e-02
4.698572654052955e-03	-9.568712e-02
4.708338279052956e-03	-9.932074e-02
4.718103904052955e-03	-1.026945e-01
4.727869529052955e-03	-1.058183e-01
4.737635154052955e-03	-1.086984e-01
4.747400779052956e-03	-1.113435e-01
4.757166404052955e-03	-1.137590e-01
4.766932029052955e-03	-1.159524e-01
4.776697654052955e-03	-1.179282e-01
4.786463279052956e-03	-1.196929e-01
4.796228904052955e-03	-1.212504e-01
4.805994529052955e-03	-1.226062e-01
4.815760154052955e-03	-1.237634e-01
4.825525779052956e-03	-1.247267e-01
4.835291404052955e-03	-1.254983e-01
4.845057029052955e-03	-1.260819e-01
4.854822654052955e-03	-1.264785e-01
4.864588279052956e-03	-1.266906e-01
4.874353904052955e-03	-1.267174e-01
4.884119529052955e-03	-1.265593e-01
4.893885154052955e-03	-1.262128e-01
4.903650779052956e-03	-1.256742e-01
4.913416404052955e-03	-1.249347e-01
4.923182029052955e-03	-1.239819e-01
4.932947654052955e-03	-1.227949e-01
4.942713279052955e-03	-1.213407e-01
4.952478904052956e-03	-1.195600e-01
4.962244529052955e-03	-1.173449e-01
4.972010154052955e-03	-1.144596e-01
4.981775779052955e-03	-1.102646e-01
4.991541404052956e-03	-1.023764e-01
4.998891479720928e-03	-9.088499e-02
5.006296971098222e-03	-7.274694e-02
5.012294464028102e-03	-5.499024e-02
5.016397502396076e-03	-4.500743e-02
5.018844340959287e-03	-4.124427e-02
5.021634021293251e-03	-3.768665e-02
5.023836659622574e-03	-3.494741e-02
5.026541415231560e-03	-3.168457e-02
5.031950926449531e-03	-2.538613e-02
5.038493656866295e-03	-1.812168e-02
5.048259281866294e-03	-7.857952e-03
5.058024906866294e-03	1.783757e-03
5.067790531866295e-03	1.087513e-02
5.077556156866295e-03	1.944383e-02
5.087321781866294e-03	2.753446e-02
5.097087406866294e-03	3.516269e-02
5.106853031866295e-03	4.236406e-02
5.116618656866295e-03	4.914948e-02
5.126384281866295e-03	5.554947e-02
5.136149906866294e-03	6.157202e-02
5.145915531866295e-03	6.724396e-02
5.155681156866295e-03	7.257105e-02
5.165446781866295e-03	7.757723e-02
5.175212406866294e-03	8.226629e-02
5.184978031866294e-03	8.665972e-02
5.194743656866295e-03	9.075997e-02
5.204509281866295e-03	9.458619e-02
5.214274906866294e-03	9.813967e-02
5.224040531866294e-03	1.014377e-01
5.233806156866295e-03	1.044805e-01
5.243571781866295e-03	1.072838e-01
5.253337406866294e-03	1.098470e-01
5.263103031866294e-03	1.121843e-01
5.272868656866295e-03	1.142946e-01
5.282634281866295e-03	1.161907e-01
5.292399906866294e-03	1.178709e-01
5.302165531866294e-03	1.193469e-01
5.311931156866295e-03	1.206164e-01
5.321696781866295e-03	1.216897e-01
5.331462406866294e-03	1.225641e-01
5.341228031866294e-03	1.232485e-01
5.350993656866295e-03	1.237393e-01
5.360759281866295e-03	1.240439e-01
5.370524906866295e-03	1.241570e-01
5.380290531866294e-03	1.240837e-01
5.390056156866295e-03	1.238161e-01
5.399821781866295e-03	1.233553e-01
5.409587406866295e-03	1.226885e-01
5.419353031866294e-03	1.218079e-01
5.429118656866294e-03	1.206874e-01
5.438884281866295e-03	1.192999e-01
5.448649906866295e-03	1.175828e-01
5.458415531866294e-03	1.154334e-01
5.468181156866294e-03	1.126172e-01
5.477946781866295e-03	1.085156e-01
5.487712406866295e-03	1.008160e-01
5.495186194588549e-03	8.930592e-02
5.502401480868431e-03	7.181551e-02
5.508570840710526e-03	5.361474e-02
5.512719081925738e-03	4.343617e-02
5.515138338169307e-03	3.965247e-02
5.518015919441190e-03	3.598078e-02
5.520433799077031e-03	3.300671e-02
5.523433967686076e-03	2.940290e-02
5.529434304904166e-03	2.247933e-02
5.539199929904166e-03	1.185991e-02
5.545463777623057e-03	5.398904e-03
5.546684480748056e-03	4.174497e-03
5.546989656529307e-03	3.868739e-03
5.547600008091806e-03	3.258523e-03
5.548627810890184e-03	2.236696e-03
5.548788824554156e-03	2.077306e-03
5.549110851882098e-03	1.758836e-03
5.549469614658434e-03	1.404490e-03
5.549780180069542e-03	1.096874e-03
5.550112332501027e-03	7.706978e-04
5.550488382401980e-03	4.028816e-04
5.550912039139524e-03	-1.230535e-05
5.551759352614612e-03	-8.376080e-04
5.552860211723238e-03	-1.904915e-03
5.554811066514934e-03	-3.777546e-03
5.557468515568198e-03	-6.294135e-03
5.562407391928830e-03	-1.086459e-02
5.571960759371301e-03	-1.933413e-02
5.581726384371301e-03	-2.750926e-02
5.591492009371301e-03	-3.522626e-02
5.601257634371301e-03	-4.250807e-02
5.611023259371301e-03	-4.937863e-02
5.620788884371301e-03	-5.585645e-02
5.630554509371302e-03	-6.196169e-02
5.640320134371301e-03	-6.770978e-02
5.650085759371301e-03	-7.311799e-02
5.659851384371301e-03	-7.819933e-02
5.669617009371302e-03	-8.296861e-02
5.679382634371301e-03	-8.743676e-02
5.689148259371301e-03	-9.161671e-02
5.698913884371301e-03	-9.551761e-02
5.708679509371302e-03	-9.915069e-02
5.718445134371301e-03	-1.025237e-01
5.728210759371301e-03	-1.056463e-01
5.737976384371301e-03	-1.085251e-01
5.747742009371302e-03	-1.111686e-01
5.757507634371301e-03	-1.135822e-01
5.767273259371301e-03	-1.157734e-01
5.777038884371301e-03	-1.177468e-01
5.786804509371302e-03	-1.195090e-01
5.796570134371301e-03	-1.210636e-01
5.806335759371301e-03	-1.224164e-01
5.816101384371301e-03	-1.235703e-01
5.825867009371302e-03	-1.245302e-01
5.835632634371301e-03	-1.252980e-01
5.845398259371301e-03	-1.258776e-01
5.855163884371301e-03	-1.262699e-01
5.864929509371301e-03	-1.264773e-01
5.874695134371302e-03	-1.264991e-01
5.884460759371301e-03	-1.263354e-01
5.894226384371301e-03	-1.259827e-01
5.903992009371301e-03	-1.254372e-01
5.913757634371302e-03	-1.246896e-01
5.923523259371301e-03	-1.237272e-01
5.933288884371301e-03	-1.225283e-01
5.943054509371301e-03	-1.210588e-01
5.952820134371302e-03	-1.192567e-01
5.962585759371301e-03	-1.170087e-01
5.972351384371301e-03	-1.140634e-01
5.982117009371301e-03	-1.097249e-01
5.991882634371302e-03	-1.013737e-01
5.999374666562254e-03	-8.897650e-02
6.006608353172286e-03	-7.065906e-02
6.012342121814641e-03	-5.367634e-02
6.016406434048075e-03	-4.417974e-02
6.018655864306578e-03	-4.087375e-02
6.021207594198180e-03	-3.761527e-02
6.023791913765825e-03	-3.442135e-02
6.026803700395209e-03	-3.080397e-02
6.032827273653977e-03	-2.384590e-02
6.041204924924860e-03	-1.468789e-02
6.050970549924860e-03	-4.627435e-03
6.060736174924860e-03	4.830529e-03
6.070501799924860e-03	1.375496e-02
6.080267424924860e-03	2.216524e-02
6.090033049924860e-03	3.010967e-02
6.099798674924860e-03	3.759699e-02
6.109564299924860e-03	4.466788e-02
6.119329924924860e-03	5.132654e-02
6.129095549924860e-03	5.760904e-02
6.138861174924860e-03	6.351675e-02
6.148626799924860e-03	6.908222e-02
6.158392424924860e-03	7.430468e-02
6.168158049924860e-03	7.921379e-02
6.177923674924860e-03	8.380704e-02
6.187689299924860e-03	8.811150e-02
6.197454924924860e-03	9.212344e-02
6.207220549924860e-03	9.586763e-02
6.216986174924860e-03	9.933933e-02
6.226751799924860e-03	1.025613e-01
6.236517424924860e-03	1.055280e-01
6.246283049924860e-03	1.082604e-01
6.256048674924860e-03	1.107523e-01
6.265814299924860e-03	1.130232e-01
6.275579924924860e-03	1.150665e-01
6.285345549924860e-03	1.169001e-01
6.295111174924860e-03	1.185169e-01
6.304876799924860e-03	1.199336e-01
6.314642424924860e-03	1.211429e-01
6.324408049924860e-03	1.221597e-01
6.334173674924860e-03	1.229764e-01
6.343939299924860e-03	1.236065e-01
6.353704924924860e-03	1.240416e-01
6.363470549924860e-03	1.242932e-01
6.373236174924860e-03	1.243517e-01
6.383001799924860e-03	1.242256e-01
6.392767424924860e-03	1.239028e-01
6.402533049924860e-03	1.233876e-01
6.412298674924860e-03	1.226621e-01
6.422064299924860e-03	1.217205e-01
6.431829924924860e-03	1.205317e-01
6.441595549924860e-03	1.190665e-01
6.451361174924860e-03	1.172500e-01
6.461126799924860e-03	1.149637e-01
6.470892424924860e-03	1.119130e-01
6.480658049924860e-03	1.072716e-01
6.489379362636783e-03	9.938748e-02
6.496570947712227e-03	8.726893e-02
6.504415106718556e-03	6.714008e-02
6.509950729592212e-03	5.082797e-02
6.514025840911164e-03	4.182898e-02
6.516013523019791e-03	3.909914e-02
6.518407964385748e-03	3.605120e-02
6.521194791448449e-03	3.261409e-02
6.525322227639443e-03	2.770660e-02
6.533577100021430e-03	1.837545e-02
6.543342725021430e-03	8.027137e-03
6.544155264794880e-03	7.194223e-03
6.545780344341781e-03	5.541999e-03
6.547788458484503e-03	3.524334e-03
6.548290487020183e-03	3.024368e-03
6.549294544091543e-03	2.027891e-03
6.549453235821936e-03	1.871081e-03
6.549770619282721e-03	1.557771e-03
6.550137271995320e-03	1.196304e-03
6.550439920739926e-03	8.969586e-04
6.550767449044587e-03	5.758810e-04
6.551141697805513e-03	2.105436e-04
6.551545054461468e-03	-1.841664e-04
6.552351767773378e-03	-9.687126e-04
6.553368621199028e-03	-1.953562e-03
6.555145326770232e-03	-3.658474e-03
6.557558993965516e-03	-5.946454e-03
6.561823140623952e-03	-9.907043e-03
6.569834001871271e-03	-1.708177e-02
6.579599626871270e-03	-2.537844e-02
6.589365251871270e-03	-3.320985e-02
6.599130876871271e-03	-4.059987e-02
6.608896501871271e-03	-4.757288e-02
6.618662126871270e-03	-5.414801e-02
6.628427751871270e-03	-6.034572e-02
6.638193376871270e-03	-6.618189e-02
6.647959001871271e-03	-7.167404e-02
6.657724626871270e-03	-7.683558e-02
6.667490251871270e-03	-8.168148e-02
6.677255876871270e-03	-8.622304e-02
6.687021501871271e-03	-9.047334e-02
6.696787126871270e-03	-9.444183e-02
6.706552751871270e-03	-9.813985e-02
6.716318376871270e-03	-1.015754e-01
6.726084001871271e-03	-1.047583e-01
6.735849626871271e-03	-1.076953e-01
6.745615251871270e-03	-1.103949e-01
6.755380876871270e-03	-1.128630e-01
6.765146501871271e-03	-1.151069e-01
6.774912126871271e-03	-1.171315e-01
6.784677751871270e-03	-1.189433e-01
6.794443376871270e-03	-1.205463e-01
6.804209001871271e-03	-1.219461e-01
6.813974626871271e-03	-1.231460e-01
6.823740251871270e-03	-1.241506e-01
6.833505876871270e-03	-1.249624e-01
6.843271501871271e-03	-1.255850e-01
6.853037126871271e-03	-1.260197e-01
6.862802751871270e-03	-1.262690e-01
6.872568376871270e-03	-1.263324e-01
6.882334001871270e-03	-1.262102e-01
6.892099626871271e-03	-1.258994e-01
6.901865251871270e-03	-1.253966e-01
6.911630876871270e-03	-1.246933e-01
6.921396501871270e-03	-1.237779e-01
6.931162126871271e-03	-1.226306e-01
6.940927751871270e-03	-1.212203e-01
6.950693376871270e-03	-1.194916e-01
6.960459001871270e-03	-1.173447e-01
6.970224626871271e-03	-1.145657e-01
6.979990251871271e-03	-1.105944e-01
6.989755876871270e-03	-1.033906e-01
6.997274622771022e-03	-9.252121e-02
7.005916950207191e-03	-7.177685e-02
7.011903259340779e-03	-5.403368e-02
7.015980023232598e-03	-4.433241e-02
7.018329654422712e-03	-4.081146e-02
7.020958076675101e-03	-3.746080e-02
7.023455673861788e-03	-3.437825e-02
7.026432123798451e-03	-3.080060e-02
7.032385023671775e-03	-2.391910e-02
7.041350383655436e-03	-1.412824e-02
7.051116008655437e-03	-4.097446e-03
7.060881633655437e-03	5.335154e-03
7.070647258655437e-03	1.423515e-02
7.080412883655436e-03	2.262375e-02
7.090178508655437e-03	3.054699e-02
7.099944133655437e-03	3.801532e-02
7.109709758655437e-03	4.506757e-02
7.119475383655437e-03	5.170947e-02
7.129241008655437e-03	5.797549e-02
7.139006633655437e-03	6.386837e-02
7.148772258655437e-03	6.941920e-02
7.158537883655437e-03	7.462858e-02
7.168303508655437e-03	7.952463e-02
7.178069133655437e-03	8.410619e-02
7.187834758655437e-03	8.839905e-02
7.197600383655437e-03	9.240060e-02
7.207366008655437e-03	9.613443e-02
7.217131633655437e-03	9.959686e-02
7.226897258655437e-03	1.028095e-01
7.236662883655437e-03	1.057680e-01
7.246428508655436e-03	1.084920e-01
7.256194133655437e-03	1.109766e-01
7.265959758655437e-03	1.132400e-01
7.275725383655437e-03	1.152767e-01
7.285491008655436e-03	1.171036e-01
7.295256633655437e-03	1.187145e-01
7.305022258655437e-03	1.201252e-01
7.314787883655437e-03	1.213292e-01
7.324553508655436e-03	1.223406e-01
7.334319133655437e-03	1.231527e-01
7.344084758655437e-03	1.237780e-01
7.353850383655437e-03	1.242090e-01
7.363616008655437e-03	1.244564e-01
7.373381633655437e-03	1.245113e-01
7.383147258655437e-03	1.243816e-01
7.392912883655437e-03	1.240559e-01
7.402678508655437e-03	1.235377e-01
7.412444133655437e-03	1.228100e-01
7.422209758655437e-03	1.218663e-01
7.431975383655437e-03	1.206763e-01
7.441741008655437e-03	1.192105e-01
7.451506633655437e-03	1.173949e-01
7.461272258655437e-03	1.151116e-01
7.471037883655437e-03	1.120701e-01
7.480803508655437e-03	1.074555e-01
7.490569133655436e-03	9.816560e-02
7.498154733973248e-03	8.439467e-02
7.505837819310909e-03	6.374788e-02
7.510960107099414e-03	4.892688e-02
7.515139722837678e-03	4.054525e-02
7.517019373505020e-03	3.820054e-02
7.519073748058745e-03	3.561629e-02
7.521214176528800e-03	3.297441e-02
7.525495033468911e-03	2.787790e-02
7.531080808130263e-03	2.149339e-02
7.540393553894883e-03	1.142464e-02
7.546459205573285e-03	5.183834e-03
7.547679908698285e-03	3.963542e-03
7.547985084479535e-03	3.658521e-03
7.548595436042035e-03	3.049705e-03
7.549816139167035e-03	1.839578e-03
7.549964843154582e-03	1.692876e-03
7.550262251129676e-03	1.399729e-03
7.550583791579911e-03	1.083076e-03
7.550648165281571e-03	1.019576e-03
7.550776912684892e-03	8.926528e-04
7.551034407491532e-03	6.398385e-04
7.551549397104814e-03	1.359517e-04
7.552077224074621e-03	-3.790493e-04
7.553132878014234e-03	-1.403802e-03
7.555244185893462e-03	-3.434270e-03
7.559466801651918e-03	-7.418182e-03
7.566591798351857e-03	-1.391602e-02
7.576357423351857e-03	-2.238637e-02
7.586123048351857e-03	-3.038068e-02
7.595888673351856e-03	-3.792538e-02
7.605654298351857e-03	-4.504440e-02
7.615419923351857e-03	-5.175886e-02
7.625185548351857e-03	-5.808856e-02
7.634951173351856e-03	-6.405114e-02
7.644716798351857e-03	-6.966340e-02
7.654482423351857e-03	-7.494034e-02
7.664248048351857e-03	-7.989620e-02
7.674013673351856e-03	-8.454372e-02
7.683779298351856e-03	-8.889526e-02
7.693544923351857e-03	-9.296161e-02
7.703310548351857e-03	-9.675339e-02
7.713076173351856e-03	-1.002798e-01
7.722841798351856e-03	-1.035500e-01
7.732607423351857e-03	-1.065719e-01
7.742373048351857e-03	-1.093534e-01
7.752138673351856e-03	-1.119011e-01
7.761904298351856e-03	-1.142220e-01
7.771669923351857e-03	-1.163218e-01
7.791201173351857e-03	-1.198808e-01
7.810732423351857e-03	-1.226178e-01
7.830263673351857e-03	-1.245659e-01
7.849794923351857e-03	-1.257507e-01
7.869326173351857e-03	-1.261884e-01
7.879091798351856e-03	-1.261285e-01
7.888857423351856e-03	-1.258810e-01
7.898623048351856e-03	-1.254425e-01
7.908388673351856e-03	-1.248063e-01
7.918154298351857e-03	-1.239624e-01
7.927919923351857e-03	-1.228929e-01
7.937685548351857e-03	-1.215717e-01
7.947451173351857e-03	-1.199525e-01
7.957216798351856e-03	-1.179528e-01
7.966982423351856e-03	-1.154068e-01
7.976748048351856e-03	-1.119104e-01
7.986513673351856e-03	-1.061347e-01
7.995049919041996e-03	-9.591237e-02
8.003421177742158e-03	-7.786733e-02
8.010439631089833e-03	-5.749397e-02
8.014709761283979e-03	-4.625271e-02
8.018038011898723e-03	-4.069977e-02
8.020485651146478e-03	-3.768267e-02
8.022553358812086e-03	-3.509236e-02
8.024754536004793e-03	-3.241960e-02
8.028921121212479e-03	-2.751032e-02
8.036544202271796e-03	-1.894538e-02
8.046309827271796e-03	-8.620553e-03
8.056075452271797e-03	1.084299e-03
8.065841077271797e-03	1.022532e-02
8.075606702271797e-03	1.884948e-02
8.085372327271797e-03	2.698439e-02
8.095137952271797e-03	3.466340e-02
8.104903577271796e-03	4.190538e-02
8.114669202271796e-03	4.873809e-02
8.124434827271796e-03	5.517590e-02
8.134200452271798e-03	6.124294e-02
8.143966077271797e-03	6.695049e-02
8.153731702271797e-03	7.231981e-02
8.163497327271797e-03	7.735984e-02
8.173262952271797e-03	8.208933e-02
8.183028577271797e-03	8.651523e-02
8.192794202271796e-03	9.065436e-02
8.202559827271796e-03	9.451196e-02
8.212325452271796e-03	9.810308e-02
8.222091077271797e-03	1.014316e-01
8.231856702271797e-03	1.045111e-01
8.241622327271797e-03	1.073443e-01
8.251387952271797e-03	1.099433e-01
8.261153577271797e-03	1.123101e-01
8.270919202271796e-03	1.144557e-01
8.280684827271796e-03	1.163810e-01
8.290450452271796e-03	1.180960e-01
8.300216077271797e-03	1.196011e-01
8.309981702271797e-03	1.209051e-01
8.319747327271797e-03	1.220077e-01
8.329512952271797e-03	1.229167e-01
8.339278577271797e-03	1.236310e-01
8.349044202271796e-03	1.241570e-01
8.358809827271796e-03	1.244924e-01
8.368575452271796e-03	1.246420e-01
8.378341077271798e-03	1.246017e-01
8.388106702271797e-03	1.243735e-01
8.397872327271797e-03	1.239499e-01
8.407637952271797e-03	1.233280e-01
8.417403577271797e-03	1.224929e-01
8.427169202271797e-03	1.214298e-01
8.436934827271796e-03	1.201074e-01
8.446700452271796e-03	1.184798e-01
8.456466077271796e-03	1.164548e-01
8.466231702271797e-03	1.138537e-01
8.475997327271797e-03	1.102171e-01
8.485762952271797e-03	1.039803e-01
8.494958035676303e-03	9.154104e-02
8.503339414488517e-03	7.176236e-02
8.509141097397007e-03	5.454652e-02
8.513069081434191e-03	4.456152e-02
8.515760736286812e-03	4.015358e-02
8.518814515136043e-03	3.626810e-02
8.521168955908003e-03	3.334647e-02
8.523652725051531e-03	3.035758e-02
8.528620263338586e-03	2.457025e-02
8.535094149801860e-03	1.736521e-02
8.544859774801862e-03	7.080838e-03
8.546080477926861e-03	5.845326e-03
8.548521884176862e-03	3.392520e-03
8.549132235739361e-03	2.786260e-03
8.550352938864360e-03	1.578530e-03
8.551243246517314e-03	7.029353e-04
8.551347006903739e-03	6.010447e-04
8.551554527676589e-03	3.975284e-04
8.551969569222290e-03	-8.023323e-06
8.552799652313691e-03	-8.159251e-04
8.553723955279735e-03	-1.710839e-03
8.555572561211824e-03	-3.485779e-03
8.559269773076002e-03	-6.976995e-03
8.566299549258033e-03	-1.340505e-02
8.576065174258032e-03	-2.190038e-02
8.585830799258034e-03	-2.991784e-02
8.595596424258034e-03	-3.748455e-02
8.605362049258033e-03	-4.462408e-02
8.615127674258033e-03	-5.135815e-02
8.624893299258033e-03	-5.770615e-02
8.634658924258033e-03	-6.368630e-02
8.644424549258033e-03	-6.931496e-02
8.654190174258032e-03	-7.460765e-02
8.663955799258032e-03	-7.957827e-02
8.673721424258034e-03	-8.424012e-02
8.683487049258034e-03	-8.860500e-02
8.693252674258033e-03	-9.268431e-02
8.703018299258033e-03	-9.648820e-02
8.712783924258033e-03	-1.000264e-01
8.722549549258033e-03	-1.033077e-01
8.732315174258033e-03	-1.063403e-01
8.742080799258032e-03	-1.091319e-01
8.751846424258034e-03	-1.116895e-01
8.761612049258034e-03	-1.140197e-01
8.771377674258033e-03	-1.161286e-01
8.781143299258033e-03	-1.180217e-01
8.790908924258033e-03	-1.197045e-01
8.800674549258033e-03	-1.211815e-01
8.810440174258033e-03	-1.224572e-01
8.820205799258032e-03	-1.235354e-01
8.829971424258034e-03	-1.244198e-01
8.839737049258034e-03	-1.251132e-01
8.849502674258033e-03	-1.256182e-01
8.859268299258033e-03	-1.259363e-01
8.869033924258033e-03	-1.260685e-01
8.878799549258033e-03	-1.260146e-01
8.888565174258033e-03	-1.257731e-01
8.898330799258032e-03	-1.253402e-01
8.908096424258034e-03	-1.247098e-01
8.917862049258034e-03	-1.238714e-01
8.927627674258034e-03	-1.228076e-01
8.937393299258033e-03	-1.214922e-01
8.947158924258033e-03	-1.198794e-01
8.956924549258033e-03	-1.178869e-01
8.966690174258033e-03	-1.153505e-01
8.976455799258033e-03	-1.118702e-01
8.986221424258032e-03	-1.061353e-01
8.994802274617254e-03	-9.592018e-02
9.003160776208949e-03	-7.796675e-02
9.010202161380586e-03	-5.754902e-02
9.014485430635388e-03	-4.624489e-02
9.017864081979722e-03	-4.059466e-02
9.020295488868339e-03	-3.760455e-02
9.022355970337959e-03	-3.502329e-02
9.024549614005846e-03	-3.235970e-02
9.028643810582654e-03	-2.753435e-02
9.036832203736271e-03	-1.834825e-02
9.046597828736271e-03	-8.057603e-03
9.056363453736272e-03	1.617897e-03
9.066129078736272e-03	1.073139e-02
9.075894703736272e-03	1.933059e-02
9.085660328736271e-03	2.744163e-02
9.095425953736271e-03	3.509867e-02
9.105191578736271e-03	4.231954e-02
9.114957203736271e-03	4.913271e-02
9.124722828736271e-03	5.555170e-02
9.134488453736272e-03	6.160127e-02
9.144254078736272e-03	6.729195e-02
9.154019703736272e-03	7.264558e-02
9.163785328736272e-03	7.767044e-02
9.173550953736271e-03	8.238579e-02
9.183316578736271e-03	8.679798e-02
9.193082203736271e-03	9.092430e-02
9.202847828736271e-03	9.476948e-02
9.212613453736272e-03	9.834896e-02
9.222379078736272e-03	1.016662e-01
9.232144703736272e-03	1.047350e-01
9.241910328736272e-03	1.075579e-01
9.251675953736271e-03	1.101472e-01
9.261441578736271e-03	1.125045e-01
9.271207203736271e-03	1.146411e-01
9.280972828736271e-03	1.165576e-01
9.290738453736271e-03	1.182644e-01
9.300504078736272e-03	1.197614e-01
9.310269703736272e-03	1.210578e-01
9.320035328736272e-03	1.221529e-01
9.329800953736271e-03	1.230548e-01
9.339566578736271e-03	1.237621e-01
9.349332203736271e-03	1.242815e-01
9.359097828736271e-03	1.246103e-01
9.368863453736271e-03	1.247537e-01
9.378629078736272e-03	1.247073e-01
9.388394703736272e-03	1.244732e-01
9.398160328736272e-03	1.240436e-01
9.407925953736272e-03	1.234160e-01
9.417691578736271e-03	1.225751e-01
9.427457203736271e-03	1.215062e-01
9.437222828736271e-03	1.201776e-01
9.446988453736271e-03	1.185433e-01
9.456754078736272e-03	1.165102e-01
9.466519703736272e-03	1.138980e-01
9.476285328736272e-03	1.102417e-01
9.486050953736272e-03	1.039509e-01
9.495112809438619e-03	9.166036e-02
9.503520808537291e-03	7.181923e-02
9.509307844768198e-03	5.464056e-02
9.513237667117119e-03	4.464504e-02
9.515939360192448e-03	4.021884e-02
9.518993854787688e-03	3.633352e-02
9.521346643836309e-03	3.341345e-02
9.523826670840327e-03	3.042880e-02
9.528786724848359e-03	2.464927e-02
9.535174514522109e-03	1.753659e-02
9.544940139522109e-03	7.244666e-03
9.546160842647108e-03	6.008286e-03
9.548602248897109e-03	3.553766e-03
9.549212600459609e-03	2.947078e-03
9.550433303584609e-03	1.738486e-03
9.550597407711066e-03	1.576820e-03
9.550925615963980e-03	1.253824e-03
9.551205607395785e-03	9.783300e-04
9.551257172072830e-03	9.275330e-04
9.551360301426922e-03	8.260241e-04
9.551566560135106e-03	6.236773e-04
9.551979077551473e-03	2.202082e-04
9.552544291094745e-03	-3.310412e-04
9.553674718181294e-03	-1.427709e-03
9.555935572354391e-03	-3.599030e-03
9.560457280700584e-03	-7.853762e-03
9.567329871408433e-03	-1.410365e-02
9.577095496408432e-03	-2.255654e-02
9.586861121408432e-03	-3.053404e-02
9.596626746408432e-03	-3.806270e-02
9.606392371408432e-03	-4.516615e-02
9.616157996408432e-03	-5.186564e-02
9.625923621408431e-03	-5.818072e-02
9.635689246408431e-03	-6.412917e-02
9.645454871408433e-03	-6.972755e-02
9.655220496408433e-03	-7.499101e-02
9.664986121408432e-03	-7.993358e-02
9.674751746408432e-03	-8.456814e-02
9.684517371408432e-03	-8.890685e-02
9.694282996408432e-03	-9.296066e-02
9.704048621408431e-03	-9.673997e-02
9.713814246408431e-03	-1.002542e-01
9.723579871408433e-03	-1.035122e-01
9.733345496408433e-03	-1.065221e-01
9.743111121408432e-03	-1.092915e-01
9.752876746408432e-03	-1.118275e-01
9.762642371408432e-03	-1.141365e-01
9.772407996408432e-03	-1.162246e-01
9.791939246408431e-03	-1.197602e-01
9.811470496408433e-03	-1.224738e-01
9.831001746408432e-03	-1.243983e-01
9.850532996408432e-03	-1.255590e-01
9.870064246408431e-03	-1.259716e-01
9.879829871408431e-03	-1.258986e-01
9.889595496408433e-03	-1.256373e-01
9.899361121408433e-03	-1.251840e-01
9.909126746408432e-03	-1.245320e-01
9.918892371408432e-03	-1.236703e-01
9.928657996408432e-03	-1.225803e-01
9.938423621408432e-03	-1.212343e-01
9.948189246408431e-03	-1.195832e-01
9.957954871408431e-03	-1.175383e-01
9.967720496408433e-03	-1.149186e-01
9.977486121408433e-03	-1.112707e-01
9.987251746408432e-03	-1.050477e-01
9.995349348051996e-03	-9.470464e-02
1.000000000000000e-02	-8.527909e-02
