time	V(n012)
0.000000000000000e+00	4.500007e-14
1.428571445265854e-08	-1.889687e-09
2.857142890531708e-08	-1.613303e-09
4.285714335797562e-08	8.291977e-10
5.714285781063416e-08	5.437815e-09
7.142857226329269e-08	1.221255e-08
8.571428671595124e-08	2.115340e-08
1.000000011686097e-07	3.226037e-08
1.705562753466589e-07	4.984726e-07
2.545287636663673e-07	2.857158e-06
3.456705570165072e-07	8.877426e-06
5.279541437167873e-07	3.010162e-05
7.491241954026170e-07	6.846751e-05
1.041589154361041e-06	1.398170e-04
1.403892154732328e-06	2.579970e-04
1.912333372974775e-06	4.714869e-04
2.597869493512989e-06	8.345761e-04
3.593034677817192e-06	1.481688e-03
5.033388757759806e-06	2.602386e-03
7.284069828021968e-06	4.634642e-03
1.059383164072723e-05	7.992547e-03
1.560603787814817e-05	1.355999e-02
2.388242665463549e-05	2.346567e-02
3.364805165463548e-05	3.486031e-02
4.341367665463549e-05	4.423421e-02
5.317930165463549e-05	5.210126e-02
6.294492665463548e-05	5.936931e-02
7.271055165463549e-05	6.614605e-02
8.247617665463549e-05	7.259183e-02
9.224180165463548e-05	7.869617e-02
1.020074266546355e-04	8.452254e-02
1.117730516546355e-04	9.005430e-02
1.215386766546355e-04	9.532626e-02
1.313043016546355e-04	1.003253e-01
1.410699266546355e-04	1.050777e-01
1.508355516546355e-04	1.095719e-01
1.606011766546355e-04	1.138283e-01
1.703668016546355e-04	1.178378e-01
1.801324266546355e-04	1.216168e-01
1.898980516546355e-04	1.251581e-01
1.996636766546355e-04	1.284751e-01
2.094293016546355e-04	1.315619e-01
2.191949266546355e-04	1.344296e-01
2.246137748724598e-04	1.359224e-01
2.297117596598685e-04	1.372678e-01
2.330907045871794e-04	1.381250e-01
2.351501824685914e-04	1.386365e-01
2.372342252094580e-04	1.391434e-01
2.390261691193428e-04	1.395710e-01
2.409656694058129e-04	1.400262e-01
2.434110166144527e-04	1.405873e-01
2.479071802781756e-04	1.415849e-01
2.543243539304357e-04	1.429292e-01
2.640899789304357e-04	1.448002e-01
2.738556039304357e-04	1.464589e-01
2.836212289304357e-04	1.479088e-01
2.933868539304357e-04	1.491485e-01
3.031524789304357e-04	1.501806e-01
3.129181039304357e-04	1.510033e-01
3.226837289304357e-04	1.516179e-01
3.324493539304357e-04	1.520211e-01
3.422149789304357e-04	1.522128e-01
3.519806039304357e-04	1.521873e-01
3.617462289304357e-04	1.519413e-01
3.715118539304357e-04	1.514647e-01
3.812774789304357e-04	1.507483e-01
3.910431039304357e-04	1.497728e-01
4.008087289304357e-04	1.485152e-01
4.105743539304357e-04	1.469345e-01
4.203399789304357e-04	1.449705e-01
4.301056039304357e-04	1.425161e-01
4.398712289304357e-04	1.393808e-01
4.481077812816065e-04	1.359390e-01
4.489661939668292e-04	1.355209e-01
4.506830193372746e-04	1.346541e-01
4.532379023150211e-04	1.332483e-01
4.555937963099902e-04	1.318198e-01
4.558407691365820e-04	1.316613e-01
4.563347147897655e-04	1.313410e-01
4.570502336749879e-04	1.308646e-01
4.577462358573976e-04	1.303865e-01
4.584815205327760e-04	1.298658e-01
4.591880214854152e-04	1.293504e-01
4.600614728095871e-04	1.286916e-01
4.609920184266106e-04	1.279625e-01
4.627575816240323e-04	1.264980e-01
4.645254149848836e-04	1.249209e-01
4.680610817065862e-04	1.214228e-01
4.751324151499913e-04	1.131291e-01
4.848980401499913e-04	9.946948e-02
4.946636651499913e-04	8.405914e-02
5.044292901499913e-04	6.734003e-02
5.141949151499913e-04	4.976074e-02
5.239605401499913e-04	3.296748e-02
5.337261651499913e-04	1.866363e-02
5.349468682749913e-04	1.704787e-02
5.373882745249914e-04	1.383639e-02
5.415288896289036e-04	8.539495e-03
5.422190993478377e-04	7.678811e-03
5.433608207254934e-04	6.261485e-03
5.434693858301878e-04	6.127465e-03
5.436865160395766e-04	5.859689e-03
5.439003493772532e-04	5.596010e-03
5.439358836877020e-04	5.552153e-03
5.440069523085995e-04	5.464498e-03
5.441490895503945e-04	5.289660e-03
5.444333640339846e-04	4.941024e-03
5.449239642699878e-04	4.341158e-03
5.459051647419939e-04	3.148409e-03
5.478675656860063e-04	7.890728e-04
5.517923675740312e-04	-3.830227e-03
5.579793610803379e-04	-1.086510e-02
5.677449860803380e-04	-2.141930e-02
5.775106110803379e-04	-3.136671e-02
5.872762360803379e-04	-4.075746e-02
5.970418610803379e-04	-4.962666e-02
6.068074860803379e-04	-5.800395e-02
6.165731110803379e-04	-6.591354e-02
6.263387360803379e-04	-7.337776e-02
6.361043610803379e-04	-8.041596e-02
6.458699860803379e-04	-8.704649e-02
6.556356110803379e-04	-9.328569e-02
6.654012360803379e-04	-9.914880e-02
6.751668610803379e-04	-1.046497e-01
6.849324860803379e-04	-1.098018e-01
6.946981110803380e-04	-1.146167e-01
7.044637360803379e-04	-1.191057e-01
7.142293610803379e-04	-1.232791e-01
7.239949860803379e-04	-1.271466e-01
7.337606110803379e-04	-1.307166e-01
7.435262360803379e-04	-1.339976e-01
7.532918610803379e-04	-1.369969e-01
7.630574860803379e-04	-1.397216e-01
7.825887360803379e-04	-1.443714e-01
8.021199860803379e-04	-1.479910e-01
8.216512360803380e-04	-1.506146e-01
8.314168610803379e-04	-1.515607e-01
8.411824860803379e-04	-1.522654e-01
8.509481110803379e-04	-1.527291e-01
8.607137360803379e-04	-1.529510e-01
8.704793610803379e-04	-1.529280e-01
8.802449860803379e-04	-1.526547e-01
8.900106110803379e-04	-1.521219e-01
8.997762360803379e-04	-1.513150e-01
9.095418610803379e-04	-1.502115e-01
9.193074860803379e-04	-1.487754e-01
9.290731110803379e-04	-1.469487e-01
9.388387360803380e-04	-1.446322e-01
9.486043610803380e-04	-1.416442e-01
9.583699860803379e-04	-1.376238e-01
9.681356110803379e-04	-1.318337e-01
9.779012360803380e-04	-1.231574e-01
9.876668610803380e-04	-1.112088e-01
9.974324860803380e-04	-9.689990e-02
1.007198111080338e-03	-8.107681e-02
1.016963736080338e-03	-6.405560e-02
1.026729361080338e-03	-4.655572e-02
1.036494986080338e-03	-3.055930e-02
1.046260611080338e-03	-1.703045e-02
1.056026236080338e-03	-4.871611e-03
1.065791861080338e-03	6.439982e-03
1.075557486080338e-03	1.702895e-02
1.085323111080338e-03	2.701250e-02
1.095088736080338e-03	3.641858e-02
1.104854361080338e-03	4.530379e-02
1.114619986080338e-03	5.368185e-02
1.124385611080338e-03	6.159149e-02
1.134151236080338e-03	6.904311e-02
1.143916861080338e-03	7.606696e-02
1.153682486080338e-03	8.267205e-02
1.163448111080338e-03	8.888324e-02
1.173213736080338e-03	9.470861e-02
1.182979361080338e-03	1.001688e-01
1.192744986080338e-03	1.052710e-01
1.202510611080338e-03	1.100329e-01
1.212276236080338e-03	1.144606e-01
1.222041861080338e-03	1.185693e-01
1.231807486080338e-03	1.223641e-01
1.241573111080338e-03	1.258579e-01
1.251338736080338e-03	1.290554e-01
1.261104361080338e-03	1.319672e-01
1.268695951784734e-03	1.340352e-01
1.274003080889795e-03	1.353825e-01
1.279586533581095e-03	1.367117e-01
1.283074808047274e-03	1.374983e-01
1.285335619825763e-03	1.379897e-01
1.287611668410394e-03	1.384705e-01
1.289595552592542e-03	1.388772e-01
1.291731047730794e-03	1.393030e-01
1.294382589542903e-03	1.398143e-01
1.299326073966837e-03	1.407159e-01
1.306178663497966e-03	1.418560e-01
1.315944288497966e-03	1.432622e-01
1.325709913497966e-03	1.444141e-01
1.335475538497966e-03	1.453132e-01
1.345241163497966e-03	1.459603e-01
1.355006788497966e-03	1.463539e-01
1.364772413497966e-03	1.464911e-01
1.374538038497966e-03	1.463655e-01
1.384303663497966e-03	1.459672e-01
1.394069288497966e-03	1.452794e-01
1.403834913497966e-03	1.442770e-01
1.413600538497966e-03	1.429185e-01
1.423366163497966e-03	1.411371e-01
1.433131788497966e-03	1.388151e-01
1.442897413497966e-03	1.357337e-01
1.444118116622966e-03	1.352744e-01
1.446559522872966e-03	1.343095e-01
1.449306604400682e-03	1.331114e-01
1.451294943091261e-03	1.321651e-01
1.451555450454617e-03	1.320350e-01
1.452076465181329e-03	1.317720e-01
1.452972885340672e-03	1.313060e-01
1.453801689439638e-03	1.308591e-01
1.454665818589214e-03	1.303766e-01
1.455592937460859e-03	1.298394e-01
1.456667589736676e-03	1.291900e-01
1.457788329227272e-03	1.284800e-01
1.459772774231766e-03	1.271341e-01
1.462263494047525e-03	1.252701e-01
1.467244933679042e-03	1.208896e-01
1.477010558679042e-03	1.097789e-01
1.486776183679042e-03	9.606221e-02
1.496541808679042e-03	8.067831e-02
1.506307433679042e-03	6.399266e-02
1.516073058679042e-03	4.653042e-02
1.525838683679042e-03	3.006435e-02
1.535604308679042e-03	1.610676e-02
1.536825011804042e-03	1.451939e-02
1.539266418054042e-03	1.136509e-02
1.541928448606100e-03	7.996161e-03
1.542593956244115e-03	7.169175e-03
1.543924971520144e-03	5.524504e-03
1.544257725339151e-03	5.116805e-03
1.544923232977165e-03	4.303684e-03
1.545615189254507e-03	3.462593e-03
1.545636812888174e-03	3.436327e-03
1.545680060155507e-03	3.383730e-03
1.545766554690175e-03	3.278588e-03
1.545939543759510e-03	3.069243e-03
1.546186794167720e-03	2.770729e-03
1.546681294984140e-03	2.175291e-03
1.547670296616978e-03	9.913552e-04
1.549648299882656e-03	-1.350907e-03
1.553604306414012e-03	-5.937331e-03
1.559656042167035e-03	-1.272049e-02
1.569421667167035e-03	-2.313248e-02
1.579187292167035e-03	-3.294805e-02
1.588952917167035e-03	-4.221546e-02
1.598718542167035e-03	-5.096881e-02
1.608484167167036e-03	-5.923687e-02
1.618249792167036e-03	-6.704331e-02
1.628015417167036e-03	-7.440986e-02
1.637781042167036e-03	-8.135550e-02
1.647546667167036e-03	-8.789805e-02
1.657312292167036e-03	-9.405362e-02
1.667077917167036e-03	-9.983695e-02
1.676843542167036e-03	-1.052618e-01
1.686609167167036e-03	-1.103410e-01
1.696374792167036e-03	-1.150862e-01
1.706140417167036e-03	-1.195083e-01
1.715906042167035e-03	-1.236173e-01
1.725671667167035e-03	-1.274227e-01
1.735437292167035e-03	-1.309329e-01
1.745202917167035e-03	-1.341560e-01
1.754968542167035e-03	-1.370992e-01
1.764734167167035e-03	-1.397693e-01
1.784265417167035e-03	-1.443143e-01
1.794031042167035e-03	-1.461999e-01
1.813562292167035e-03	-1.492190e-01
1.823327917167035e-03	-1.503595e-01
1.833093542167035e-03	-1.512574e-01
1.852624792167036e-03	-1.523289e-01
1.862390417167036e-03	-1.525013e-01
1.872156042167036e-03	-1.524273e-01
1.881921667167036e-03	-1.521007e-01
1.891687292167036e-03	-1.515111e-01
1.901452917167036e-03	-1.506421e-01
1.911218542167036e-03	-1.494682e-01
1.920984167167036e-03	-1.479489e-01
1.930749792167036e-03	-1.460178e-01
1.940515417167036e-03	-1.435597e-01
1.950281042167036e-03	-1.403591e-01
1.960046667167036e-03	-1.359803e-01
1.969812292167035e-03	-1.295581e-01
1.979577917167036e-03	-1.200182e-01
1.989343542167035e-03	-1.073548e-01
1.999109167167036e-03	-9.261473e-02
2.008874792167035e-03	-7.645988e-02
2.018640417167036e-03	-5.920526e-02
2.028406042167035e-03	-4.187259e-02
2.038171667167036e-03	-2.655418e-02
2.047937292167035e-03	-1.349703e-02
2.057702917167036e-03	-1.563896e-03
2.067468542167035e-03	9.534125e-03
2.077234167167036e-03	1.996858e-02
2.086999792167035e-03	2.979123e-02
2.096765417167035e-03	3.906548e-02
2.106531042167036e-03	4.781349e-02
2.116296667167035e-03	5.607384e-02
2.126062292167036e-03	6.386226e-02
2.135827917167035e-03	7.120746e-02
2.145593542167036e-03	7.812271e-02
2.155359167167035e-03	8.463103e-02
2.165124792167036e-03	9.074431e-02
2.174890417167035e-03	9.648125e-02
2.184656042167036e-03	1.018524e-01
2.194421667167035e-03	1.068738e-01
2.204187292167036e-03	1.115544e-01
2.213952917167035e-03	1.159078e-01
2.223718542167036e-03	1.199420e-01
2.233484167167035e-03	1.236682e-01
2.243249792167036e-03	1.270935e-01
2.253015417167035e-03	1.302273e-01
2.262781042167036e-03	1.330757e-01
2.268789225261116e-03	1.346894e-01
2.273667862336224e-03	1.359227e-01
2.279395820587186e-03	1.372843e-01
2.282252401372260e-03	1.379292e-01
2.284215950178128e-03	1.383594e-01
2.286662429293112e-03	1.388802e-01
2.288498255730001e-03	1.392597e-01
2.290684396980718e-03	1.397001e-01
2.295056679482152e-03	1.405406e-01
2.302446136984266e-03	1.418436e-01
2.312211761984266e-03	1.433391e-01
2.321977386984266e-03	1.445810e-01
2.331743011984266e-03	1.455700e-01
2.341508636984266e-03	1.463086e-01
2.351274261984266e-03	1.467951e-01
2.361039886984266e-03	1.470286e-01
2.370805511984266e-03	1.470030e-01
2.380571136984266e-03	1.467116e-01
2.390336761984266e-03	1.461397e-01
2.400102386984266e-03	1.452679e-01
2.409868011984266e-03	1.440619e-01
2.419633636984266e-03	1.424697e-01
2.429399261984266e-03	1.404003e-01
2.439164886984266e-03	1.376921e-01
2.445444349538323e-03	1.354820e-01
2.446124485196618e-03	1.352123e-01
2.447484756513208e-03	1.346588e-01
2.450205299146386e-03	1.334634e-01
2.453058123276814e-03	1.320706e-01
2.454590987971517e-03	1.312545e-01
2.455712772691933e-03	1.306227e-01
2.456996052680130e-03	1.298629e-01
2.457961189027968e-03	1.292638e-01
2.459049774660412e-03	1.285574e-01
2.460600140688152e-03	1.274917e-01
2.462697073478666e-03	1.259297e-01
2.466420012065684e-03	1.227837e-01
2.471706449211500e-03	1.174471e-01
2.480405187242424e-03	1.066704e-01
2.490170812242424e-03	9.243243e-02
2.499936437242424e-03	7.665750e-02
2.509702062242424e-03	5.966951e-02
2.519467687242424e-03	4.223065e-02
2.529233312242424e-03	2.638771e-02
2.538998937242424e-03	1.300096e-02
2.540219640367424e-03	1.144466e-02
2.542661046617424e-03	8.360150e-03
2.543271398179924e-03	7.600131e-03
2.544492101304924e-03	6.088568e-03
2.545660430037537e-03	4.657117e-03
2.545952512220690e-03	4.301758e-03
2.546536676586997e-03	3.592669e-03
2.546682717678573e-03	3.416019e-03
2.546974799861727e-03	3.063142e-03
2.547423703153680e-03	2.522420e-03
2.547709226657128e-03	2.178535e-03
2.547752864484519e-03	2.126035e-03
2.547840140139303e-03	2.021266e-03
2.548014691448869e-03	1.812249e-03
2.548363794068002e-03	1.394798e-03
2.549061999306269e-03	5.633530e-04
2.550458409782802e-03	-1.086871e-03
2.553251230735869e-03	-4.338488e-03
2.558798111347104e-03	-1.061548e-02
2.567678273651101e-03	-2.020938e-02
2.577443898651101e-03	-3.017678e-02
2.587209523651101e-03	-3.958429e-02
2.596975148651101e-03	-4.846895e-02
2.606740773651101e-03	-5.686056e-02
2.616506398651101e-03	-6.478401e-02
2.626272023651101e-03	-7.226144e-02
2.636037648651101e-03	-7.931252e-02
2.645803273651101e-03	-8.595537e-02
2.655568898651101e-03	-9.220656e-02
2.665334523651101e-03	-9.808113e-02
2.675100148651101e-03	-1.035931e-01
2.684865773651101e-03	-1.087557e-01
2.694631398651101e-03	-1.135806e-01
2.704397023651101e-03	-1.180793e-01
2.714162648651101e-03	-1.222617e-01
2.723928273651101e-03	-1.261376e-01
2.733693898651101e-03	-1.297157e-01
2.743459523651101e-03	-1.330041e-01
2.753225148651101e-03	-1.360103e-01
2.762990773651101e-03	-1.387412e-01
2.782522023651101e-03	-1.434018e-01
2.802053273651101e-03	-1.470292e-01
2.821584523651101e-03	-1.496576e-01
2.841115773651101e-03	-1.513091e-01
2.860647023651101e-03	-1.519903e-01
2.870412648651101e-03	-1.519624e-01
2.880178273651101e-03	-1.516819e-01
2.889943898651101e-03	-1.511387e-01
2.899709523651101e-03	-1.503176e-01
2.909475148651101e-03	-1.491940e-01
2.919240773651101e-03	-1.477296e-01
2.929006398651101e-03	-1.458616e-01
2.938772023651101e-03	-1.434816e-01
2.948537648651101e-03	-1.403889e-01
2.958303273651101e-03	-1.361810e-01
2.968068898651101e-03	-1.300464e-01
2.977834523651101e-03	-1.208834e-01
2.987600148651101e-03	-1.085256e-01
2.997365773651101e-03	-9.397534e-02
3.007131398651101e-03	-7.796896e-02
3.016897023651101e-03	-6.081306e-02
3.026662648651101e-03	-4.339470e-02
3.036428273651101e-03	-2.778318e-02
3.046193898651101e-03	-1.455465e-02
3.055959523651101e-03	-2.539889e-03
3.065725148651101e-03	8.644369e-03
3.075490773651101e-03	1.913727e-02
3.085256398651101e-03	2.902599e-02
3.095022023651101e-03	3.835239e-02
3.104787648651101e-03	4.715821e-02
3.114553273651101e-03	5.546723e-02
3.124318898651101e-03	6.330846e-02
3.134084523651101e-03	7.069972e-02
3.143850148651101e-03	7.766417e-02
3.153615773651101e-03	8.421645e-02
3.163381398651101e-03	9.037612e-02
3.173147023651101e-03	9.615532e-02
3.182912648651101e-03	1.015707e-01
3.192678273651101e-03	1.066328e-01
3.202443898651101e-03	1.113559e-01
3.212209523651101e-03	1.157489e-01
3.221975148651101e-03	1.198241e-01
3.231740773651101e-03	1.235891e-01
3.241506398651101e-03	1.270544e-01
3.251272023651101e-03	1.302264e-01
3.261037648651101e-03	1.331140e-01
3.267016914689220e-03	1.347431e-01
3.271820511530355e-03	1.359777e-01
3.277511703117442e-03	1.373544e-01
3.280389562946425e-03	1.380166e-01
3.282336514003862e-03	1.384514e-01
3.284769963559884e-03	1.389799e-01
3.286562021356995e-03	1.393583e-01
3.288726857446461e-03	1.398039e-01
3.293056529625393e-03	1.406561e-01
3.300357994983566e-03	1.419780e-01
3.310123619983566e-03	1.435212e-01
3.319889244983566e-03	1.448106e-01
3.329654869983566e-03	1.458480e-01
3.339420494983566e-03	1.466354e-01
3.349186119983566e-03	1.471723e-01
3.358951744983566e-03	1.474575e-01
3.368717369983566e-03	1.474866e-01
3.378482994983566e-03	1.472529e-01
3.388248619983566e-03	1.467443e-01
3.398014244983566e-03	1.459429e-01
3.407779869983566e-03	1.448192e-01
3.417545494983566e-03	1.433273e-01
3.427311119983566e-03	1.413895e-01
3.437076744983566e-03	1.388694e-01
3.446842369983566e-03	1.355047e-01
3.447768734314857e-03	1.351253e-01
3.449621462977438e-03	1.343364e-01
3.452831250954197e-03	1.328256e-01
3.454587709611863e-03	1.319168e-01
3.455936629342458e-03	1.311727e-01
3.456997102453712e-03	1.305567e-01
3.458157584443255e-03	1.298509e-01
3.459237873329501e-03	1.291616e-01
3.460273634538511e-03	1.284701e-01
3.461878225406027e-03	1.273346e-01
3.463849925457208e-03	1.258256e-01
3.467087450699911e-03	1.230529e-01
3.471698936270046e-03	1.184406e-01
3.478923751679059e-03	1.097643e-01
3.488689376679059e-03	9.593549e-02
3.498455001679059e-03	8.044232e-02
3.508220626679059e-03	6.367808e-02
3.517986251679059e-03	4.619587e-02
3.527751876679059e-03	2.983632e-02
3.537517501679059e-03	1.598901e-02
3.547283126679059e-03	3.706351e-03
3.547434892504792e-03	3.520729e-03
3.547738424156258e-03	3.150662e-03
3.548345487459190e-03	2.416996e-03
3.549336978279787e-03	1.229980e-03
3.549463920074120e-03	1.078583e-03
3.549717803662788e-03	7.762832e-04
3.550225570840124e-03	1.742452e-04
3.551053798472788e-03	-8.029894e-04
3.552093183623792e-03	-2.021221e-03
3.554171953925800e-03	-4.431195e-03
3.558329494529815e-03	-9.149984e-03
3.565224323278651e-03	-1.669939e-02
3.574989948278651e-03	-2.685616e-02
3.584755573278651e-03	-3.643755e-02
3.594521198278651e-03	-4.548515e-02
3.604286823278651e-03	-5.403000e-02
3.614052448278651e-03	-6.209885e-02
3.623818073278651e-03	-6.971414e-02
3.633583698278651e-03	-7.689673e-02
3.643349323278651e-03	-8.366479e-02
3.653114948278651e-03	-9.003566e-02
3.662880573278651e-03	-9.602463e-02
3.672646198278651e-03	-1.016465e-01
3.682411823278651e-03	-1.069141e-01
3.692177448278651e-03	-1.118403e-01
3.701943073278651e-03	-1.164360e-01
3.711708698278651e-03	-1.207121e-01
3.721474323278651e-03	-1.246781e-01
3.731239948278651e-03	-1.283433e-01
3.741005573278651e-03	-1.317157e-01
3.750771198278651e-03	-1.348034e-01
3.760536823278651e-03	-1.376131e-01
3.770302448278651e-03	-1.401516e-01
3.780068073278651e-03	-1.424245e-01
3.789833698278651e-03	-1.444375e-01
3.799599323278651e-03	-1.461950e-01
3.809364948278651e-03	-1.477012e-01
3.819130573278651e-03	-1.489595e-01
3.828896198278651e-03	-1.499728e-01
3.838661823278651e-03	-1.507423e-01
3.848427448278651e-03	-1.512691e-01
3.858193073278651e-03	-1.515518e-01
3.867958698278651e-03	-1.515881e-01
3.877724323278651e-03	-1.513722e-01
3.887489948278651e-03	-1.508955e-01
3.897255573278651e-03	-1.501436e-01
3.907021198278651e-03	-1.490942e-01
3.916786823278651e-03	-1.477123e-01
3.926552448278651e-03	-1.459409e-01
3.936318073278651e-03	-1.436830e-01
3.946083698278651e-03	-1.407619e-01
3.955849323278651e-03	-1.368274e-01
3.965614948278651e-03	-1.311636e-01
3.975380573278651e-03	-1.226598e-01
3.985146198278651e-03	-1.108732e-01
3.994911823278651e-03	-9.667588e-02
4.004677448278651e-03	-8.093583e-02
4.014443073278651e-03	-6.397417e-02
4.024208698278651e-03	-4.647002e-02
4.033974323278651e-03	-3.037955e-02
4.043739948278651e-03	-1.677575e-02
4.053505573278651e-03	-4.587114e-03
4.063271198278651e-03	6.751786e-03
4.073036823278651e-03	1.736115e-02
4.082802448278651e-03	2.736730e-02
4.092568073278651e-03	3.679391e-02
4.102333698278651e-03	4.570190e-02
4.112099323278651e-03	5.410206e-02
4.121864948278651e-03	6.203578e-02
4.131630573278651e-03	6.951141e-02
4.141396198278651e-03	7.656101e-02
4.151161823278651e-03	8.319211e-02
4.160927448278651e-03	8.943101e-02
4.170693073278651e-03	9.528437e-02
4.180458698278651e-03	1.007741e-01
4.190224323278651e-03	1.059064e-01
4.199989948278651e-03	1.106998e-01
4.209755573278651e-03	1.151597e-01
4.219521198278651e-03	1.193018e-01
4.229286823278651e-03	1.231309e-01
4.239052448278651e-03	1.266603e-01
4.248818073278651e-03	1.298941e-01
4.258583698278651e-03	1.328436e-01
4.264864026636495e-03	1.345907e-01
4.269723535551713e-03	1.358653e-01
4.275479750883240e-03	1.372864e-01
4.278498108744013e-03	1.379952e-01
4.280448399981982e-03	1.384396e-01
4.283031996813542e-03	1.390117e-01
4.284505040991659e-03	1.393295e-01
4.286721054746913e-03	1.397962e-01
4.291153082257420e-03	1.406894e-01
4.300017137278436e-03	1.423152e-01
4.309782762278436e-03	1.438617e-01
4.319548387278435e-03	1.451544e-01
4.329314012278435e-03	1.461964e-01
4.339079637278436e-03	1.469885e-01
4.348845262278436e-03	1.475315e-01
4.358610887278435e-03	1.478232e-01
4.368376512278435e-03	1.478604e-01
4.378142137278436e-03	1.476357e-01
4.387907762278436e-03	1.471386e-01
4.397673387278435e-03	1.463506e-01
4.407439012278435e-03	1.452447e-01
4.417204637278436e-03	1.437756e-01
4.426970262278436e-03	1.418703e-01
4.436735887278435e-03	1.393982e-01
4.446501512278435e-03	1.361133e-01
4.452180988794578e-03	1.336589e-01
4.455699755056062e-03	1.318512e-01
4.457447357859786e-03	1.308526e-01
4.458556091294899e-03	1.301794e-01
4.459580868828435e-03	1.295285e-01
4.460660686368955e-03	1.288109e-01
4.461884191638873e-03	1.279558e-01
4.463779785032481e-03	1.265370e-01
4.467137730309595e-03	1.237194e-01
4.472854196359655e-03	1.179763e-01
4.482619821359655e-03	1.057172e-01
4.492385446359656e-03	9.124643e-02
4.502151071359655e-03	7.530790e-02
4.511916696359655e-03	5.819702e-02
4.521682321359655e-03	4.081146e-02
4.531447946359655e-03	2.524258e-02
4.541213571359655e-03	1.205808e-02
4.542434274484655e-03	1.051262e-02
4.544875680734656e-03	7.453404e-03
4.545486032297155e-03	6.700236e-03
4.546706735422155e-03	5.201727e-03
4.549148141672155e-03	2.249430e-03
4.549457695933542e-03	1.879530e-03
4.550076804456314e-03	1.141426e-03
4.550486515988250e-03	6.544766e-04
4.550535732695716e-03	5.959517e-04
4.550634166110649e-03	4.789299e-04
4.550831032940514e-03	2.456341e-04
4.551224766600244e-03	-2.193371e-04
4.551668383044419e-03	-7.418128e-04
4.552555615932769e-03	-1.781497e-03
4.554330081709469e-03	-3.841850e-03
4.557879013262867e-03	-7.888126e-03
4.563918146053806e-03	-1.456034e-02
4.573683771053806e-03	-2.483092e-02
4.583449396053806e-03	-3.451641e-02
4.593215021053807e-03	-4.366090e-02
4.602980646053806e-03	-5.229687e-02
4.612746271053806e-03	-6.045173e-02
4.622511896053806e-03	-6.814867e-02
4.632277521053807e-03	-7.540872e-02
4.642043146053806e-03	-8.225064e-02
4.651808771053806e-03	-8.869178e-02
4.661574396053806e-03	-9.474809e-02
4.671340021053807e-03	-1.004340e-01
4.681105646053806e-03	-1.057631e-01
4.690871271053806e-03	-1.107480e-01
4.700636896053806e-03	-1.154002e-01
4.710402521053807e-03	-1.197304e-01
4.720168146053806e-03	-1.237485e-01
4.729933771053806e-03	-1.274638e-01
4.739699396053806e-03	-1.308846e-01
4.749465021053806e-03	-1.340188e-01
4.759230646053807e-03	-1.368736e-01
4.768996271053806e-03	-1.394555e-01
4.788527521053806e-03	-1.438244e-01
4.808058771053806e-03	-1.471664e-01
4.827590021053806e-03	-1.495122e-01
4.847121271053806e-03	-1.508797e-01
4.856886896053806e-03	-1.511974e-01
4.866652521053806e-03	-1.512681e-01
4.876418146053807e-03	-1.510869e-01
4.886183771053806e-03	-1.506451e-01
4.895949396053806e-03	-1.499291e-01
4.905715021053806e-03	-1.489174e-01
4.915480646053807e-03	-1.475765e-01
4.925246271053806e-03	-1.458518e-01
4.935011896053806e-03	-1.436509e-01
4.944777521053806e-03	-1.408066e-01
4.954543146053807e-03	-1.369901e-01
4.964308771053806e-03	-1.315266e-01
4.974074396053806e-03	-1.233175e-01
4.983840021053806e-03	-1.118051e-01
4.993605646053807e-03	-9.778188e-02
5.003371271053807e-03	-8.216800e-02
5.013136896053806e-03	-6.530380e-02
5.022902521053806e-03	-4.779014e-02
5.032668146053806e-03	-3.149672e-02
5.042433771053807e-03	-1.770848e-02
5.052199396053806e-03	-5.438143e-03
5.061965021053806e-03	5.971263e-03
5.071730646053806e-03	1.663334e-02
5.081496271053807e-03	2.669222e-02
5.091261896053806e-03	3.616409e-02
5.101027521053806e-03	4.511810e-02
5.110793146053806e-03	5.355963e-02
5.120558771053807e-03	6.153532e-02
5.130324396053806e-03	6.904955e-02
5.140090021053806e-03	7.613817e-02
5.149855646053806e-03	8.280566e-02
5.159621271053807e-03	8.908123e-02
5.169386896053806e-03	9.496917e-02
5.179152521053806e-03	1.004936e-01
5.188918146053806e-03	1.056591e-01
5.198683771053807e-03	1.104856e-01
5.208449396053806e-03	1.149774e-01
5.218215021053806e-03	1.191515e-01
5.227980646053806e-03	1.230115e-01
5.237746271053807e-03	1.265718e-01
5.247511896053807e-03	1.298358e-01
5.257277521053806e-03	1.328155e-01
5.263654675968005e-03	1.346080e-01
5.268535825045778e-03	1.359017e-01
5.274300636591288e-03	1.373403e-01
5.277351863523640e-03	1.380648e-01
5.279307340278210e-03	1.385153e-01
5.281928031821481e-03	1.391022e-01
5.283424137048649e-03	1.394286e-01
5.285615783944311e-03	1.398954e-01
5.289999077735635e-03	1.407900e-01
5.297984781361989e-03	1.422846e-01
5.307750406361990e-03	1.438795e-01
5.317516031361990e-03	1.452204e-01
5.327281656361990e-03	1.463108e-01
5.337047281361989e-03	1.471516e-01
5.346812906361990e-03	1.477441e-01
5.356578531361990e-03	1.480862e-01
5.366344156361990e-03	1.481759e-01
5.376109781361989e-03	1.480060e-01
5.385875406361990e-03	1.475677e-01
5.395641031361990e-03	1.468442e-01
5.405406656361990e-03	1.458115e-01
5.415172281361989e-03	1.444293e-01
5.424937906361989e-03	1.426337e-01
5.434703531361990e-03	1.403119e-01
5.444469156361990e-03	1.372563e-01
5.450076673155795e-03	1.350307e-01
5.450610782853395e-03	1.347936e-01
5.451679002248593e-03	1.343094e-01
5.453815441038990e-03	1.332783e-01
5.455564236701752e-03	1.323678e-01
5.455867213221871e-03	1.322026e-01
5.456473166262109e-03	1.318680e-01
5.457300683491256e-03	1.313968e-01
5.458077371857207e-03	1.309387e-01
5.458910754200486e-03	1.304302e-01
5.459742095809821e-03	1.299048e-01
5.460734777517993e-03	1.292525e-01
5.461781029201452e-03	1.285340e-01
5.463705347120698e-03	1.271231e-01
5.465845707108613e-03	1.254088e-01
5.470126427084444e-03	1.214840e-01
5.478687867036106e-03	1.116973e-01
5.488453492036106e-03	9.807722e-02
5.498219117036106e-03	8.273837e-02
5.507984742036107e-03	6.609534e-02
5.517750367036106e-03	4.862434e-02
5.527515992036106e-03	3.200776e-02
5.537281617036106e-03	1.788107e-02
5.547047242036107e-03	5.468633e-03
5.548267945161106e-03	3.979685e-03
5.550709351411106e-03	1.045126e-03
5.551834717556934e-03	-2.845369e-04
5.552000700029745e-03	-4.799387e-04
5.552332664975367e-03	-8.702163e-04
5.552996594866609e-03	-1.647778e-03
5.554324454649096e-03	-3.191897e-03
5.556980174214067e-03	-6.238215e-03
5.562291613344010e-03	-1.217161e-02
5.571153116960689e-03	-2.163661e-02
5.580918741960689e-03	-3.149469e-02
5.590684366960690e-03	-4.079962e-02
5.600449991960689e-03	-4.958646e-02
5.610215616960689e-03	-5.788409e-02
5.619981241960689e-03	-6.571659e-02
5.629746866960690e-03	-7.310582e-02
5.639512491960689e-03	-8.007096e-02
5.649278116960689e-03	-8.662999e-02
5.659043741960689e-03	-9.279897e-02
5.668809366960690e-03	-9.859321e-02
5.678574991960689e-03	-1.040262e-01
5.688340616960689e-03	-1.091110e-01
5.698106241960689e-03	-1.138594e-01
5.707871866960690e-03	-1.182823e-01
5.717637491960689e-03	-1.223900e-01
5.727403116960689e-03	-1.261918e-01
5.737168741960689e-03	-1.296964e-01
5.746934366960689e-03	-1.329119e-01
5.756699991960689e-03	-1.358455e-01
5.766465616960689e-03	-1.385041e-01
5.776231241960689e-03	-1.408938e-01
5.785996866960689e-03	-1.430203e-01
5.795762491960690e-03	-1.448886e-01
5.805528116960689e-03	-1.465029e-01
5.815293741960689e-03	-1.478670e-01
5.825059366960689e-03	-1.489840e-01
5.834824991960690e-03	-1.498558e-01
5.844590616960689e-03	-1.504834e-01
5.854356241960689e-03	-1.508664e-01
5.864121866960689e-03	-1.510029e-01
5.873887491960690e-03	-1.508882e-01
5.883653116960689e-03	-1.505149e-01
5.893418741960689e-03	-1.498704e-01
5.903184366960689e-03	-1.489355e-01
5.912949991960690e-03	-1.476797e-01
5.922715616960689e-03	-1.460541e-01
5.932481241960689e-03	-1.439772e-01
5.942246866960689e-03	-1.413032e-01
5.952012491960690e-03	-1.377509e-01
5.961778116960689e-03	-1.327429e-01
5.971543741960689e-03	-1.252420e-01
5.981309366960689e-03	-1.144398e-01
5.991074991960689e-03	-1.008789e-01
6.000840616960689e-03	-8.558305e-02
6.010606241960689e-03	-6.897416e-02
6.020371866960689e-03	-5.149911e-02
6.030137491960689e-03	-3.473961e-02
6.039903116960690e-03	-2.043697e-02
6.049668741960689e-03	-7.932291e-03
6.059434366960689e-03	3.661561e-03
6.069199991960689e-03	1.446651e-02
6.078965616960690e-03	2.466040e-02
6.088731241960689e-03	3.425176e-02
6.098496866960689e-03	4.332218e-02
6.108262491960689e-03	5.187088e-02
6.118028116960690e-03	5.995144e-02
6.127793741960689e-03	6.756385e-02
6.137559366960689e-03	7.474858e-02
6.147324991960689e-03	8.150697e-02
6.157090616960690e-03	8.787140e-02
6.166856241960689e-03	9.384421e-02
6.176621866960689e-03	9.945168e-02
6.186387491960689e-03	1.046967e-01
6.196153116960690e-03	1.096012e-01
6.205918741960689e-03	1.141682e-01
6.215684366960689e-03	1.184160e-01
6.225449991960689e-03	1.223474e-01
6.235215616960689e-03	1.259779e-01
6.244981241960689e-03	1.293101e-01
6.254746866960689e-03	1.323571e-01
6.261927881287388e-03	1.344158e-01
6.266998138035417e-03	1.357806e-01
6.272350102701342e-03	1.371396e-01
6.275689590832083e-03	1.379475e-01
6.277821216928825e-03	1.384468e-01
6.279999500149212e-03	1.389440e-01
6.281860992506970e-03	1.393583e-01
6.283876819332999e-03	1.397957e-01
6.286422817106178e-03	1.403329e-01
6.291072538147711e-03	1.412670e-01
6.297699856896228e-03	1.424980e-01
6.307465481896228e-03	1.440957e-01
6.317231106896228e-03	1.454412e-01
6.326996731896227e-03	1.465352e-01
6.336762356896228e-03	1.473814e-01
6.346527981896228e-03	1.479783e-01
6.356293606896228e-03	1.483270e-01
6.366059231896227e-03	1.484224e-01
6.375824856896228e-03	1.482607e-01
6.385590481896228e-03	1.478303e-01
6.395356106896228e-03	1.471177e-01
6.405121731896227e-03	1.460969e-01
6.414887356896228e-03	1.447315e-01
6.424652981896228e-03	1.429569e-01
6.434418606896228e-03	1.406670e-01
6.444184231896227e-03	1.376600e-01
6.449824834365207e-03	1.354633e-01
6.451545659141921e-03	1.347019e-01
6.453840092177540e-03	1.336092e-01
6.456089137318198e-03	1.324390e-01
6.456456050395705e-03	1.322367e-01
6.457189876550720e-03	1.318258e-01
6.458023383415846e-03	1.313429e-01
6.458823422515033e-03	1.308624e-01
6.459653561275734e-03	1.303464e-01
6.460556488503748e-03	1.297642e-01
6.461540524194774e-03	1.291035e-01
6.462709476844555e-03	1.282809e-01
6.464480390597472e-03	1.269517e-01
6.467323963844924e-03	1.245923e-01
6.472995615979753e-03	1.190039e-01
6.482611994058213e-03	1.071005e-01
6.492377619058214e-03	9.274972e-02
6.502143244058214e-03	7.689979e-02
6.511908869058214e-03	5.985293e-02
6.521674494058213e-03	4.241616e-02
6.531440119058214e-03	2.664907e-02
6.541205744058214e-03	1.331678e-02
6.542426447183214e-03	1.176263e-02
6.544867853433214e-03	8.683611e-03
6.549750665933214e-03	2.711136e-03
6.550574655237383e-03	1.728490e-03
6.550780652563425e-03	1.483166e-03
6.551192647215509e-03	9.933169e-04
6.551716671718668e-03	3.726313e-04
6.552283614951934e-03	-2.965373e-04
6.552361650225077e-03	-3.886101e-04
6.552517720771364e-03	-5.725637e-04
6.552829861863939e-03	-9.390708e-04
6.553429369152287e-03	-1.640435e-03
6.554039057122414e-03	-2.350796e-03
6.555258433062668e-03	-3.762320e-03
6.557697184943176e-03	-6.550730e-03
6.562574688704192e-03	-1.199376e-02
6.570046690640734e-03	-2.001184e-02
6.579812315640734e-03	-2.995571e-02
6.589577940640734e-03	-3.933983e-02
6.599343565640734e-03	-4.820102e-02
6.609109190640734e-03	-5.656872e-02
6.618874815640734e-03	-6.446770e-02
6.628640440640734e-03	-7.192004e-02
6.638406065640734e-03	-7.894532e-02
6.648171690640734e-03	-8.556169e-02
6.657937315640734e-03	-9.178545e-02
6.667702940640734e-03	-9.763210e-02
6.677468565640734e-03	-1.031153e-01
6.687234190640734e-03	-1.082482e-01
6.696999815640734e-03	-1.130427e-01
6.706765440640734e-03	-1.175101e-01
6.716531065640734e-03	-1.216605e-01
6.726296690640734e-03	-1.255036e-01
6.736062315640734e-03	-1.290479e-01
6.745827940640734e-03	-1.323017e-01
6.755593565640734e-03	-1.352724e-01
6.765359190640734e-03	-1.379670e-01
6.784890440640734e-03	-1.425520e-01
6.804421690640734e-03	-1.460996e-01
6.814187315640734e-03	-1.474950e-01
6.823952940640734e-03	-1.486427e-01
6.833718565640734e-03	-1.495445e-01
6.843484190640734e-03	-1.502018e-01
6.853249815640734e-03	-1.506141e-01
6.863015440640734e-03	-1.507797e-01
6.872781065640734e-03	-1.506943e-01
6.882546690640735e-03	-1.503506e-01
6.892312315640734e-03	-1.497367e-01
6.902077940640734e-03	-1.488339e-01
6.911843565640734e-03	-1.476130e-01
6.921609190640734e-03	-1.460271e-01
6.931374815640734e-03	-1.439979e-01
6.941140440640734e-03	-1.413872e-01
6.950906065640734e-03	-1.379295e-01
6.960671690640734e-03	-1.330807e-01
6.970437315640734e-03	-1.258362e-01
6.980202940640734e-03	-1.153119e-01
6.989968565640734e-03	-1.019415e-01
6.999734190640734e-03	-8.677164e-02
7.009499815640734e-03	-7.026540e-02
7.019265440640734e-03	-5.282743e-02
7.029031065640734e-03	-3.591895e-02
7.038796690640734e-03	-2.141180e-02
7.048562315640734e-03	-8.809352e-03
7.058327940640734e-03	2.852766e-03
7.068093565640734e-03	1.371345e-02
7.077859190640734e-03	2.395671e-02
7.087624815640734e-03	3.359398e-02
7.097390440640734e-03	4.270722e-02
7.107156065640734e-03	5.129702e-02
7.116921690640734e-03	5.941653e-02
7.126687315640735e-03	6.706673e-02
7.136452940640734e-03	7.428751e-02
7.146218565640734e-03	8.108107e-02
7.155984190640734e-03	8.747920e-02
7.165749815640734e-03	9.348504e-02
7.175515440640734e-03	9.912429e-02
7.185281065640734e-03	1.044005e-01
7.195046690640734e-03	1.093352e-01
7.204812315640734e-03	1.139319e-01
7.214577940640734e-03	1.182086e-01
7.224343565640734e-03	1.221685e-01
7.234109190640734e-03	1.258267e-01
7.243874815640734e-03	1.291865e-01
7.253640440640734e-03	1.322603e-01
7.261147298891731e-03	1.344296e-01
7.266253193714405e-03	1.358127e-01
7.271505720442816e-03	1.371560e-01
7.274970184431248e-03	1.380001e-01
7.277149763640696e-03	1.385140e-01
7.279227513860075e-03	1.389915e-01
7.281140964795132e-03	1.394207e-01
7.283171537776912e-03	1.398644e-01
7.285571619217736e-03	1.403751e-01
7.290371782099386e-03	1.413477e-01
7.296776937023343e-03	1.425493e-01
7.306542562023343e-03	1.441679e-01
7.316308187023344e-03	1.455344e-01
7.326073812023343e-03	1.466494e-01
7.335839437023343e-03	1.475170e-01
7.345605062023343e-03	1.481356e-01
7.355370687023343e-03	1.485067e-01
7.365136312023343e-03	1.486253e-01
7.374901937023343e-03	1.484881e-01
7.384667562023343e-03	1.480839e-01
7.394433187023343e-03	1.474002e-01
7.404198812023343e-03	1.464121e-01
7.413964437023343e-03	1.450854e-01
7.423730062023343e-03	1.433594e-01
7.433495687023343e-03	1.411351e-01
7.443261312023343e-03	1.382262e-01
7.449322555589098e-03	1.359368e-01
7.451321585260362e-03	1.350713e-01
7.453986958155382e-03	1.338147e-01
7.456692328332833e-03	1.323992e-01
7.457048009103497e-03	1.322004e-01
7.457759370644827e-03	1.317965e-01
7.458601545055443e-03	1.313018e-01
7.459472541533178e-03	1.307705e-01
7.460351575837153e-03	1.302143e-01
7.461315715236214e-03	1.295797e-01
7.462284117747741e-03	1.289153e-01
7.463708993242724e-03	1.278849e-01
7.465486639916116e-03	1.265064e-01
7.469041933262902e-03	1.234142e-01
7.474796677875780e-03	1.174297e-01
7.484562302875780e-03	1.048933e-01
7.494327927875781e-03	9.024022e-02
7.504093552875781e-03	7.415914e-02
7.513859177875780e-03	5.695117e-02
7.523624802875780e-03	3.963679e-02
7.533390427875781e-03	2.433011e-02
7.543156052875781e-03	1.129403e-02
7.544376756000780e-03	9.754179e-03
7.546818162250781e-03	6.713605e-03
7.547428513813280e-03	5.966375e-03
7.548649216938281e-03	4.478922e-03
7.551090623188280e-03	1.546246e-03
7.551485755473924e-03	1.077343e-03
7.552276020045210e-03	1.422857e-04
7.552811637508432e-03	-4.887483e-04
7.552863231662171e-03	-5.495372e-04
7.552966419969650e-03	-6.710847e-04
7.553172796584608e-03	-9.133982e-04
7.553585549814524e-03	-1.396371e-03
7.554031308329899e-03	-1.916568e-03
7.554922825360651e-03	-2.951802e-03
7.556705859422154e-03	-5.003654e-03
7.560271927545159e-03	-9.034110e-03
7.566382307908280e-03	-1.572710e-02
7.576147932908280e-03	-2.591094e-02
7.585913557908280e-03	-3.551622e-02
7.595679182908281e-03	-4.458484e-02
7.605444807908280e-03	-5.314834e-02
7.615210432908280e-03	-6.123341e-02
7.624976057908280e-03	-6.886291e-02
7.634741682908281e-03	-7.605751e-02
7.644507307908281e-03	-8.283578e-02
7.654272932908280e-03	-8.921485e-02
7.664038557908280e-03	-9.521051e-02
7.673804182908281e-03	-1.008370e-01
7.683569807908281e-03	-1.061079e-01
7.693335432908280e-03	-1.110356e-01
7.703101057908280e-03	-1.156314e-01
7.712866682908281e-03	-1.199061e-01
7.722632307908281e-03	-1.238694e-01
7.732397932908280e-03	-1.275304e-01
7.742163557908280e-03	-1.308976e-01
7.751929182908280e-03	-1.339785e-01
7.761694807908281e-03	-1.367804e-01
7.771460432908280e-03	-1.393097e-01
7.790991682908280e-03	-1.435736e-01
7.810522932908280e-03	-1.468103e-01
7.830054182908280e-03	-1.490491e-01
7.839819807908280e-03	-1.497999e-01
7.849585432908280e-03	-1.503057e-01
7.859351057908281e-03	-1.505653e-01
7.869116682908281e-03	-1.505754e-01
7.878882307908281e-03	-1.503299e-01
7.888647932908281e-03	-1.498186e-01
7.898413557908280e-03	-1.490257e-01
7.908179182908280e-03	-1.479262e-01
7.917944807908280e-03	-1.464805e-01
7.927710432908280e-03	-1.446236e-01
7.937476057908281e-03	-1.422433e-01
7.947241682908281e-03	-1.391301e-01
7.957007307908281e-03	-1.348626e-01
7.966772932908281e-03	-1.285994e-01
7.976538557908280e-03	-1.192578e-01
7.986304182908280e-03	-1.067652e-01
7.996069807908280e-03	-9.214447e-02
8.005835432908280e-03	-7.608265e-02
8.015601057908280e-03	-5.888879e-02
8.025366682908281e-03	-4.152920e-02
8.035132307908281e-03	-2.610988e-02
8.044897932908281e-03	-1.299659e-02
8.054663557908280e-03	-1.040428e-03
8.064429182908280e-03	1.008045e-02
8.074194807908280e-03	2.053185e-02
8.083960432908280e-03	3.037485e-02
8.093726057908280e-03	3.966765e-02
8.103491682908281e-03	4.843750e-02
8.113257307908281e-03	5.671917e-02
8.123022932908281e-03	6.453186e-02
8.132788557908281e-03	7.190134e-02
8.142554182908280e-03	7.884356e-02
8.152319807908280e-03	8.537921e-02
8.162085432908280e-03	9.152225e-02
8.171851057908280e-03	9.728951e-02
8.181616682908281e-03	1.026933e-01
8.191382307908281e-03	1.077478e-01
8.201147932908281e-03	1.124638e-01
8.210913557908281e-03	1.168533e-01
8.220679182908280e-03	1.209257e-01
8.230444807908280e-03	1.246908e-01
8.240210432908280e-03	1.281571e-01
8.249976057908280e-03	1.313328e-01
8.259741682908280e-03	1.342249e-01
8.265379166631871e-03	1.357675e-01
8.270321293673269e-03	1.370447e-01
8.274289370336413e-03	1.380199e-01
8.276576273623066e-03	1.385626e-01
8.278521828540724e-03	1.390125e-01
8.280665345180236e-03	1.394960e-01
8.282713522381347e-03	1.399456e-01
8.284992934823581e-03	1.404330e-01
8.289551759708049e-03	1.413643e-01
8.295905522919658e-03	1.425687e-01
8.305671147919660e-03	1.442076e-01
8.315436772919660e-03	1.455940e-01
8.325202397919659e-03	1.467295e-01
8.334968022919659e-03	1.476172e-01
8.344733647919659e-03	1.482568e-01
8.354499272919659e-03	1.486488e-01
8.364264897919658e-03	1.487895e-01
8.374030522919658e-03	1.486750e-01
8.383796147919660e-03	1.482955e-01
8.393561772919660e-03	1.476383e-01
8.403327397919659e-03	1.466805e-01
8.413093022919659e-03	1.453888e-01
8.422858647919659e-03	1.437066e-01
8.432624272919659e-03	1.415404e-01
8.442389897919659e-03	1.387171e-01
8.449310522681787e-03	1.361520e-01
8.450101828053079e-03	1.358167e-01
8.451684438795662e-03	1.351251e-01
8.454412328428274e-03	1.338291e-01
8.457221472615276e-03	1.323427e-01
8.458731852616815e-03	1.314705e-01
8.459781913491029e-03	1.308294e-01
8.460896336263889e-03	1.301174e-01
8.461817903663486e-03	1.295024e-01
8.462835820802511e-03	1.287940e-01
8.464342047029793e-03	1.276861e-01
8.466270607215030e-03	1.261574e-01
8.469405583860924e-03	1.233901e-01
8.473849961701517e-03	1.188467e-01
8.480515746834756e-03	1.107806e-01
8.490281371834756e-03	9.694684e-02
8.500046996834756e-03	8.144011e-02
8.509812621834756e-03	6.466796e-02
8.519578246834756e-03	4.717162e-02
8.529343871834755e-03	3.077143e-02
8.539109496834757e-03	1.688140e-02
8.548875121834757e-03	4.573143e-03
8.550095824959756e-03	3.096686e-03
8.552056644064181e-03	7.525479e-04
8.552160523705667e-03	6.299255e-04
8.552368282988637e-03	3.848361e-04
8.552783801554579e-03	-1.045494e-04
8.553164494090772e-03	-5.523367e-04
8.553224066686071e-03	-6.224551e-04
8.553343211876674e-03	-7.626002e-04
8.553581502257877e-03	-1.041942e-03
8.554058083020283e-03	-1.598784e-03
8.554560415675263e-03	-2.183871e-03
8.555565080985225e-03	-3.347681e-03
8.557574411605148e-03	-5.651804e-03
8.561593072844993e-03	-1.016812e-02
8.568474814497698e-03	-1.763638e-02
8.578240439497698e-03	-2.770620e-02
8.588006064497698e-03	-3.720646e-02
8.597771689497697e-03	-4.617634e-02
8.607537314497697e-03	-5.464644e-02
8.617302939497697e-03	-6.264241e-02
8.627068564497698e-03	-7.018682e-02
8.636834189497698e-03	-7.729974e-02
8.646599814497698e-03	-8.399962e-02
8.656365439497698e-03	-9.030312e-02
8.666131064497698e-03	-9.622598e-02
8.675896689497697e-03	-1.017821e-01
8.685662314497697e-03	-1.069849e-01
8.695427939497697e-03	-1.118465e-01
8.705193564497697e-03	-1.163784e-01
8.714959189497698e-03	-1.205907e-01
8.724724814497698e-03	-1.244935e-01
8.734490439497698e-03	-1.280953e-01
8.744256064497698e-03	-1.314047e-01
8.754021689497698e-03	-1.344292e-01
8.763787314497697e-03	-1.371757e-01
8.773552939497697e-03	-1.396507e-01
8.793084189497698e-03	-1.438086e-01
8.812615439497698e-03	-1.469419e-01
8.832146689497698e-03	-1.490786e-01
8.841912314497697e-03	-1.497784e-01
8.851677939497697e-03	-1.502327e-01
8.861443564497697e-03	-1.504401e-01
8.871209189497698e-03	-1.503964e-01
8.880974814497698e-03	-1.500950e-01
8.890740439497698e-03	-1.495245e-01
8.900506064497698e-03	-1.486673e-01
8.910271689497698e-03	-1.474954e-01
8.920037314497697e-03	-1.459649e-01
8.929802939497697e-03	-1.440020e-01
8.939568564497697e-03	-1.414779e-01
8.949334189497697e-03	-1.381476e-01
8.959099814497698e-03	-1.335111e-01
8.968865439497698e-03	-1.266149e-01
8.978631064497698e-03	-1.164873e-01
8.988396689497698e-03	-1.033994e-01
8.998162314497698e-03	-8.841178e-02
9.007927939497697e-03	-7.205439e-02
9.017693564497697e-03	-5.468527e-02
9.027459189497697e-03	-3.759455e-02
9.037224814497698e-03	-2.279118e-02
9.046990439497698e-03	-1.003878e-02
9.056756064497698e-03	1.718978e-03
9.066521689497698e-03	1.266086e-02
9.076287314497698e-03	2.297272e-02
9.086052939497697e-03	3.267581e-02
9.095818564497697e-03	4.184869e-02
9.105584189497697e-03	5.049708e-02
9.115349814497698e-03	5.867096e-02
9.125115439497698e-03	6.637486e-02
9.134881064497698e-03	7.364608e-02
9.144646689497698e-03	8.048954e-02
9.154412314497698e-03	8.693492e-02
9.164177939497697e-03	9.298757e-02
9.173943564497697e-03	9.867143e-02
9.183709189497697e-03	1.039919e-01
9.193474814497697e-03	1.089690e-01
9.203240439497698e-03	1.136078e-01
9.213006064497698e-03	1.179250e-01
9.222771689497698e-03	1.219253e-01
9.232537314497698e-03	1.256227e-01
9.242302939497698e-03	1.290214e-01
9.252068564497697e-03	1.321330e-01
9.260161981459536e-03	1.344965e-01
9.265413045806059e-03	1.359288e-01
9.270551578352330e-03	1.372528e-01
9.274132391245197e-03	1.381318e-01
9.276338818048952e-03	1.386558e-01
9.278356176178212e-03	1.391229e-01
9.280492735589879e-03	1.396053e-01
9.282441842958542e-03	1.400338e-01
9.284891369956239e-03	1.405584e-01
9.289790423951633e-03	1.415568e-01
9.295959777406184e-03	1.427225e-01
9.305725402406184e-03	1.443578e-01
9.315491027406184e-03	1.457411e-01
9.325256652406183e-03	1.468733e-01
9.335022277406185e-03	1.477584e-01
9.344787902406185e-03	1.483953e-01
9.354553527406185e-03	1.487853e-01
9.364319152406184e-03	1.489238e-01
9.374084777406184e-03	1.488079e-01
9.383850402406184e-03	1.484268e-01
9.393616027406184e-03	1.477689e-01
9.403381652406183e-03	1.468106e-01
9.413147277406183e-03	1.455195e-01
9.422912902406185e-03	1.438386e-01
9.432678527406185e-03	1.416758e-01
9.442444152406184e-03	1.388586e-01
9.449532092815374e-03	1.362317e-01
9.451960230981793e-03	1.351778e-01
9.454693689897403e-03	1.338731e-01
9.457516337301448e-03	1.323719e-01
9.459017827386730e-03	1.315002e-01
9.460062080593655e-03	1.308593e-01
9.461147973194747e-03	1.301624e-01
9.462070141756426e-03	1.295447e-01
9.463076935944913e-03	1.288415e-01
9.464660291721605e-03	1.276710e-01
9.466619341570537e-03	1.261068e-01
9.470208219736438e-03	1.228838e-01
9.475317010241246e-03	1.174824e-01
9.483954412529820e-03	1.064753e-01
9.493720037529820e-03	9.200028e-02
9.503485662529820e-03	7.604238e-02
9.513251287529820e-03	5.892162e-02
9.523016912529821e-03	4.152153e-02
9.532782537529821e-03	2.592852e-02
9.542548162529821e-03	1.272284e-02
9.543768865654820e-03	1.117554e-02
9.546210271904821e-03	8.112529e-03
9.551093084404820e-03	2.171409e-03
9.551884000172850e-03	1.232389e-03
9.552081729114857e-03	9.979461e-04
9.552477186998873e-03	5.297914e-04
9.552982619265406e-03	-6.637965e-05
9.553541768863512e-03	-7.236758e-04
9.553617002838327e-03	-8.120993e-04
9.553767470787958e-03	-9.887764e-04
9.554068406687219e-03	-1.340781e-03
9.554644321616368e-03	-2.012033e-03
9.555218933045437e-03	-2.679216e-03
9.556368155903572e-03	-4.005435e-03
9.558666601619845e-03	-6.627433e-03
9.563263493052391e-03	-1.175307e-02
9.570383882376654e-03	-1.940270e-02
9.580149507376654e-03	-2.936792e-02
9.589915132376654e-03	-3.877128e-02
9.599680757376656e-03	-4.765004e-02
9.609446382376655e-03	-5.603375e-02
9.619212007376655e-03	-6.394739e-02
9.628977632376655e-03	-7.141309e-02
9.638743257376655e-03	-7.845054e-02
9.648508882376654e-03	-8.507793e-02
9.658274507376654e-03	-9.131164e-02
9.668040132376654e-03	-9.716723e-02
9.677805757376656e-03	-1.026584e-01
9.687571382376655e-03	-1.077983e-01
9.697337007376655e-03	-1.125991e-01
9.707102632376655e-03	-1.170718e-01
9.716868257376655e-03	-1.212267e-01
9.726633882376655e-03	-1.250736e-01
9.736399507376654e-03	-1.286210e-01
9.746165132376654e-03	-1.318772e-01
9.755930757376656e-03	-1.348496e-01
9.765696382376655e-03	-1.375452e-01
9.785227632376655e-03	-1.421304e-01
9.804758882376655e-03	-1.456756e-01
9.814524507376654e-03	-1.470689e-01
9.824290132376654e-03	-1.482137e-01
9.834055757376656e-03	-1.491119e-01
9.843821382376656e-03	-1.497647e-01
9.853587007376655e-03	-1.501717e-01
9.863352632376655e-03	-1.503309e-01
9.873118257376655e-03	-1.502377e-01
9.882883882376655e-03	-1.498846e-01
9.892649507376654e-03	-1.492591e-01
9.902415132376654e-03	-1.483418e-01
9.912180757376654e-03	-1.471020e-01
9.921946382376656e-03	-1.454908e-01
9.931712007376655e-03	-1.434258e-01
9.941477632376655e-03	-1.407604e-01
9.951243257376655e-03	-1.372108e-01
9.961008882376655e-03	-1.321951e-01
9.970774507376655e-03	-1.246731e-01
9.980540132376654e-03	-1.138500e-01
9.990305757376654e-03	-1.002812e-01
1.000000000000000e-02	-nan(ind)
