time	V(n012)
0.000000000000000e+00	4.500008e-14
1.428571445265854e-08	-1.677618e-09
2.857142890531708e-08	-1.432098e-09
4.285714335797562e-08	7.366052e-10
5.714285781063416e-08	4.828491e-09
7.142857226329269e-08	1.084356e-08
8.571428671595124e-08	1.878181e-08
1.000000011686097e-07	2.864325e-08
1.700128461082683e-07	4.360155e-07
2.538150808602743e-07	2.519001e-06
3.435443187829286e-07	7.773931e-06
5.230027946282371e-07	2.644760e-05
7.406156043050872e-07	6.063198e-05
1.024444768652281e-06	1.243524e-04
1.371834584230661e-06	2.307522e-04
1.848391332985409e-06	4.234426e-04
2.474029217131911e-06	7.529201e-04
3.346460660783026e-06	1.340926e-03
4.540761305651781e-06	2.356033e-03
6.254440935619443e-06	4.158559e-03
8.745599799711816e-06	7.334503e-03
1.260955843972009e-05	1.314472e-02
1.811066094030954e-05	2.218552e-02
2.477788861490067e-05	3.121186e-02
2.938649544530449e-05	3.541506e-02
3.446278849109523e-05	3.936161e-02
4.077091480934076e-05	4.395481e-02
4.744119210478459e-05	4.851082e-02
5.720681710478459e-05	5.483883e-02
6.697244210478459e-05	6.081345e-02
7.673806710478459e-05	6.650274e-02
8.650369210478460e-05	7.191269e-02
9.626931710478459e-05	7.707450e-02
1.060349421047846e-04	8.198413e-02
1.158005671047846e-04	8.666208e-02
1.255661921047846e-04	9.110531e-02
1.353318171047846e-04	9.532892e-02
1.450974421047846e-04	9.932967e-02
1.548630671047846e-04	1.031202e-01
1.646286921047846e-04	1.066973e-01
1.743943171047846e-04	1.100718e-01
1.841599421047846e-04	1.132409e-01
1.939255671047846e-04	1.162138e-01
2.036911921047846e-04	1.189878e-01
2.134568171047846e-04	1.215710e-01
2.232224421047846e-04	1.239607e-01
2.329880671047846e-04	1.261642e-01
2.427536921047846e-04	1.281790e-01
2.622849421047846e-04	1.316585e-01
2.720505671047846e-04	1.331265e-01
2.818161921047846e-04	1.344125e-01
2.915818171047846e-04	1.355212e-01
3.013474421047846e-04	1.364503e-01
3.074000742205471e-04	1.369386e-01
3.117241461563648e-04	1.372449e-01
3.171299654949996e-04	1.375803e-01
3.206361076761985e-04	1.377679e-01
3.255816389878543e-04	1.379952e-01
3.353472639878543e-04	1.383093e-01
3.451128889878543e-04	1.384466e-01
3.548785139878543e-04	1.384038e-01
3.646441389878543e-04	1.381800e-01
3.744097639878543e-04	1.377694e-01
3.841753889878543e-04	1.371676e-01
3.939410139878543e-04	1.363641e-01
4.037066389878543e-04	1.353471e-01
4.134722639878543e-04	1.340952e-01
4.187446557248570e-04	1.333122e-01
4.219295069603697e-04	1.327982e-01
4.255255673304747e-04	1.321793e-01
4.284615616279620e-04	1.316410e-01
4.317195347651262e-04	1.310066e-01
4.363030914420342e-04	1.300404e-01
4.454702047958503e-04	1.277965e-01
4.549101602783747e-04	1.248898e-01
4.646757852783747e-04	1.207831e-01
4.744414102783747e-04	1.142486e-01
4.842070352783747e-04	1.025384e-01
4.939209321475044e-04	8.470392e-02
5.021291588630138e-04	6.641168e-02
5.103968436727654e-04	4.791293e-02
5.181745793447855e-04	3.481169e-02
5.230877696848642e-04	2.849547e-02
5.273291526447572e-04	2.306211e-02
5.316997466058282e-04	1.780820e-02
5.366318411071567e-04	1.203304e-02
5.374339815560524e-04	1.112214e-02
5.390382624538437e-04	9.307389e-03
5.394393326782916e-04	8.856190e-03
5.402414731271873e-04	7.956574e-03
5.411317552529623e-04	6.964467e-03
5.413543257844061e-04	6.717566e-03
5.417994668472936e-04	6.224489e-03
5.419107521130155e-04	6.101498e-03
5.421333226444593e-04	5.855710e-03
5.423405822825630e-04	5.626740e-03
5.423768521421902e-04	5.586599e-03
5.424493918614446e-04	5.506356e-03
5.425944712999534e-04	5.346361e-03
5.428846301769710e-04	5.027424e-03
5.433180462048238e-04	4.552070e-03
5.441848782605294e-04	3.605572e-03
5.459185423719405e-04	1.728113e-03
5.493858705947627e-04	-1.965570e-03
5.550650763316332e-04	-7.845933e-03
5.648307013316332e-04	-1.749604e-02
5.745963263316332e-04	-2.660181e-02
5.843619513316332e-04	-3.519920e-02
5.941275763316332e-04	-4.331724e-02
6.038932013316332e-04	-5.098160e-02
6.136588263316332e-04	-5.821479e-02
6.234244513316332e-04	-6.503753e-02
6.331900763316332e-04	-7.146852e-02
6.429557013316332e-04	-7.752513e-02
6.527213263316333e-04	-8.322328e-02
6.624869513316333e-04	-8.857761e-02
6.722525763316333e-04	-9.360169e-02
6.820182013316332e-04	-9.830815e-02
6.917838263316332e-04	-1.027085e-01
7.015494513316332e-04	-1.068137e-01
7.113150763316332e-04	-1.106335e-01
7.210807013316332e-04	-1.141772e-01
7.308463263316332e-04	-1.174533e-01
7.406119513316332e-04	-1.204698e-01
7.503775763316332e-04	-1.232339e-01
7.601432013316332e-04	-1.257525e-01
7.699088263316332e-04	-1.280318e-01
7.796744513316333e-04	-1.300777e-01
7.992057013316333e-04	-1.334900e-01
8.187369513316332e-04	-1.360266e-01
8.382682013316332e-04	-1.377169e-01
8.577994513316332e-04	-1.385810e-01
8.773307013316332e-04	-1.386253e-01
8.870963263316332e-04	-1.383365e-01
8.968619513316333e-04	-1.378345e-01
9.066275763316333e-04	-1.371108e-01
9.163932013316333e-04	-1.361519e-01
9.261588263316333e-04	-1.349352e-01
9.359244513316332e-04	-1.334268e-01
9.456900763316332e-04	-1.315678e-01
9.554557013316332e-04	-1.292511e-01
9.652213263316332e-04	-1.262618e-01
9.749869513316332e-04	-1.220851e-01
9.847525763316332e-04	-1.152725e-01
9.945182013316332e-04	-1.030205e-01
1.004283826331633e-03	-8.460427e-02
1.012355580433920e-03	-6.646060e-02
1.020484896857096e-03	-4.857697e-02
1.027509365638338e-03	-3.697385e-02
1.032090129526597e-03	-3.107722e-02
1.036232009536353e-03	-2.579546e-02
1.040535231704853e-03	-2.061994e-02
1.045737850411751e-03	-1.454496e-02
1.052597095847329e-03	-6.903590e-03
1.062362720847329e-03	3.416735e-03
1.072128345847329e-03	1.312270e-02
1.081893970847329e-03	2.227983e-02
1.091659595847329e-03	3.091596e-02
1.101425220847329e-03	3.906704e-02
1.111190845847329e-03	4.675579e-02
1.120956470847329e-03	5.400656e-02
1.130722095847329e-03	6.084035e-02
1.140487720847329e-03	6.727485e-02
1.150253345847329e-03	7.332984e-02
1.160018970847329e-03	7.901836e-02
1.169784595847329e-03	8.435912e-02
1.179550220847329e-03	8.936141e-02
1.189315845847329e-03	9.404285e-02
1.199081470847329e-03	9.841003e-02
1.208847095847329e-03	1.024794e-01
1.218612720847329e-03	1.062552e-01
1.228378345847329e-03	1.097529e-01
1.238143970847329e-03	1.129750e-01
1.247909595847329e-03	1.159358e-01
1.257675220847329e-03	1.186362e-01
1.267440845847329e-03	1.210898e-01
1.277206470847329e-03	1.232961e-01
1.286972095847329e-03	1.252677e-01
1.296737720847329e-03	1.270030e-01
1.306503345847329e-03	1.285136e-01
1.316268970847329e-03	1.297969e-01
1.326034595847329e-03	1.308632e-01
1.335800220847329e-03	1.317086e-01
1.345565845847329e-03	1.323422e-01
1.355331470847329e-03	1.327581e-01
1.365097095847329e-03	1.329631e-01
1.374862720847329e-03	1.329489e-01
1.384628345847329e-03	1.327184e-01
1.394393970847329e-03	1.322581e-01
1.404159595847329e-03	1.315634e-01
1.413925220847329e-03	1.306098e-01
1.423690845847329e-03	1.293750e-01
1.433456470847329e-03	1.278049e-01
1.443222095847329e-03	1.258218e-01
1.452987720847329e-03	1.232580e-01
1.462753345847329e-03	1.197600e-01
1.472518970847329e-03	1.143586e-01
1.482284595847329e-03	1.046207e-01
1.491596578204681e-03	8.941712e-02
1.501362203204681e-03	6.865763e-02
1.510002300719242e-03	4.908443e-02
1.517485205057661e-03	3.566206e-02
1.523120813629545e-03	2.819876e-02
1.528200440449126e-03	2.178920e-02
1.533899821580896e-03	1.500468e-02
1.535120524705896e-03	1.358939e-02
1.537561930955897e-03	1.078950e-02
1.538172282518396e-03	1.010017e-02
1.539392985643396e-03	8.726878e-03
1.541834391893397e-03	6.014081e-03
1.542237363678805e-03	5.571209e-03
1.543043307249621e-03	4.687891e-03
1.543616463843032e-03	4.062209e-03
1.543676375150895e-03	3.996791e-03
1.543796197766620e-03	3.866014e-03
1.544035842998071e-03	3.605370e-03
1.544515133460973e-03	3.085822e-03
1.545061945844459e-03	2.494861e-03
1.546155570611432e-03	1.319431e-03
1.548342820145377e-03	-1.007480e-03
1.552717319213268e-03	-5.566326e-03
1.560103501382729e-03	-1.299137e-02
1.569869126382729e-03	-2.231708e-02
1.579634751382729e-03	-3.112049e-02
1.589400376382729e-03	-3.943350e-02
1.599166001382729e-03	-4.728341e-02
1.608931626382729e-03	-5.469381e-02
1.618697251382729e-03	-6.168632e-02
1.628462876382729e-03	-6.828015e-02
1.638228501382729e-03	-7.449342e-02
1.647994126382729e-03	-8.034236e-02
1.657759751382729e-03	-8.584220e-02
1.667525376382729e-03	-9.100671e-02
1.677291001382729e-03	-9.584913e-02
1.687056626382729e-03	-1.003811e-01
1.696822251382729e-03	-1.046140e-01
1.706587876382729e-03	-1.085577e-01
1.716353501382729e-03	-1.122220e-01
1.726119126382729e-03	-1.156154e-01
1.735884751382729e-03	-1.187463e-01
1.745650376382729e-03	-1.216219e-01
1.755416001382729e-03	-1.242495e-01
1.765181626382729e-03	-1.266354e-01
1.784712876382729e-03	-1.307056e-01
1.804244126382729e-03	-1.338747e-01
1.823775376382729e-03	-1.361775e-01
1.843306626382729e-03	-1.376406e-01
1.862837876382729e-03	-1.382802e-01
1.872603501382729e-03	-1.382925e-01
1.882369126382729e-03	-1.380975e-01
1.892134751382729e-03	-1.376915e-01
1.901900376382729e-03	-1.370672e-01
1.911666001382729e-03	-1.362136e-01
1.921431626382729e-03	-1.351118e-01
1.931197251382729e-03	-1.337340e-01
1.940962876382729e-03	-1.320323e-01
1.950728501382729e-03	-1.299232e-01
1.960494126382729e-03	-1.272465e-01
1.970259751382729e-03	-1.236464e-01
1.980025376382729e-03	-1.181694e-01
1.989791001382728e-03	-1.083811e-01
1.999556626382729e-03	-9.225795e-02
2.009322251382728e-03	-7.125052e-02
2.018606523499718e-03	-5.042569e-02
2.027309791283829e-03	-3.582699e-02
2.032612125205889e-03	-2.915086e-02
2.036875482277471e-03	-2.374167e-02
2.041285743134262e-03	-1.852580e-02
2.045729200781640e-03	-1.337120e-02
2.051331445230349e-03	-7.145914e-03
2.059695021220227e-03	1.760483e-03
2.069460646220227e-03	1.157494e-02
2.079226271220227e-03	2.083554e-02
2.088991896220227e-03	2.956785e-02
2.098757521220227e-03	3.781090e-02
2.108523146220227e-03	4.558747e-02
2.118288771220227e-03	5.292191e-02
2.128054396220227e-03	5.983688e-02
2.137820021220227e-03	6.634849e-02
2.147585646220227e-03	7.247914e-02
2.157351271220226e-03	7.823939e-02
2.167116896220227e-03	8.365121e-02
2.176882521220226e-03	8.872076e-02
2.186648146220227e-03	9.346937e-02
2.196413771220226e-03	9.790012e-02
2.206179396220227e-03	1.020334e-01
2.215945021220227e-03	1.058698e-01
2.225710646220227e-03	1.094287e-01
2.235476271220227e-03	1.127088e-01
2.245241896220227e-03	1.157286e-01
2.255007521220227e-03	1.184849e-01
2.264773146220227e-03	1.209957e-01
2.274538771220227e-03	1.232563e-01
2.284304396220227e-03	1.252837e-01
2.294070021220227e-03	1.270721e-01
2.303835646220227e-03	1.286376e-01
2.313601271220227e-03	1.299732e-01
2.323366896220227e-03	1.310941e-01
2.333132521220227e-03	1.319919e-01
2.342898146220227e-03	1.326803e-01
2.352663771220227e-03	1.331497e-01
2.362429396220227e-03	1.334114e-01
2.372195021220227e-03	1.334535e-01
2.381960646220227e-03	1.332838e-01
2.391726271220227e-03	1.328859e-01
2.401491896220226e-03	1.322610e-01
2.411257521220227e-03	1.313833e-01
2.421023146220226e-03	1.302390e-01
2.430788771220227e-03	1.287779e-01
2.440554396220226e-03	1.269419e-01
2.450320021220227e-03	1.245947e-01
2.460085646220227e-03	1.214798e-01
2.469851271220227e-03	1.169210e-01
2.479616896220227e-03	1.090587e-01
2.489200215636801e-03	9.553532e-02
2.498965840636801e-03	7.605074e-02
2.507559769688646e-03	5.643243e-02
2.515279538309399e-03	4.071145e-02
2.523482880191252e-03	2.887392e-02
2.531977624562935e-03	1.849675e-02
2.539098033719395e-03	1.015752e-02
2.539947872459526e-03	9.229519e-03
2.541647549939788e-03	7.349334e-03
2.542072469309854e-03	6.876753e-03
2.542922308049985e-03	5.936776e-03
2.544411197857435e-03	4.307091e-03
2.544644797603778e-03	4.053026e-03
2.545111997096463e-03	3.545692e-03
2.545559424393239e-03	3.061064e-03
2.545856145810414e-03	2.738473e-03
2.546206474571149e-03	2.361401e-03
2.546556988998010e-03	1.985869e-03
2.546932366854673e-03	1.582285e-03
2.547683122567999e-03	7.804613e-04
2.548530921636552e-03	-1.220174e-04
2.550031641632841e-03	-1.706018e-03
2.551926810804554e-03	-3.686318e-03
2.554972036933389e-03	-6.818651e-03
2.560425747029053e-03	-1.228614e-02
2.570191372029054e-03	-2.163973e-02
2.579956997029054e-03	-3.046923e-02
2.589722622029054e-03	-3.880569e-02
2.599488247029054e-03	-4.667780e-02
2.609253872029054e-03	-5.410809e-02
2.619019497029054e-03	-6.111949e-02
2.628785122029054e-03	-6.773015e-02
2.638550747029054e-03	-7.395943e-02
2.648316372029054e-03	-7.982238e-02
2.658081997029054e-03	-8.533572e-02
2.667847622029054e-03	-9.051195e-02
2.677613247029054e-03	-9.536549e-02
2.687378872029054e-03	-9.990702e-02
2.697144497029054e-03	-1.041490e-01
2.706910122029054e-03	-1.081003e-01
2.716675747029054e-03	-1.117719e-01
2.726441372029054e-03	-1.151712e-01
2.736206997029054e-03	-1.183076e-01
2.745972622029054e-03	-1.211876e-01
2.755738247029054e-03	-1.238194e-01
2.765503872029054e-03	-1.262082e-01
2.775269497029054e-03	-1.283612e-01
2.785035122029053e-03	-1.302827e-01
2.794800747029054e-03	-1.319791e-01
2.804566372029053e-03	-1.334537e-01
2.814331997029054e-03	-1.347117e-01
2.824097622029054e-03	-1.357557e-01
2.833863247029054e-03	-1.365899e-01
2.843628872029054e-03	-1.372156e-01
2.853394497029054e-03	-1.376354e-01
2.863160122029054e-03	-1.378491e-01
2.872925747029054e-03	-1.378571e-01
2.882691372029054e-03	-1.376565e-01
2.892456997029054e-03	-1.372438e-01
2.902222622029054e-03	-1.366110e-01
2.911988247029054e-03	-1.357469e-01
2.921753872029054e-03	-1.346311e-01
2.931519497029054e-03	-1.332352e-01
2.941285122029054e-03	-1.315078e-01
2.951050747029054e-03	-1.293606e-01
2.960816372029054e-03	-1.266206e-01
2.970581997029054e-03	-1.228971e-01
2.980347622029054e-03	-1.171259e-01
2.990113247029054e-03	-1.067309e-01
2.999878872029054e-03	-8.998619e-02
3.009644497029054e-03	-6.866005e-02
3.018489957265147e-03	-4.899848e-02
3.027276753049923e-03	-3.467162e-02
3.032619477707246e-03	-2.802313e-02
3.036790553192220e-03	-2.275235e-02
3.041130738412634e-03	-1.765251e-02
3.045279799668542e-03	-1.285000e-02
3.050462243994734e-03	-7.097436e-03
3.057596938983148e-03	5.380234e-04
3.067362563983148e-03	1.043403e-02
3.077128188983147e-03	1.977076e-02
3.086893813983148e-03	2.857447e-02
3.096659438983147e-03	3.688560e-02
3.106425063983148e-03	4.472709e-02
3.116190688983147e-03	5.212392e-02
3.125956313983148e-03	5.909884e-02
3.135721938983147e-03	6.566831e-02
3.145487563983148e-03	7.185487e-02
3.155253188983147e-03	7.766929e-02
3.165018813983148e-03	8.313368e-02
3.174784438983148e-03	8.825435e-02
3.184550063983148e-03	9.305276e-02
3.194315688983148e-03	9.753209e-02
3.204081313983148e-03	1.017129e-01
3.213846938983148e-03	1.055957e-01
3.223612563983148e-03	1.092002e-01
3.233378188983148e-03	1.125250e-01
3.243143813983148e-03	1.155889e-01
3.252909438983148e-03	1.183886e-01
3.262675063983148e-03	1.209421e-01
3.272440688983148e-03	1.232450e-01
3.282206313983148e-03	1.253142e-01
3.291971938983148e-03	1.271441e-01
3.301737563983148e-03	1.287508e-01
3.311503188983148e-03	1.301275e-01
3.321268813983147e-03	1.312893e-01
3.331034438983148e-03	1.322283e-01
3.340800063983147e-03	1.329581e-01
3.350565688983148e-03	1.334694e-01
3.360331313983147e-03	1.337737e-01
3.370096938983148e-03	1.338597e-01
3.379862563983147e-03	1.337357e-01
3.389628188983148e-03	1.333861e-01
3.399393813983147e-03	1.328133e-01
3.409159438983148e-03	1.319935e-01
3.418925063983148e-03	1.309154e-01
3.428690688983148e-03	1.295347e-01
3.438456313983148e-03	1.278026e-01
3.448221938983148e-03	1.256043e-01
3.457987563983148e-03	1.227361e-01
3.467753188983148e-03	1.186832e-01
3.477518813983148e-03	1.120291e-01
3.487284438983148e-03	9.998509e-02
3.496285969629770e-03	8.334287e-02
3.504455948390059e-03	6.525686e-02
3.512716439892651e-03	4.687762e-02
3.520457490094889e-03	3.390679e-02
3.524981006293838e-03	2.813725e-02
3.528946928113686e-03	2.307040e-02
3.533078545072186e-03	1.811078e-02
3.537490347206783e-03	1.294420e-02
3.543225756247893e-03	6.502209e-03
3.544215360083779e-03	5.415080e-03
3.546194567755553e-03	3.258461e-03
3.546393475446188e-03	3.043917e-03
3.546791290827459e-03	2.615266e-03
3.546864700572661e-03	2.536068e-03
3.547011520063067e-03	2.377309e-03
3.547217056240566e-03	2.156028e-03
3.547445743785585e-03	1.911030e-03
3.547794759941192e-03	1.536814e-03
3.548492792252406e-03	7.916688e-04
3.549606540693375e-03	-3.909572e-04
3.551541566282632e-03	-2.425814e-03
3.555374321415087e-03	-6.385081e-03
3.563039831680000e-03	-1.403050e-02
3.572805456680000e-03	-2.327638e-02
3.582571081680000e-03	-3.200395e-02
3.592336706680000e-03	-4.024471e-02
3.602102331680000e-03	-4.802486e-02
3.611867956680000e-03	-5.536813e-02
3.621633581680000e-03	-6.229528e-02
3.631399206680000e-03	-6.882587e-02
3.641164831680000e-03	-7.497721e-02
3.650930456680000e-03	-8.076585e-02
3.660696081680000e-03	-8.620655e-02
3.670461706680000e-03	-9.131328e-02
3.680227331680000e-03	-9.609862e-02
3.689992956680000e-03	-1.005747e-01
3.699758581680000e-03	-1.047522e-01
3.709524206680000e-03	-1.086414e-01
3.719289831680000e-03	-1.122517e-01
3.729055456680000e-03	-1.155917e-01
3.738821081680000e-03	-1.186695e-01
3.748586706680000e-03	-1.214927e-01
3.758352331680000e-03	-1.240679e-01
3.768117956680000e-03	-1.264018e-01
3.777883581680000e-03	-1.285001e-01
3.787649206680000e-03	-1.303684e-01
3.797414831680000e-03	-1.320114e-01
3.807180456680000e-03	-1.334339e-01
3.816946081680000e-03	-1.346396e-01
3.826711706680000e-03	-1.356322e-01
3.836477331680000e-03	-1.364145e-01
3.846242956680000e-03	-1.369888e-01
3.856008581680000e-03	-1.373563e-01
3.865774206680000e-03	-1.375176e-01
3.875539831680000e-03	-1.374716e-01
3.885305456680000e-03	-1.372157e-01
3.895071081680000e-03	-1.367447e-01
3.904836706680000e-03	-1.360501e-01
3.914602331680000e-03	-1.351181e-01
3.924367956680000e-03	-1.339259e-01
3.934133581680000e-03	-1.324390e-01
3.943899206679999e-03	-1.305974e-01
3.953664831680000e-03	-1.282918e-01
3.963430456680000e-03	-1.253018e-01
3.973196081680000e-03	-1.210963e-01
3.982961706679999e-03	-1.141796e-01
3.992727331680000e-03	-1.017471e-01
4.002492956680000e-03	-8.318903e-02
4.010513968206895e-03	-6.511726e-02
4.018706073014230e-03	-4.722998e-02
4.027290820140248e-03	-3.368881e-02
4.032703643834165e-03	-2.698958e-02
4.036907878361010e-03	-2.171404e-02
4.041304150964333e-03	-1.658057e-02
4.045460435246531e-03	-1.179553e-02
4.050563623607223e-03	-6.162115e-03
4.057217082361236e-03	9.384149e-04
4.066982707361236e-03	1.081882e-02
4.076748332361236e-03	2.014370e-02
4.086513957361236e-03	2.893467e-02
4.096279582361236e-03	3.723617e-02
4.106045207361236e-03	4.506712e-02
4.115810832361236e-03	5.245620e-02
4.125576457361236e-03	5.942248e-02
4.135342082361236e-03	6.598587e-02
4.145107707361236e-03	7.216549e-02
4.154873332361236e-03	7.797531e-02
4.164638957361236e-03	8.343427e-02
4.174404582361236e-03	8.855169e-02
4.184170207361236e-03	9.334605e-02
4.193935832361236e-03	9.782335e-02
4.203701457361236e-03	1.020013e-01
4.213467082361236e-03	1.058832e-01
4.223232707361236e-03	1.094861e-01
4.232998332361236e-03	1.128109e-01
4.242763957361236e-03	1.158741e-01
4.252529582361236e-03	1.186748e-01
4.262295207361236e-03	1.212287e-01
4.272060832361236e-03	1.235334e-01
4.281826457361236e-03	1.256038e-01
4.291592082361236e-03	1.274364e-01
4.301357707361236e-03	1.290451e-01
4.311123332361236e-03	1.304253e-01
4.320888957361236e-03	1.315901e-01
4.330654582361236e-03	1.325334e-01
4.340420207361236e-03	1.332672e-01
4.350185832361236e-03	1.337838e-01
4.359951457361236e-03	1.340933e-01
4.369717082361236e-03	1.341860e-01
4.379482707361236e-03	1.340688e-01
4.389248332361236e-03	1.337280e-01
4.399013957361236e-03	1.331647e-01
4.408779582361236e-03	1.323570e-01
4.418545207361236e-03	1.312935e-01
4.428310832361236e-03	1.299322e-01
4.438076457361236e-03	1.282263e-01
4.447842082361236e-03	1.260678e-01
4.457607707361236e-03	1.232663e-01
4.467373332361236e-03	1.193500e-01
4.477138957361236e-03	1.130287e-01
4.486904582361236e-03	1.015543e-01
4.496670207361236e-03	8.382127e-02
4.505157192690074e-03	6.500275e-02
4.513749503406985e-03	4.605589e-02
4.522403118586983e-03	3.212713e-02
4.527309144483046e-03	2.605500e-02
4.531210007464968e-03	2.111869e-02
4.535312021885837e-03	1.628509e-02
4.539087320066179e-03	1.189637e-02
4.543870578300901e-03	6.551245e-03
4.544629407864232e-03	5.715687e-03
4.546147066990892e-03	4.056158e-03
4.546526481772557e-03	3.645563e-03
4.547285311335887e-03	2.826139e-03
4.547475018726720e-03	2.621950e-03
4.547854433508385e-03	2.214087e-03
4.548253384177629e-03	1.786089e-03
4.548520588567845e-03	1.498088e-03
4.548832712282654e-03	1.165035e-03
4.549143143780862e-03	8.356179e-04
4.549482549876875e-03	4.737484e-04
4.550161362068900e-03	-2.452852e-04
4.550867726762021e-03	-9.916539e-04
4.552158448272107e-03	-2.345474e-03
4.553742430621939e-03	-3.993025e-03
4.556240942956607e-03	-6.558103e-03
4.560343700733807e-03	-1.068702e-02
4.567658291796155e-03	-1.779881e-02
4.577423916796155e-03	-2.682535e-02
4.587189541796155e-03	-3.534639e-02
4.596955166796156e-03	-4.339222e-02
4.606720791796155e-03	-5.098662e-02
4.616486416796155e-03	-5.815325e-02
4.626252041796155e-03	-6.491116e-02
4.636017666796156e-03	-7.128009e-02
4.645783291796155e-03	-7.727590e-02
4.655548916796155e-03	-8.291555e-02
4.665314541796155e-03	-8.821224e-02
4.675080166796156e-03	-9.318054e-02
4.684845791796156e-03	-9.783179e-02
4.694611416796155e-03	-1.021785e-01
4.704377041796155e-03	-1.062302e-01
4.714142666796155e-03	-1.099978e-01
4.723908291796156e-03	-1.134895e-01
4.733673916796155e-03	-1.167144e-01
4.743439541796155e-03	-1.196797e-01
4.753205166796155e-03	-1.223933e-01
4.762970791796156e-03	-1.248612e-01
4.772736416796155e-03	-1.270902e-01
4.782502041796155e-03	-1.290855e-01
4.792267666796155e-03	-1.308528e-01
4.802033291796156e-03	-1.323963e-01
4.811798916796155e-03	-1.337209e-01
4.821564541796155e-03	-1.348298e-01
4.831330166796155e-03	-1.357267e-01
4.841095791796156e-03	-1.364137e-01
4.850861416796155e-03	-1.368932e-01
4.860627041796155e-03	-1.371655e-01
4.870392666796155e-03	-1.372309e-01
4.880158291796156e-03	-1.370872e-01
4.889923916796155e-03	-1.367310e-01
4.899689541796155e-03	-1.361550e-01
4.909455166796155e-03	-1.353489e-01
4.919220791796156e-03	-1.342946e-01
4.928986416796156e-03	-1.329634e-01
4.938752041796155e-03	-1.313099e-01
4.948517666796155e-03	-1.292536e-01
4.958283291796155e-03	-1.266392e-01
4.968048916796156e-03	-1.231279e-01
4.977814541796155e-03	-1.178166e-01
4.987580166796155e-03	-1.083538e-01
4.997345791796155e-03	-9.258047e-02
5.007111416796156e-03	-7.177166e-02
5.016670649925563e-03	-5.028298e-02
5.025287800125014e-03	-3.565225e-02
5.030591067498743e-03	-2.893810e-02
5.034923836321899e-03	-2.343963e-02
5.039390682369485e-03	-1.814779e-02
5.044048391307247e-03	-1.274886e-02
5.049921122604751e-03	-6.233870e-03
5.059083198172758e-03	3.472025e-03
5.068848823172757e-03	1.321524e-02
5.078614448172757e-03	2.241103e-02
5.088380073172757e-03	3.108376e-02
5.098145698172758e-03	3.927195e-02
5.107911323172757e-03	4.699771e-02
5.117676948172757e-03	5.428536e-02
5.127442573172757e-03	6.115694e-02
5.137208198172758e-03	6.762872e-02
5.146973823172757e-03	7.372252e-02
5.156739448172757e-03	7.944909e-02
5.166505073172757e-03	8.482984e-02
5.176270698172758e-03	8.987118e-02
5.186036323172757e-03	9.459390e-02
5.195801948172757e-03	9.900132e-02
5.205567573172757e-03	1.031133e-01
5.215333198172758e-03	1.069307e-01
5.225098823172757e-03	1.104725e-01
5.234864448172757e-03	1.137375e-01
5.244630073172757e-03	1.167439e-01
5.254395698172758e-03	1.194887e-01
5.264161323172757e-03	1.219895e-01
5.273926948172757e-03	1.242418e-01
5.283692573172757e-03	1.262623e-01
5.293458198172757e-03	1.280456e-01
5.303223823172758e-03	1.296072e-01
5.312989448172757e-03	1.309406e-01
5.322755073172757e-03	1.320605e-01
5.332520698172757e-03	1.329592e-01
5.342286323172758e-03	1.336499e-01
5.352051948172757e-03	1.341235e-01
5.361817573172757e-03	1.343911e-01
5.371583198172757e-03	1.344415e-01
5.381348823172758e-03	1.342826e-01
5.391114448172757e-03	1.338990e-01
5.400880073172757e-03	1.332923e-01
5.410645698172757e-03	1.324387e-01
5.420411323172758e-03	1.313261e-01
5.430176948172757e-03	1.299092e-01
5.439942573172757e-03	1.281372e-01
5.449708198172757e-03	1.258914e-01
5.459473823172758e-03	1.229579e-01
5.469239448172757e-03	1.187923e-01
5.479005073172757e-03	1.118893e-01
5.488770698172757e-03	9.945090e-02
5.498019981497025e-03	8.198909e-02
5.506117413731334e-03	6.387565e-02
5.514332558821048e-03	4.583955e-02
5.523058820675586e-03	3.194198e-02
5.528310029902663e-03	2.545677e-02
5.532350157920841e-03	2.037276e-02
5.536571037364581e-03	1.543468e-02
5.540410537861197e-03	1.099577e-02
5.545058043520542e-03	5.834969e-03
5.545771945247070e-03	5.051747e-03
5.547199748700127e-03	3.496582e-03
5.547556699563392e-03	3.111874e-03
5.548270601289921e-03	2.343933e-03
5.548449076721552e-03	2.152511e-03
5.548806027584817e-03	1.770118e-03
5.549098962289865e-03	1.456668e-03
5.549142449015772e-03	1.410040e-03
5.549229422467586e-03	1.316766e-03
5.549403369371215e-03	1.130873e-03
5.549751263178471e-03	7.605248e-04
5.550130928844627e-03	3.570623e-04
5.550890260176942e-03	-4.466152e-04
5.552408922841571e-03	-2.042860e-03
5.555446248170827e-03	-5.190508e-03
5.560909820142402e-03	-1.070692e-02
5.570571839024950e-03	-2.002884e-02
5.580337464024951e-03	-2.892311e-02
5.590103089024951e-03	-3.732015e-02
5.599868714024950e-03	-4.524773e-02
5.609634339024950e-03	-5.273020e-02
5.619399964024951e-03	-5.978934e-02
5.629165589024951e-03	-6.644499e-02
5.638931214024950e-03	-7.271528e-02
5.648696839024950e-03	-7.861690e-02
5.658462464024950e-03	-8.416535e-02
5.668228089024951e-03	-8.937465e-02
5.677993714024950e-03	-9.425806e-02
5.687759339024950e-03	-9.882770e-02
5.697524964024950e-03	-1.030948e-01
5.707290589024951e-03	-1.070699e-01
5.717056214024950e-03	-1.107625e-01
5.726821839024950e-03	-1.141815e-01
5.736587464024950e-03	-1.173354e-01
5.746353089024951e-03	-1.202316e-01
5.756118714024950e-03	-1.228773e-01
5.765884339024950e-03	-1.252791e-01
5.785415589024951e-03	-1.293747e-01
5.804946839024950e-03	-1.325610e-01
5.824478089024951e-03	-1.348731e-01
5.844009339024950e-03	-1.363375e-01
5.853774964024950e-03	-1.367571e-01
5.863540589024951e-03	-1.369694e-01
5.873306214024951e-03	-1.369739e-01
5.883071839024950e-03	-1.367679e-01
5.892837464024950e-03	-1.363470e-01
5.902603089024950e-03	-1.357031e-01
5.912368714024951e-03	-1.348234e-01
5.922134339024950e-03	-1.336865e-01
5.931899964024950e-03	-1.322605e-01
5.941665589024950e-03	-1.304898e-01
5.951431214024951e-03	-1.282748e-01
5.961196839024950e-03	-1.254185e-01
5.970962464024950e-03	-1.214589e-01
5.980728089024950e-03	-1.151089e-01
5.990493714024951e-03	-1.036182e-01
6.000259339024950e-03	-8.585288e-02
6.008577699909833e-03	-6.739614e-02
6.016954694701471e-03	-4.875053e-02
6.024815575019870e-03	-3.563774e-02
6.029749625424683e-03	-2.935647e-02
6.033961761436870e-03	-2.399828e-02
6.038314431024917e-03	-1.880777e-02
6.043119022471679e-03	-1.322028e-02
6.049366198762221e-03	-6.271363e-03
6.059131823762220e-03	4.060545e-03
6.068897448762220e-03	1.377646e-02
6.078663073762221e-03	2.294589e-02
6.088428698762221e-03	3.159492e-02
6.098194323762221e-03	3.976071e-02
6.107959948762220e-03	4.746557e-02
6.117725573762221e-03	5.473387e-02
6.127491198762221e-03	6.158698e-02
6.137256823762221e-03	6.804195e-02
6.147022448762220e-03	7.411942e-02
6.156788073762221e-03	7.983137e-02
6.166553698762221e-03	8.519768e-02
6.176319323762221e-03	9.022631e-02
6.186084948762220e-03	9.493625e-02
6.195850573762221e-03	9.933262e-02
6.205616198762221e-03	1.034333e-01
6.215381823762221e-03	1.072411e-01
6.225147448762220e-03	1.107730e-01
6.234913073762220e-03	1.140296e-01
6.244678698762221e-03	1.170272e-01
6.254444323762221e-03	1.197649e-01
6.264209948762220e-03	1.222579e-01
6.273975573762220e-03	1.245041e-01
6.283741198762221e-03	1.265178e-01
6.293506823762221e-03	1.282958e-01
6.303272448762220e-03	1.298515e-01
6.313038073762220e-03	1.311806e-01
6.322803698762221e-03	1.322955e-01
6.332569323762221e-03	1.331905e-01
6.342334948762221e-03	1.338769e-01
6.352100573762220e-03	1.343477e-01
6.361866198762221e-03	1.346119e-01
6.371631823762221e-03	1.346604e-01
6.381397448762221e-03	1.344991e-01
6.391163073762220e-03	1.341146e-01
6.400928698762221e-03	1.335068e-01
6.410694323762221e-03	1.326538e-01
6.420459948762221e-03	1.315421e-01
6.430225573762220e-03	1.301285e-01
6.439991198762221e-03	1.283616e-01
6.449756823762221e-03	1.261263e-01
6.459522448762221e-03	1.232121e-01
6.469288073762220e-03	1.190909e-01
6.479053698762220e-03	1.122990e-01
6.488819323762221e-03	1.000410e-01
6.498584948762221e-03	8.164338e-02
6.506887394250766e-03	6.299128e-02
6.515336039142412e-03	4.470439e-02
6.523798210254969e-03	3.153696e-02
6.529306250428246e-03	2.475315e-02
6.533448215548293e-03	1.957654e-02
6.537780340566506e-03	1.454166e-02
6.541753043142953e-03	9.977714e-03
6.546442023037388e-03	4.808194e-03
6.547162009542555e-03	4.023011e-03
6.548601982552887e-03	2.464912e-03
6.548770675022184e-03	2.284227e-03
6.549108059960776e-03	1.923165e-03
6.549782829837961e-03	1.202485e-03
6.550102934858357e-03	8.591582e-04
6.550500379155982e-03	4.377814e-04
6.550861237989921e-03	5.685120e-05
6.551218010124351e-03	-3.213976e-04
6.551931554393211e-03	-1.072556e-03
6.552685778453408e-03	-1.864671e-03
6.553952252382650e-03	-3.184494e-03
6.555484188750413e-03	-4.768424e-03
6.557809091936162e-03	-7.142367e-03
6.561727981674514e-03	-1.106987e-02
6.568406919560300e-03	-1.755222e-02
6.578172544560301e-03	-2.658029e-02
6.587938169560300e-03	-3.510189e-02
6.597703794560300e-03	-4.314804e-02
6.607469419560300e-03	-5.074186e-02
6.617235044560301e-03	-5.790766e-02
6.627000669560301e-03	-6.466386e-02
6.636766294560300e-03	-7.103087e-02
6.646531919560300e-03	-7.702392e-02
6.656297544560300e-03	-8.266061e-02
6.666063169560301e-03	-8.795354e-02
6.675828794560300e-03	-9.291790e-02
6.685594419560300e-03	-9.756444e-02
6.695360044560300e-03	-1.019063e-01
6.705125669560301e-03	-1.059524e-01
6.714891294560300e-03	-1.097143e-01
6.724656919560300e-03	-1.131995e-01
6.734422544560300e-03	-1.164179e-01
6.744188169560301e-03	-1.193759e-01
6.753953794560300e-03	-1.220822e-01
6.763719419560300e-03	-1.245421e-01
6.773485044560300e-03	-1.267631e-01
6.783250669560301e-03	-1.287496e-01
6.793016294560300e-03	-1.305081e-01
6.802781919560300e-03	-1.320421e-01
6.812547544560300e-03	-1.333571e-01
6.822313169560301e-03	-1.344556e-01
6.832078794560300e-03	-1.353419e-01
6.841844419560300e-03	-1.360175e-01
6.851610044560300e-03	-1.364852e-01
6.861375669560301e-03	-1.367448e-01
6.871141294560301e-03	-1.367968e-01
6.880906919560300e-03	-1.366382e-01
6.890672544560300e-03	-1.362659e-01
6.900438169560300e-03	-1.356717e-01
6.910203794560301e-03	-1.348448e-01
6.919969419560300e-03	-1.337655e-01
6.929735044560300e-03	-1.324035e-01
6.939500669560300e-03	-1.307095e-01
6.949266294560301e-03	-1.285960e-01
6.959031919560300e-03	-1.258903e-01
6.968797544560300e-03	-1.222071e-01
6.978563169560300e-03	-1.164944e-01
6.988328794560301e-03	-1.061945e-01
6.998094419560300e-03	-8.954517e-02
7.007860044560300e-03	-6.827392e-02
7.016757848126404e-03	-4.848439e-02
7.025538871113267e-03	-3.413485e-02
7.030863354815908e-03	-2.750956e-02
7.035029401574634e-03	-2.224624e-02
7.039363186486314e-03	-1.715425e-02
7.043518088448942e-03	-1.234633e-02
7.048718329440327e-03	-6.575361e-03
7.055921467605883e-03	1.129079e-03
7.065687092605883e-03	1.101868e-02
7.075452717605883e-03	2.035034e-02
7.085218342605883e-03	2.915062e-02
7.094983967605883e-03	3.745961e-02
7.104749592605882e-03	4.530050e-02
7.114515217605883e-03	5.269797e-02
7.124280842605883e-03	5.967498e-02
7.134046467605883e-03	6.624773e-02
7.143812092605882e-03	7.243895e-02
7.153577717605883e-03	7.825913e-02
7.163343342605883e-03	8.373056e-02
7.173108967605883e-03	8.885934e-02
7.182874592605882e-03	9.366706e-02
7.192640217605883e-03	9.815670e-02
7.202405842605883e-03	1.023489e-01
7.212171467605883e-03	1.062441e-01
7.221937092605882e-03	1.098621e-01
7.231702717605883e-03	1.132012e-01
7.241468342605883e-03	1.162804e-01
7.251233967605883e-03	1.190963e-01
7.260999592605883e-03	1.216670e-01
7.270765217605883e-03	1.239878e-01
7.280530842605883e-03	1.260759e-01
7.290296467605883e-03	1.279256e-01
7.300062092605883e-03	1.295531e-01
7.309827717605883e-03	1.309516e-01
7.319593342605883e-03	1.321362e-01
7.329358967605883e-03	1.330991e-01
7.339124592605883e-03	1.338542e-01
7.348890217605882e-03	1.343921e-01
7.358655842605883e-03	1.347251e-01
7.368421467605883e-03	1.348419e-01
7.378187092605883e-03	1.347514e-01
7.387952717605882e-03	1.344391e-01
7.397718342605883e-03	1.339082e-01
7.407483967605883e-03	1.331370e-01
7.417249592605883e-03	1.321173e-01
7.427015217605882e-03	1.308095e-01
7.436780842605883e-03	1.291747e-01
7.446546467605883e-03	1.271170e-01
7.456312092605883e-03	1.244791e-01
7.466077717605882e-03	1.208786e-01
7.475843342605883e-03	1.153144e-01
7.485608967605883e-03	1.052736e-01
7.494435517493144e-03	9.069597e-02
7.504201142493143e-03	6.992345e-02
7.513616809930544e-03	4.876880e-02
7.521456221995115e-03	3.522328e-02
7.525836888271882e-03	2.957056e-02
7.529846091943394e-03	2.441939e-02
7.534039694420021e-03	1.934797e-02
7.538724999962842e-03	1.384193e-02
7.544995656347721e-03	6.788529e-03
7.546127975314025e-03	5.547282e-03
7.548392613246634e-03	3.086459e-03
7.548771869473195e-03	2.679098e-03
7.549530381926317e-03	1.866101e-03
7.549645297189780e-03	1.743278e-03
7.549875127716705e-03	1.497820e-03
7.550229394281917e-03	1.119906e-03
7.550501430652642e-03	8.286433e-04
7.550793881251230e-03	5.182609e-04
7.551126203725582e-03	1.672801e-04
7.551478940852776e-03	-2.065062e-04
7.552184415107164e-03	-9.495661e-04
7.552987108647108e-03	-1.792305e-03
7.554428922454400e-03	-3.294242e-03
7.556323324465205e-03	-5.248219e-03
7.559417821937472e-03	-8.390475e-03
7.564749676545752e-03	-1.366893e-02
7.574515301545751e-03	-2.291023e-02
7.584280926545751e-03	-3.163307e-02
7.594046551545751e-03	-3.986764e-02
7.603812176545752e-03	-4.764134e-02
7.613577801545751e-03	-5.497664e-02
7.623343426545751e-03	-6.189557e-02
7.633109051545751e-03	-6.841642e-02
7.642874676545752e-03	-7.455777e-02
7.652640301545752e-03	-8.033492e-02
7.662405926545751e-03	-8.576389e-02
7.672171551545751e-03	-9.085747e-02
7.681937176545752e-03	-9.562942e-02
7.691702801545752e-03	-1.000907e-01
7.701468426545751e-03	-1.042532e-01
7.711234051545751e-03	-1.081262e-01
7.720999676545752e-03	-1.117199e-01
7.730765301545752e-03	-1.150422e-01
7.740530926545751e-03	-1.181020e-01
7.750296551545751e-03	-1.209060e-01
7.760062176545752e-03	-1.234618e-01
7.769827801545752e-03	-1.257752e-01
7.779593426545751e-03	-1.278526e-01
7.789359051545751e-03	-1.296989e-01
7.799124676545752e-03	-1.313197e-01
7.808890301545752e-03	-1.327187e-01
7.818655926545752e-03	-1.339006e-01
7.828421551545752e-03	-1.348680e-01
7.838187176545752e-03	-1.356244e-01
7.847952801545752e-03	-1.361712e-01
7.857718426545751e-03	-1.365103e-01
7.867484051545751e-03	-1.366410e-01
7.877249676545751e-03	-1.365625e-01
7.887015301545751e-03	-1.362711e-01
7.896780926545751e-03	-1.357612e-01
7.906546551545752e-03	-1.350223e-01
7.916312176545752e-03	-1.340391e-01
7.926077801545752e-03	-1.327846e-01
7.935843426545752e-03	-1.312190e-01
7.945609051545751e-03	-1.292702e-01
7.955374676545751e-03	-1.268041e-01
7.965140301545751e-03	-1.235361e-01
7.974905926545751e-03	-1.187390e-01
7.984671551545752e-03	-1.104028e-01
7.994437176545752e-03	-9.595551e-02
8.004202801545752e-03	-7.594929e-02
8.012671542772340e-03	-5.652395e-02
8.020211886772691e-03	-4.157473e-02
8.026104426273349e-03	-3.306598e-02
8.031954065415989e-03	-2.563864e-02
8.037983559542071e-03	-1.832119e-02
8.044329211442150e-03	-1.104486e-02
8.053693610893737e-03	-8.279647e-04
8.063459235893737e-03	9.173772e-03
8.073224860893737e-03	1.861945e-02
8.082990485893737e-03	2.751552e-02
8.092756110893736e-03	3.592572e-02
8.102521735893736e-03	4.385202e-02
8.112287360893738e-03	5.134141e-02
8.122052985893738e-03	5.839579e-02
8.131818610893737e-03	6.505293e-02
8.141584235893737e-03	7.131489e-02
8.151349860893737e-03	7.721312e-02
8.161115485893737e-03	8.274975e-02
8.170881110893737e-03	8.795119e-02
8.180646735893736e-03	9.281942e-02
8.190412360893738e-03	9.737711e-02
8.200177985893738e-03	1.016259e-01
8.209943610893737e-03	1.055852e-01
8.219709235893737e-03	1.092563e-01
8.229474860893737e-03	1.126562e-01
8.239240485893737e-03	1.157857e-01
8.249006110893737e-03	1.186595e-01
8.258771735893736e-03	1.212781e-01
8.268537360893736e-03	1.236544e-01
8.278302985893738e-03	1.257886e-01
8.288068610893738e-03	1.276915e-01
8.297834235893737e-03	1.293635e-01
8.307599860893737e-03	1.308136e-01
8.317365485893737e-03	1.320415e-01
8.327131110893737e-03	1.330550e-01
8.336896735893736e-03	1.338528e-01
8.346662360893736e-03	1.344407e-01
8.356427985893738e-03	1.348166e-01
8.366193610893738e-03	1.349839e-01
8.375959235893737e-03	1.349379e-01
8.385724860893737e-03	1.346783e-01
8.395490485893737e-03	1.341959e-01
8.405256110893737e-03	1.334833e-01
8.415021735893737e-03	1.325216e-01
8.424787360893736e-03	1.312870e-01
8.434552985893738e-03	1.297342e-01
8.444318610893738e-03	1.277915e-01
8.454084235893737e-03	1.253166e-01
8.463849860893737e-03	1.220121e-01
8.473615485893737e-03	1.170996e-01
8.482164831078607e-03	1.098972e-01
8.490914708675466e-03	9.761092e-02
8.500680333675468e-03	7.839031e-02
8.509027281558302e-03	5.937485e-02
8.517659215890786e-03	4.164772e-02
8.525567918319299e-03	3.013190e-02
8.532964276555021e-03	2.105208e-02
8.538447943265467e-03	1.448348e-02
8.544276239032558e-03	7.942774e-03
8.545024283117021e-03	7.102701e-03
8.546520371285947e-03	5.448791e-03
8.548449783643164e-03	3.357556e-03
8.548932136732468e-03	2.838027e-03
8.549896842911076e-03	1.802958e-03
8.550036470670864e-03	1.653884e-03
8.550315726190440e-03	1.356010e-03
8.550581490172493e-03	1.072701e-03
8.550637237573721e-03	1.013154e-03
8.550748732376176e-03	8.941127e-04
8.550971721981087e-03	6.569783e-04
8.551417701190906e-03	1.843417e-04
8.551865229784043e-03	-2.888236e-04
8.552760286970313e-03	-1.230811e-03
8.554550401342858e-03	-3.099554e-03
8.558130630087944e-03	-6.775411e-03
8.564232663967636e-03	-1.285836e-02
8.573998288967636e-03	-2.214199e-02
8.583763913967635e-03	-3.090388e-02
8.593529538967635e-03	-3.917550e-02
8.603295163967635e-03	-4.698375e-02
8.613060788967635e-03	-5.435209e-02
8.622826413967636e-03	-6.130192e-02
8.632592038967636e-03	-6.785244e-02
8.642357663967636e-03	-7.402162e-02
8.652123288967636e-03	-7.982560e-02
8.661888913967635e-03	-8.527974e-02
8.671654538967635e-03	-9.039766e-02
8.681420163967635e-03	-9.519249e-02
8.691185788967635e-03	-9.967600e-02
8.700951413967636e-03	-1.038594e-01
8.710717038967636e-03	-1.077527e-01
8.720482663967636e-03	-1.113656e-01
8.730248288967636e-03	-1.147066e-01
8.740013913967636e-03	-1.177841e-01
8.749779538967635e-03	-1.206054e-01
8.759545163967635e-03	-1.231776e-01
8.769310788967635e-03	-1.255070e-01
8.788842038967636e-03	-1.294610e-01
8.808373288967636e-03	-1.325091e-01
8.827904538967635e-03	-1.346849e-01
8.847435788967635e-03	-1.360134e-01
8.866967038967636e-03	-1.365073e-01
8.876732663967636e-03	-1.364405e-01
8.886498288967636e-03	-1.361609e-01
8.896263913967636e-03	-1.356627e-01
8.906029538967635e-03	-1.349358e-01
8.915795163967635e-03	-1.339650e-01
8.925560788967635e-03	-1.327239e-01
8.935326413967635e-03	-1.311731e-01
8.945092038967636e-03	-1.292420e-01
8.954857663967636e-03	-1.267996e-01
8.964623288967636e-03	-1.235690e-01
8.974388913967636e-03	-1.188473e-01
8.984154538967636e-03	-1.106817e-01
8.993920163967635e-03	-9.645230e-02
9.003685788967635e-03	-7.658958e-02
9.012124022348035e-03	-5.724286e-02
9.019719035544821e-03	-4.200005e-02
9.025897039693998e-03	-3.299088e-02
9.032007257005550e-03	-2.526210e-02
9.037755088758311e-03	-1.828274e-02
9.043795467110710e-03	-1.135448e-02
9.052014526349661e-03	-2.329104e-03
9.061114062014059e-03	7.092126e-03
9.070879687014061e-03	1.666142e-02
9.080645312014060e-03	2.567020e-02
9.090410937014060e-03	3.418842e-02
9.100176562014060e-03	4.221568e-02
9.109942187014060e-03	4.980214e-02
9.119707812014060e-03	5.694830e-02
9.129473437014059e-03	6.369373e-02
9.139239062014059e-03	7.003984e-02
9.149004687014059e-03	7.601906e-02
9.158770312014061e-03	8.163337e-02
9.168535937014060e-03	8.690961e-02
9.178301562014060e-03	9.184999e-02
9.188067187014060e-03	9.647726e-02
9.197832812014060e-03	1.007934e-01
9.207598437014059e-03	1.048179e-01
9.217364062014059e-03	1.085524e-01
9.227129687014059e-03	1.120136e-01
9.236895312014061e-03	1.152031e-01
9.246660937014060e-03	1.181349e-01
9.256426562014060e-03	1.208106e-01
9.266192187014060e-03	1.232421e-01
9.275957812014060e-03	1.254309e-01
9.285723437014060e-03	1.273869e-01
9.295489062014059e-03	1.291113e-01
9.305254687014059e-03	1.306127e-01
9.315020312014061e-03	1.318916e-01
9.324785937014060e-03	1.329548e-01
9.334551562014060e-03	1.338026e-01
9.344317187014060e-03	1.344397e-01
9.354082812014060e-03	1.348654e-01
9.363848437014060e-03	1.350821e-01
9.373614062014059e-03	1.350869e-01
9.383379687014059e-03	1.348788e-01
9.393145312014061e-03	1.344507e-01
9.402910937014061e-03	1.337950e-01
9.412676562014060e-03	1.328959e-01
9.422442187014060e-03	1.317316e-01
9.432207812014060e-03	1.302631e-01
9.441973437014060e-03	1.284277e-01
9.451739062014059e-03	1.261067e-01
9.461504687014059e-03	1.230591e-01
9.471270312014059e-03	1.186870e-01
9.481035937014061e-03	1.113095e-01
9.490736018107536e-03	9.827150e-02
9.500501643107536e-03	7.920921e-02
9.508727911973403e-03	6.051694e-02
9.517213654245002e-03	4.276449e-02
9.525298347250095e-03	3.073473e-02
9.531832031505096e-03	2.269533e-02
9.536751397222992e-03	1.670440e-02
9.541928496937366e-03	1.081123e-02
9.547062599885595e-03	5.081296e-03
9.547778883579492e-03	4.312750e-03
9.549211450967291e-03	2.772723e-03
9.549569592814241e-03	2.387848e-03
9.550285876508141e-03	1.620662e-03
9.551007128340576e-03	8.523309e-04
9.551029667460340e-03	8.283213e-04
9.551074745699868e-03	7.802266e-04
9.551164902178921e-03	6.840665e-04
9.551345215137031e-03	4.926687e-04
9.551602053826798e-03	2.206389e-04
9.552115731206332e-03	-3.222098e-04
9.553143085965400e-03	-1.402442e-03
9.555197795483535e-03	-3.542646e-03
9.559307214519806e-03	-7.742504e-03
9.565280650701575e-03	-1.366299e-02
9.574940635910887e-03	-2.280065e-02
9.584706260910889e-03	-3.152200e-02
9.594471885910888e-03	-3.975538e-02
9.604237510910888e-03	-4.752718e-02
9.614003135910888e-03	-5.486083e-02
9.623768760910888e-03	-6.177742e-02
9.633534385910887e-03	-6.829616e-02
9.643300010910887e-03	-7.443475e-02
9.653065635910887e-03	-8.020937e-02
9.662831260910889e-03	-8.563516e-02
9.672596885910888e-03	-9.072576e-02
9.682362510910888e-03	-9.549413e-02
9.692128135910888e-03	-9.995203e-02
9.701893760910888e-03	-1.041106e-01
9.711659385910888e-03	-1.079797e-01
9.721425010910887e-03	-1.115691e-01
9.731190635910887e-03	-1.148872e-01
9.740956260910887e-03	-1.179423e-01
9.750721885910888e-03	-1.207418e-01
9.760487510910888e-03	-1.232926e-01
9.770253135910888e-03	-1.256010e-01
9.780018760910888e-03	-1.276731e-01
9.799550010910887e-03	-1.311292e-01
9.819081260910887e-03	-1.336982e-01
9.828846885910889e-03	-1.346595e-01
9.838612510910888e-03	-1.354092e-01
9.848378135910888e-03	-1.359493e-01
9.858143760910888e-03	-1.362810e-01
9.867909385910888e-03	-1.364041e-01
9.877675010910887e-03	-1.363173e-01
9.887440635910887e-03	-1.360169e-01
9.897206260910887e-03	-1.354969e-01
9.906971885910889e-03	-1.347467e-01
9.916737510910888e-03	-1.337501e-01
9.926503135910888e-03	-1.324794e-01
9.936268760910888e-03	-1.308928e-01
9.946034385910888e-03	-1.289150e-01
9.955800010910888e-03	-1.264043e-01
9.965565635910887e-03	-1.230566e-01
9.975331260910887e-03	-1.180819e-01
9.985096885910887e-03	-1.093365e-01
9.994862510910888e-03	-9.438457e-02
1.000000000000000e-02	-nan
