time	V(n012)
0.000000000000000e+00	4.500008e-14
1.428571445265854e-08	-1.793777e-09
2.857142890531708e-08	-1.531246e-09
4.285714335797562e-08	7.876377e-10
5.714285781063416e-08	5.162875e-09
7.142857226329269e-08	1.159446e-08
8.571428671595124e-08	2.008241e-08
1.000000011686097e-07	3.062670e-08
1.702935980052748e-07	4.697992e-07
2.541831061959557e-07	2.702972e-06
3.446385873559224e-07	8.370733e-06
5.255495496758559e-07	2.842895e-05
7.449847611087379e-07	6.490774e-05
1.033229429626947e-06	1.328224e-04
1.388197343285328e-06	2.457417e-04
1.880832524187798e-06	4.499416e-04
2.536338469153524e-06	7.980054e-04
3.469014062297269e-06	1.418267e-03
4.781313010072266e-06	2.488911e-03
6.743389673978234e-06	4.402514e-03
9.782496609756687e-06	7.852617e-03
1.419855187872939e-05	1.349431e-02
2.083973824476925e-05	2.259972e-02
3.039171554565221e-05	3.427397e-02
3.957898756106134e-05	4.251524e-02
4.904044416038200e-05	4.967400e-02
5.880606916038200e-05	5.658564e-02
6.857169416038200e-05	6.302746e-02
7.833731916038199e-05	6.918065e-02
8.810294416038200e-05	7.499955e-02
9.786856916038200e-05	8.056779e-02
1.076341941603820e-04	8.584641e-02
1.173998191603820e-04	9.088936e-02
1.271654441603820e-04	9.566619e-02
1.369310691603820e-04	1.002159e-01
1.466966941603820e-04	1.045159e-01
1.564623191603820e-04	1.085965e-01
1.662279441603820e-04	1.124394e-01
1.759935691603820e-04	1.160693e-01
1.857591941603820e-04	1.194713e-01
1.955248191603820e-04	1.226659e-01
2.052904441603820e-04	1.256406e-01
2.150560691603820e-04	1.284124e-01
2.248216941603820e-04	1.309711e-01
2.345873191603820e-04	1.333309e-01
2.416219471543056e-04	1.349006e-01
2.473101598907595e-04	1.360973e-01
2.538166806664472e-04	1.373786e-01
2.572193161432985e-04	1.380163e-01
2.595033381756838e-04	1.384292e-01
2.623723372397248e-04	1.389338e-01
2.644101833729775e-04	1.392813e-01
2.669710461477599e-04	1.397059e-01
2.720927716973246e-04	1.405152e-01
2.804969463322659e-04	1.417257e-01
2.902625713322659e-04	1.429519e-01
3.000281963322659e-04	1.439832e-01
3.097938213322659e-04	1.448219e-01
3.195594463322659e-04	1.454663e-01
3.293250713322659e-04	1.459177e-01
3.390906963322659e-04	1.461733e-01
3.488563213322659e-04	1.462329e-01
3.586219463322659e-04	1.460914e-01
3.683875713322659e-04	1.457460e-01
3.781531963322659e-04	1.451874e-01
3.879188213322659e-04	1.444073e-01
3.976844463322659e-04	1.433879e-01
4.074500713322659e-04	1.421082e-01
4.172156963322659e-04	1.405298e-01
4.269813213322659e-04	1.385967e-01
4.367469463322659e-04	1.362060e-01
4.426035634111486e-04	1.344853e-01
4.471556943450583e-04	1.329462e-01
4.476048398031576e-04	1.327830e-01
4.485031307193563e-04	1.324508e-01
4.496556604142234e-04	1.320094e-01
4.507832367899162e-04	1.315610e-01
4.519598752352359e-04	1.310745e-01
4.531613869355516e-04	1.305572e-01
4.545514427741425e-04	1.299302e-01
4.559509686696647e-04	1.292650e-01
4.583626574834540e-04	1.280275e-01
4.623128154413308e-04	1.256977e-01
4.700868656225708e-04	1.195445e-01
4.798524906225708e-04	1.079431e-01
4.896181156225708e-04	9.245130e-02
4.993837406225708e-04	7.462233e-02
5.086077805252782e-04	5.650776e-02
5.183734055252782e-04	3.837837e-02
5.281390305252782e-04	2.398850e-02
5.379046555252782e-04	1.169545e-02
5.391253586502782e-04	1.019612e-02
5.415667649002782e-04	7.264277e-03
5.417203571944538e-04	7.084066e-03
5.420275417828050e-04	6.723560e-03
5.425516662541465e-04	6.108517e-03
5.430679065336647e-04	5.503435e-03
5.431436776225306e-04	5.414631e-03
5.432952198002623e-04	5.237192e-03
5.435983041557256e-04	4.883541e-03
5.442044728666525e-04	4.178746e-03
5.448989103117011e-04	3.374836e-03
5.462877852017983e-04	1.778629e-03
5.490655349819929e-04	-1.369603e-03
5.546210345423819e-04	-7.496737e-03
5.637205661237700e-04	-1.708366e-02
5.734861911237700e-04	-2.680390e-02
5.832518161237700e-04	-3.598013e-02
5.930174411237700e-04	-4.464594e-02
6.027830661237699e-04	-5.283010e-02
6.125486911237700e-04	-6.055664e-02
6.223143161237700e-04	-6.784788e-02
6.320799411237700e-04	-7.472318e-02
6.418455661237700e-04	-8.120114e-02
6.516111911237700e-04	-8.729807e-02
6.613768161237700e-04	-9.302954e-02
6.711424411237700e-04	-9.840942e-02
6.809080661237700e-04	-1.034513e-01
6.906736911237700e-04	-1.081668e-01
7.004393161237700e-04	-1.125676e-01
7.102049411237700e-04	-1.166636e-01
7.199705661237700e-04	-1.204650e-01
7.297361911237699e-04	-1.239802e-01
7.395018161237700e-04	-1.272178e-01
7.492674411237700e-04	-1.301852e-01
7.590330661237700e-04	-1.328896e-01
7.687986911237700e-04	-1.353372e-01
7.785643161237700e-04	-1.375344e-01
7.980955661237700e-04	-1.411981e-01
8.176268161237700e-04	-1.439180e-01
8.371580661237700e-04	-1.457224e-01
8.469236911237699e-04	-1.462869e-01
8.566893161237700e-04	-1.466278e-01
8.664549411237700e-04	-1.467441e-01
8.859861911237700e-04	-1.462922e-01
8.957518161237700e-04	-1.457112e-01
9.055174411237700e-04	-1.448787e-01
9.152830661237700e-04	-1.437741e-01
9.250486911237700e-04	-1.423642e-01
9.348143161237700e-04	-1.405990e-01
9.445799411237700e-04	-1.383878e-01
9.543455661237700e-04	-1.355621e-01
9.641111911237700e-04	-1.317691e-01
9.738768161237699e-04	-1.261856e-01
9.836424411237700e-04	-1.171937e-01
9.934080661237700e-04	-1.038059e-01
1.003173691123770e-03	-8.716722e-02
1.012939316123770e-03	-6.869322e-02
1.022704941123770e-03	-4.960699e-02
1.032470566123770e-03	-3.331863e-02
1.040878519851390e-03	-2.203033e-02
1.048914138182939e-03	-1.207946e-02
1.058679763182939e-03	-8.331214e-04
1.068445388182939e-03	9.727031e-03
1.078211013182939e-03	1.965204e-02
1.087976638182939e-03	2.902230e-02
1.097742263182939e-03	3.785569e-02
1.107507888182939e-03	4.619868e-02
1.117273513182939e-03	5.406434e-02
1.127039138182939e-03	6.148602e-02
1.136804763182939e-03	6.847569e-02
1.146570388182939e-03	7.505929e-02
1.156336013182939e-03	8.124813e-02
1.166101638182939e-03	8.706299e-02
1.175867263182939e-03	9.251463e-02
1.185632888182939e-03	9.761969e-02
1.195398513182939e-03	1.023882e-01
1.205164138182939e-03	1.068339e-01
1.214929763182939e-03	1.109659e-01
1.224695388182939e-03	1.147953e-01
1.234461013182939e-03	1.183306e-01
1.244226638182939e-03	1.215808e-01
1.253992263182939e-03	1.245535e-01
1.263757888182939e-03	1.272559e-01
1.273523513182939e-03	1.296950e-01
1.283289138182939e-03	1.318762e-01
1.293054763182939e-03	1.338058e-01
1.300334067188175e-03	1.350821e-01
1.308462129106336e-03	1.363476e-01
1.313363734115530e-03	1.370295e-01
1.316483412658357e-03	1.374332e-01
1.320827129378605e-03	1.379533e-01
1.323643441507856e-03	1.382663e-01
1.326881905894720e-03	1.386006e-01
1.332201724502990e-03	1.390954e-01
1.339439324468327e-03	1.396553e-01
1.349204949468327e-03	1.402087e-01
1.358970574468327e-03	1.405261e-01
1.368736199468327e-03	1.406081e-01
1.378501824468327e-03	1.404473e-01
1.388267449468327e-03	1.400383e-01
1.398033074468327e-03	1.393653e-01
1.407798699468327e-03	1.384101e-01
1.417564324468327e-03	1.371367e-01
1.427329949468327e-03	1.354929e-01
1.434173953852696e-03	1.340716e-01
1.438563684952060e-03	1.330178e-01
1.441092063059854e-03	1.323497e-01
1.443022698448942e-03	1.318069e-01
1.444953913740948e-03	1.312311e-01
1.446968323505425e-03	1.305947e-01
1.448833793167674e-03	1.299670e-01
1.452064826424872e-03	1.287826e-01
1.458451890259016e-03	1.259674e-01
1.466366366359498e-03	1.211610e-01
1.476131991359498e-03	1.118621e-01
1.485897616359498e-03	9.823399e-02
1.495663241359498e-03	8.150625e-02
1.505313432404693e-03	6.321755e-02
1.515079057404693e-03	4.427807e-02
1.524844682404693e-03	2.838722e-02
1.533536552560599e-03	1.695198e-02
1.541898669374821e-03	6.738314e-03
1.542197253127189e-03	6.393412e-03
1.542794420631925e-03	5.701813e-03
1.543476196717946e-03	4.909094e-03
1.543630317139458e-03	4.730027e-03
1.543938557982482e-03	4.372402e-03
1.544211311887686e-03	4.056214e-03
1.544262355597572e-03	3.996981e-03
1.544364443017343e-03	3.878600e-03
1.544568617856886e-03	3.642589e-03
1.544976967535972e-03	3.172048e-03
1.545518659143155e-03	2.549805e-03
1.546602042357520e-03	1.312507e-03
1.548768808786252e-03	-1.135231e-03
1.553102341643715e-03	-5.926420e-03
1.560111319164372e-03	-1.340098e-02
1.569876944164372e-03	-2.329580e-02
1.579642569164372e-03	-3.263301e-02
1.589408194164372e-03	-4.145065e-02
1.599173819164372e-03	-4.977882e-02
1.608939444164372e-03	-5.764324e-02
1.618705069164372e-03	-6.506654e-02
1.628470694164372e-03	-7.206907e-02
1.638236319164372e-03	-7.866945e-02
1.648001944164372e-03	-8.488464e-02
1.657767569164372e-03	-9.073050e-02
1.667533194164372e-03	-9.622123e-02
1.677298819164372e-03	-1.013704e-01
1.687064444164372e-03	-1.061902e-01
1.696830069164372e-03	-1.106922e-01
1.706595694164372e-03	-1.148870e-01
1.716361319164372e-03	-1.187844e-01
1.726126944164372e-03	-1.223934e-01
1.735892569164372e-03	-1.257224e-01
1.745658194164372e-03	-1.287792e-01
1.755423819164372e-03	-1.315711e-01
1.765189444164372e-03	-1.341045e-01
1.784720694164372e-03	-1.384200e-01
1.804251944164372e-03	-1.417685e-01
1.823783194164372e-03	-1.441838e-01
1.843314444164372e-03	-1.456904e-01
1.853080069164372e-03	-1.461070e-01
1.872611319164372e-03	-1.462656e-01
1.882376944164372e-03	-1.460017e-01
1.892142569164372e-03	-1.455011e-01
1.901908194164372e-03	-1.447523e-01
1.911673819164372e-03	-1.437377e-01
1.921439444164372e-03	-1.424284e-01
1.931205069164372e-03	-1.407806e-01
1.940970694164372e-03	-1.387175e-01
1.950736319164372e-03	-1.360987e-01
1.960501944164372e-03	-1.326421e-01
1.970267569164372e-03	-1.277017e-01
1.980033194164372e-03	-1.198619e-01
1.989798819164372e-03	-1.076890e-01
1.999564444164372e-03	-9.179243e-02
2.009330069164372e-03	-7.376115e-02
2.018620840046063e-03	-5.551080e-02
2.028386465046063e-03	-3.796972e-02
2.038152090046063e-03	-2.410877e-02
2.047917715046063e-03	-1.200922e-02
2.057683340046063e-03	-6.990814e-04
2.067448965046063e-03	9.832302e-03
2.077214590046063e-03	1.979373e-02
2.086980215046063e-03	2.915010e-02
2.096745840046063e-03	3.801015e-02
2.106511465046063e-03	4.634660e-02
2.116277090046063e-03	5.423421e-02
2.126042715046063e-03	6.165392e-02
2.135808340046063e-03	6.866293e-02
2.145573965046063e-03	7.524782e-02
2.155339590046063e-03	8.145446e-02
2.165105215046063e-03	8.727329e-02
2.174870840046063e-03	9.274165e-02
2.184636465046063e-03	9.785266e-02
2.194402090046063e-03	1.026375e-01
2.204167715046063e-03	1.070909e-01
2.213933340046063e-03	1.112390e-01
2.223698965046063e-03	1.150777e-01
2.233464590046063e-03	1.186290e-01
2.243230215046063e-03	1.218899e-01
2.252995840046063e-03	1.248788e-01
2.262761465046063e-03	1.275931e-01
2.272527090046063e-03	1.300486e-01
2.282292715046063e-03	1.322431e-01
2.292058340046063e-03	1.341894e-01
2.299070941168910e-03	1.354315e-01
2.306847187494730e-03	1.366647e-01
2.311057206775077e-03	1.372671e-01
2.313852654291908e-03	1.376441e-01
2.317513906512059e-03	1.381071e-01
2.319676588692246e-03	1.383649e-01
2.322889806230485e-03	1.387271e-01
2.329316241306963e-03	1.393739e-01
2.339081866306963e-03	1.401643e-01
2.348847491306963e-03	1.407205e-01
2.358613116306963e-03	1.410444e-01
2.368378741306963e-03	1.411317e-01
2.378144366306963e-03	1.409804e-01
2.387909991306963e-03	1.405805e-01
2.397675616306963e-03	1.399218e-01
2.407441241306963e-03	1.389822e-01
2.417206866306963e-03	1.377326e-01
2.426972491306963e-03	1.361188e-01
2.433903097916558e-03	1.347096e-01
2.439487518413073e-03	1.333743e-01
2.440043131439883e-03	1.332302e-01
2.441154357493501e-03	1.329360e-01
2.442726710322975e-03	1.325026e-01
2.444411714603788e-03	1.320158e-01
2.446245222658306e-03	1.314576e-01
2.447973339244442e-03	1.309025e-01
2.449849714133662e-03	1.302640e-01
2.452091076126991e-03	1.294471e-01
2.455990789037469e-03	1.278580e-01
2.462811412992642e-03	1.243836e-01
2.472577037992643e-03	1.168711e-01
2.482342662992642e-03	1.051024e-01
2.492108287992643e-03	8.950875e-02
2.501873912992642e-03	7.168037e-02
2.511079100447461e-03	5.368020e-02
2.520844725447462e-03	3.592058e-02
2.530610350447461e-03	2.190387e-02
2.540375975447462e-03	9.795858e-03
2.541596678572461e-03	8.321023e-03
2.544038084822461e-03	5.433720e-03
2.544648436384962e-03	4.727743e-03
2.545869139509961e-03	3.319375e-03
2.546569348495775e-03	2.514957e-03
2.546690467464236e-03	2.376232e-03
2.546932705401158e-03	2.099186e-03
2.547417181275000e-03	1.546927e-03
2.548386133022686e-03	4.479183e-04
2.549845917833700e-03	-1.194371e-03
2.552765487455728e-03	-4.431974e-03
2.558604626699784e-03	-1.072778e-02
2.567195206067392e-03	-1.958654e-02
2.576960831067393e-03	-2.911878e-02
2.586726456067392e-03	-3.811832e-02
2.596492081067393e-03	-4.661769e-02
2.606257706067392e-03	-5.464388e-02
2.616023331067393e-03	-6.222057e-02
2.625788956067392e-03	-6.936883e-02
2.635554581067392e-03	-7.610790e-02
2.645320206067392e-03	-8.245531e-02
2.655085831067392e-03	-8.842736e-02
2.664851456067392e-03	-9.403870e-02
2.674617081067392e-03	-9.930323e-02
2.684382706067392e-03	-1.042337e-01
2.694148331067392e-03	-1.088418e-01
2.703913956067392e-03	-1.131385e-01
2.713679581067392e-03	-1.171339e-01
2.723445206067392e-03	-1.208373e-01
2.733210831067392e-03	-1.242574e-01
2.742976456067392e-03	-1.274021e-01
2.752742081067392e-03	-1.302789e-01
2.762507706067392e-03	-1.328945e-01
2.772273331067392e-03	-1.352553e-01
2.782038956067392e-03	-1.373670e-01
2.791804581067392e-03	-1.392348e-01
2.801570206067393e-03	-1.408635e-01
2.811335831067392e-03	-1.422572e-01
2.821101456067393e-03	-1.434195e-01
2.830867081067392e-03	-1.443534e-01
2.840632706067393e-03	-1.450609e-01
2.850398331067392e-03	-1.455433e-01
2.860163956067393e-03	-1.458007e-01
2.869929581067392e-03	-1.458314e-01
2.879695206067392e-03	-1.456326e-01
2.889460831067392e-03	-1.451976e-01
2.899226456067392e-03	-1.445164e-01
2.908992081067392e-03	-1.435730e-01
2.918757706067392e-03	-1.423421e-01
2.928523331067392e-03	-1.407812e-01
2.938288956067392e-03	-1.388238e-01
2.948054581067392e-03	-1.363472e-01
2.957820206067392e-03	-1.331078e-01
2.967585831067392e-03	-1.285648e-01
2.977351456067392e-03	-1.214782e-01
2.987117081067392e-03	-1.102268e-01
2.996882706067392e-03	-9.496108e-02
3.006648331067392e-03	-7.728864e-02
3.015677449794575e-03	-5.967366e-02
3.025443074794575e-03	-4.139791e-02
3.035208699794575e-03	-2.679173e-02
3.044974324794575e-03	-1.448117e-02
3.054572098368350e-03	-3.155860e-03
3.063858404647265e-03	7.011258e-03
3.073624029647266e-03	1.715864e-02
3.083389654647265e-03	2.666837e-02
3.093155279647266e-03	3.568697e-02
3.102920904647265e-03	4.416228e-02
3.112686529647266e-03	5.219170e-02
3.122452154647265e-03	5.973925e-02
3.132217779647266e-03	6.687757e-02
3.141983404647265e-03	7.358114e-02
3.151749029647266e-03	7.990700e-02
3.161514654647265e-03	8.583680e-02
3.171280279647266e-03	9.141601e-02
3.181045904647265e-03	9.663134e-02
3.190811529647266e-03	1.015201e-01
3.200577154647266e-03	1.060721e-01
3.210342779647266e-03	1.103183e-01
3.220108404647266e-03	1.142509e-01
3.229874029647266e-03	1.178954e-01
3.239639654647266e-03	1.212462e-01
3.249405279647265e-03	1.243241e-01
3.259170904647266e-03	1.271251e-01
3.268936529647265e-03	1.296663e-01
3.278702154647266e-03	1.319448e-01
3.288467779647265e-03	1.339743e-01
3.295428719452997e-03	1.352663e-01
3.303318409816730e-03	1.365833e-01
3.308018955370807e-03	1.372914e-01
3.310927145130197e-03	1.377032e-01
3.314960160796826e-03	1.382384e-01
3.317507322968539e-03	1.385549e-01
3.320554871449169e-03	1.389141e-01
3.326012053964461e-03	1.394974e-01
3.333532769997242e-03	1.401844e-01
3.343298394997242e-03	1.408680e-01
3.353064019997242e-03	1.413217e-01
3.362829644997242e-03	1.415400e-01
3.372595269997242e-03	1.415248e-01
3.382360894997242e-03	1.412657e-01
3.392126519997242e-03	1.407585e-01
3.401892144997242e-03	1.399833e-01
3.411657769997242e-03	1.389217e-01
3.421423394997242e-03	1.375312e-01
3.431189019997242e-03	1.357538e-01
3.437704926988627e-03	1.342998e-01
3.442238765895035e-03	1.331330e-01
3.444794663338433e-03	1.324050e-01
3.446598604111834e-03	1.318596e-01
3.448454135230376e-03	1.312634e-01
3.450153275547621e-03	1.306892e-01
3.451954929799131e-03	1.300415e-01
3.454648106611411e-03	1.289971e-01
3.459586841894307e-03	1.267747e-01
3.467075684858426e-03	1.223180e-01
3.476841309858425e-03	1.132975e-01
3.486606934858426e-03	9.992490e-02
3.496372559858425e-03	8.333135e-02
3.506138184858426e-03	6.489812e-02
3.515903809858425e-03	4.588202e-02
3.525669434858426e-03	2.975008e-02
3.535435059858425e-03	1.684215e-02
3.544819772969108e-03	5.484199e-03
3.546040476094108e-03	4.080736e-03
3.546345651875358e-03	3.730040e-03
3.546956003437858e-03	3.029450e-03
3.547108591328483e-03	2.854671e-03
3.547413767109734e-03	2.505467e-03
3.547916617344937e-03	1.931296e-03
3.548251777960552e-03	1.548016e-03
3.548625076249058e-03	1.124746e-03
3.549047603367553e-03	6.474231e-04
3.549468134341959e-03	1.718874e-04
3.550309196290772e-03	-7.731130e-04
3.551412791321886e-03	-2.006618e-03
3.553260846034215e-03	-4.050770e-03
3.555760209897419e-03	-6.777890e-03
3.560220901912497e-03	-1.153794e-02
3.568884279550930e-03	-2.041976e-02
3.578649904550930e-03	-2.989410e-02
3.588415529550930e-03	-3.884018e-02
3.598181154550930e-03	-4.728751e-02
3.607946779550930e-03	-5.526486e-02
3.617712404550930e-03	-6.279349e-02
3.627478029550930e-03	-6.989630e-02
3.637243654550930e-03	-7.659040e-02
3.647009279550930e-03	-8.289507e-02
3.656774904550930e-03	-8.882461e-02
3.666540529550930e-03	-9.439542e-02
3.676306154550930e-03	-9.961948e-02
3.686071779550930e-03	-1.045112e-01
3.695837404550930e-03	-1.090805e-01
3.705603029550930e-03	-1.133399e-01
3.715368654550930e-03	-1.172978e-01
3.725134279550930e-03	-1.209651e-01
3.734899904550930e-03	-1.243488e-01
3.744665529550930e-03	-1.274583e-01
3.754431154550930e-03	-1.302995e-01
3.764196779550930e-03	-1.328806e-01
3.773962404550930e-03	-1.352064e-01
3.783728029550930e-03	-1.372841e-01
3.793493654550930e-03	-1.391174e-01
3.803259279550930e-03	-1.407122e-01
3.813024904550930e-03	-1.420715e-01
3.822790529550930e-03	-1.431998e-01
3.832556154550930e-03	-1.440988e-01
3.842321779550930e-03	-1.447717e-01
3.852087404550930e-03	-1.452183e-01
3.861853029550930e-03	-1.454395e-01
3.871618654550930e-03	-1.454324e-01
3.881384279550930e-03	-1.451942e-01
3.891149904550930e-03	-1.447168e-01
3.900915529550930e-03	-1.439901e-01
3.910681154550930e-03	-1.429951e-01
3.920446779550930e-03	-1.417049e-01
3.930212404550930e-03	-1.400707e-01
3.939978029550930e-03	-1.380181e-01
3.949743654550930e-03	-1.354037e-01
3.959509279550930e-03	-1.319388e-01
3.969274904550930e-03	-1.269635e-01
3.979040529550930e-03	-1.190410e-01
3.988806154550930e-03	-1.067736e-01
3.998571779550930e-03	-9.082340e-02
4.008337404550930e-03	-7.276385e-02
4.017691913048060e-03	-5.439164e-02
4.027457538048060e-03	-3.697470e-02
4.037223163048060e-03	-2.322061e-02
4.046988788048060e-03	-1.115501e-02
4.056754413048060e-03	1.177793e-04
4.066520038048060e-03	1.062590e-02
4.076285663048060e-03	2.056113e-02
4.086051288048060e-03	2.989884e-02
4.095816913048060e-03	3.873855e-02
4.105582538048060e-03	4.706001e-02
4.115348163048060e-03	5.493173e-02
4.125113788048060e-03	6.233976e-02
4.134879413048060e-03	6.933668e-02
4.144645038048060e-03	7.591294e-02
4.154410663048060e-03	8.211084e-02
4.164176288048060e-03	8.792388e-02
4.173941913048060e-03	9.338652e-02
4.183707538048060e-03	9.849436e-02
4.193473163048060e-03	1.032762e-01
4.203238788048060e-03	1.077288e-01
4.213004413048060e-03	1.118764e-01
4.222770038048060e-03	1.157166e-01
4.232535663048060e-03	1.192697e-01
4.242301288048060e-03	1.225341e-01
4.252066913048060e-03	1.255269e-01
4.261832538048060e-03	1.282467e-01
4.271598163048060e-03	1.307082e-01
4.281363788048060e-03	1.329101e-01
4.289509464992393e-03	1.345573e-01
4.296527104567267e-03	1.358359e-01
4.303625704294744e-03	1.370037e-01
4.307626870619791e-03	1.376047e-01
4.310291983438945e-03	1.379841e-01
4.313609347251416e-03	1.384304e-01
4.316034578607702e-03	1.387394e-01
4.319035917323079e-03	1.391022e-01
4.325038594753833e-03	1.397602e-01
4.334103085545050e-03	1.405880e-01
4.343868710545051e-03	1.412552e-01
4.353634335545050e-03	1.416919e-01
4.363399960545050e-03	1.418951e-01
4.373165585545050e-03	1.418641e-01
4.382931210545051e-03	1.415912e-01
4.392696835545050e-03	1.410692e-01
4.402462460545050e-03	1.402813e-01
4.412228085545050e-03	1.392058e-01
4.421993710545051e-03	1.378030e-01
4.431759335545050e-03	1.360120e-01
4.438618441367545e-03	1.344658e-01
4.443858538931721e-03	1.330822e-01
4.446425705219068e-03	1.323255e-01
4.448198821509216e-03	1.317686e-01
4.449934636517223e-03	1.311918e-01
4.451762357660405e-03	1.305504e-01
4.453481820686506e-03	1.299086e-01
4.456548747468038e-03	1.286620e-01
4.462564281044572e-03	1.257188e-01
4.472329906044572e-03	1.186925e-01
4.482095531044572e-03	1.075329e-01
4.491861156044572e-03	9.235393e-02
4.501626781044572e-03	7.475569e-02
4.510692253189203e-03	5.711453e-02
4.520457878189203e-03	3.888136e-02
4.530223503189204e-03	2.433247e-02
4.539989128189204e-03	1.205869e-02
4.541209831314203e-03	1.056143e-02
4.543651237564204e-03	7.635670e-03
4.544261589126703e-03	6.921666e-03
4.545482292251704e-03	5.497038e-03
4.547576225854898e-03	3.078247e-03
4.547941732286512e-03	2.660313e-03
4.548672745149742e-03	1.826556e-03
4.549183123432570e-03	1.246551e-03
4.549234824477668e-03	1.187769e-03
4.549338226567864e-03	1.070229e-03
4.549545030748257e-03	8.359319e-04
4.549958639109042e-03	3.689325e-04
4.550418769075700e-03	-1.492699e-04
4.551339029009017e-03	-1.180605e-03
4.553179548875651e-03	-3.225028e-03
4.556860588608918e-03	-7.241469e-03
4.563053609818111e-03	-1.379230e-02
4.572819234818111e-03	-2.363300e-02
4.582584859818111e-03	-3.291877e-02
4.592350484818111e-03	-4.168669e-02
4.602116109818111e-03	-4.996628e-02
4.611881734818111e-03	-5.778295e-02
4.621647359818111e-03	-6.515909e-02
4.631412984818111e-03	-7.211490e-02
4.641178609818111e-03	-7.866886e-02
4.650944234818111e-03	-8.483783e-02
4.660709859818111e-03	-9.063758e-02
4.670475484818110e-03	-9.608223e-02
4.680241109818111e-03	-1.011852e-01
4.690006734818111e-03	-1.059589e-01
4.699772359818111e-03	-1.104145e-01
4.709537984818110e-03	-1.145627e-01
4.719303609818111e-03	-1.184133e-01
4.729069234818111e-03	-1.219752e-01
4.738834859818111e-03	-1.252569e-01
4.748600484818111e-03	-1.282659e-01
4.758366109818111e-03	-1.310096e-01
4.768131734818111e-03	-1.334944e-01
4.787662984818111e-03	-1.377111e-01
4.807194234818111e-03	-1.409580e-01
4.826725484818111e-03	-1.432680e-01
4.846256734818111e-03	-1.446638e-01
4.856022359818111e-03	-1.450221e-01
4.865787984818111e-03	-1.451532e-01
4.875553609818111e-03	-1.450547e-01
4.885319234818111e-03	-1.447212e-01
4.895084859818111e-03	-1.441442e-01
4.904850484818111e-03	-1.433097e-01
4.914616109818110e-03	-1.421961e-01
4.924381734818111e-03	-1.407669e-01
4.934147359818111e-03	-1.389663e-01
4.943912984818111e-03	-1.366932e-01
4.953678609818110e-03	-1.337543e-01
4.963444234818111e-03	-1.297370e-01
4.973209859818111e-03	-1.236732e-01
4.982975484818111e-03	-1.138765e-01
4.992741109818111e-03	-9.976085e-02
5.002506734818111e-03	-8.272514e-02
5.011758520957829e-03	-6.501860e-02
5.021524145957829e-03	-4.610983e-02
5.031289770957829e-03	-3.039282e-02
5.039576773297983e-03	-1.952100e-02
5.047403884226872e-03	-9.906985e-03
5.056037990585292e-03	-2.594598e-05
5.065803615585293e-03	1.054332e-02
5.075569240585292e-03	2.045800e-02
5.085334865585292e-03	2.983621e-02
5.095100490585292e-03	3.866640e-02
5.104866115585293e-03	4.701898e-02
5.114631740585292e-03	5.488702e-02
5.124397365585292e-03	6.232084e-02
5.134162990585292e-03	6.931772e-02
5.143928615585293e-03	7.591631e-02
5.153694240585292e-03	8.211669e-02
5.163459865585292e-03	8.794959e-02
5.173225490585292e-03	9.341661e-02
5.182991115585293e-03	9.854258e-02
5.192756740585293e-03	1.033303e-01
5.202522365585292e-03	1.077998e-01
5.212287990585292e-03	1.119546e-01
5.222053615585293e-03	1.158106e-01
5.231819240585293e-03	1.193720e-01
5.241584865585292e-03	1.226515e-01
5.251350490585292e-03	1.256534e-01
5.261116115585293e-03	1.283880e-01
5.270881740585293e-03	1.308593e-01
5.280647365585292e-03	1.330756e-01
5.288653316057068e-03	1.347045e-01
5.295183315194162e-03	1.359104e-01
5.302323526869944e-03	1.371042e-01
5.306124186058875e-03	1.376872e-01
5.308720933150108e-03	1.380657e-01
5.311996084864355e-03	1.385173e-01
5.314227456584145e-03	1.388111e-01
5.317188849647491e-03	1.391798e-01
5.323111635774181e-03	1.398556e-01
5.332877260774182e-03	1.407800e-01
5.342642885774181e-03	1.414749e-01
5.352408510774181e-03	1.419367e-01
5.362174135774181e-03	1.421690e-01
5.371939760774182e-03	1.421650e-01
5.381705385774181e-03	1.419240e-01
5.391471010774181e-03	1.414332e-01
5.401236635774181e-03	1.406829e-01
5.411002260774182e-03	1.396472e-01
5.420767885774181e-03	1.382955e-01
5.430533510774181e-03	1.365660e-01
5.437393350987197e-03	1.350784e-01
5.442957862378281e-03	1.336605e-01
5.443686914492183e-03	1.334580e-01
5.445145018719987e-03	1.330424e-01
5.446698662027951e-03	1.325784e-01
5.448346200880131e-03	1.320623e-01
5.450113710957036e-03	1.314788e-01
5.451907692097500e-03	1.308524e-01
5.453576688017063e-03	1.302349e-01
5.456029583299128e-03	1.292588e-01
5.459915213984096e-03	1.275125e-01
5.467016908363352e-03	1.234320e-01
5.476782533363352e-03	1.148154e-01
5.486548158363353e-03	1.018353e-01
5.496313783363353e-03	8.546557e-02
5.506079408363352e-03	6.716753e-02
5.515845033363352e-03	4.807012e-02
5.525610658363353e-03	3.153740e-02
5.534198473746403e-03	1.991026e-02
5.542486881164630e-03	9.660051e-03
5.548113667360124e-03	3.087502e-03
5.548258662495110e-03	2.921463e-03
5.548548652765085e-03	2.589321e-03
5.549128633305031e-03	1.927459e-03
5.549256497907695e-03	1.782171e-03
5.549512227113022e-03	1.491789e-03
5.550023685523677e-03	9.121115e-04
5.550084078501645e-03	8.436508e-04
5.550204864457580e-03	7.067920e-04
5.550446436369451e-03	4.340171e-04
5.550929580193191e-03	-1.096839e-04
5.551446397289856e-03	-6.895206e-04
5.552480031483187e-03	-1.842978e-03
5.554547299869848e-03	-4.127088e-03
5.558681836643169e-03	-8.605191e-03
5.565757405129458e-03	-1.600581e-02
5.575523030129458e-03	-2.571350e-02
5.585288655129458e-03	-3.487561e-02
5.595054280129458e-03	-4.352682e-02
5.604819905129458e-03	-5.169573e-02
5.614585530129458e-03	-5.940675e-02
5.624351155129458e-03	-6.668191e-02
5.634116780129458e-03	-7.354080e-02
5.643882405129458e-03	-8.000169e-02
5.653648030129458e-03	-8.608098e-02
5.663413655129458e-03	-9.179427e-02
5.673179280129458e-03	-9.715533e-02
5.682944905129458e-03	-1.021775e-01
5.692710530129458e-03	-1.068727e-01
5.702476155129458e-03	-1.112523e-01
5.712241780129458e-03	-1.153264e-01
5.722007405129458e-03	-1.191049e-01
5.731773030129458e-03	-1.225964e-01
5.741538655129458e-03	-1.258093e-01
5.751304280129458e-03	-1.287511e-01
5.761069905129458e-03	-1.314289e-01
5.770835530129458e-03	-1.338490e-01
5.790366780129458e-03	-1.379396e-01
5.809898030129458e-03	-1.410636e-01
5.829429280129458e-03	-1.432528e-01
5.848960530129458e-03	-1.445281e-01
5.858726155129458e-03	-1.448255e-01
5.868491780129458e-03	-1.448947e-01
5.878257405129458e-03	-1.447324e-01
5.888023030129458e-03	-1.443325e-01
5.897788655129458e-03	-1.436849e-01
5.907554280129458e-03	-1.427736e-01
5.917319905129458e-03	-1.415736e-01
5.927085530129458e-03	-1.400424e-01
5.936851155129458e-03	-1.381139e-01
5.946616780129458e-03	-1.356655e-01
5.956382405129458e-03	-1.324551e-01
5.966148030129458e-03	-1.279446e-01
5.975913655129458e-03	-1.209008e-01
5.985679280129458e-03	-1.097011e-01
5.995444905129458e-03	-9.447986e-02
6.005210530129458e-03	-7.683781e-02
6.014251003783969e-03	-5.921674e-02
6.024016628783969e-03	-4.093453e-02
6.033782253783969e-03	-2.632010e-02
6.043547878783969e-03	-1.401318e-02
6.053090583093460e-03	-2.753512e-03
6.062346849918939e-03	7.382359e-03
6.072112474918939e-03	1.753300e-02
6.081878099918939e-03	2.704670e-02
6.091643724918939e-03	3.607000e-02
6.101409349918939e-03	4.455093e-02
6.111174974918939e-03	5.258680e-02
6.120940599918939e-03	6.014176e-02
6.130706224918939e-03	6.728830e-02
6.140471849918939e-03	7.400105e-02
6.150237474918939e-03	8.033689e-02
6.160003099918939e-03	8.627760e-02
6.169768724918939e-03	9.186848e-02
6.179534349918939e-03	9.709640e-02
6.189299974918939e-03	1.019985e-01
6.199065599918939e-03	1.065647e-01
6.208831224918939e-03	1.108258e-01
6.218596849918939e-03	1.147741e-01
6.228362474918939e-03	1.184351e-01
6.238128099918939e-03	1.218031e-01
6.247893724918939e-03	1.248989e-01
6.257659349918939e-03	1.277186e-01
6.267424974918939e-03	1.302793e-01
6.277190599918939e-03	1.325780e-01
6.286956224918939e-03	1.346285e-01
6.293726118129274e-03	1.359015e-01
6.301191223143141e-03	1.371723e-01
6.305152406501093e-03	1.377883e-01
6.307766847444270e-03	1.381744e-01
6.311093511152444e-03	1.386406e-01
6.313248832692167e-03	1.389271e-01
6.316231189434142e-03	1.393066e-01
6.322195902918091e-03	1.399968e-01
6.331961527918091e-03	1.409425e-01
6.341727152918092e-03	1.416544e-01
6.351492777918091e-03	1.421383e-01
6.361258402918091e-03	1.423886e-01
6.371024027918091e-03	1.424082e-01
6.380789652918092e-03	1.421873e-01
6.390555277918091e-03	1.417229e-01
6.400320902918091e-03	1.409970e-01
6.410086527918091e-03	1.399941e-01
6.419852152918092e-03	1.386763e-01
6.429617777918091e-03	1.369947e-01
6.437125170228192e-03	1.353960e-01
6.443101136653452e-03	1.338874e-01
6.443911993406755e-03	1.336611e-01
6.445533706913360e-03	1.331984e-01
6.447095095318479e-03	1.327305e-01
6.448833821337383e-03	1.321828e-01
6.450424583398909e-03	1.316558e-01
6.452006143953008e-03	1.311046e-01
6.453786936918293e-03	1.304488e-01
6.455840097173127e-03	1.296401e-01
6.459271814457360e-03	1.281415e-01
6.465612252530864e-03	1.247232e-01
6.475377877530864e-03	1.168132e-01
6.485143502530865e-03	1.045898e-01
6.494909127530864e-03	8.868255e-02
6.504674752530864e-03	7.066265e-02
6.514031809881407e-03	5.231349e-02
6.523797434881407e-03	3.494652e-02
6.533563059881406e-03	2.124116e-02
6.543328684881406e-03	9.205965e-03
6.544093957094861e-03	8.288514e-03
6.545624501521769e-03	6.478605e-03
6.548685590375585e-03	2.941490e-03
6.549226986396524e-03	2.323838e-03
6.550309778438401e-03	1.093832e-03
6.550826342325618e-03	5.095196e-04
6.550916576230342e-03	4.078108e-04
6.551097044039787e-03	2.046969e-04
6.551457979658680e-03	-2.008488e-04
6.552179850896464e-03	-1.009212e-03
6.553623593372034e-03	-2.614315e-03
6.556511078323172e-03	-5.780113e-03
6.562286048225448e-03	-1.194027e-02
6.570446058498484e-03	-2.028028e-02
6.580211683498483e-03	-2.974080e-02
6.589977308498483e-03	-3.867192e-02
6.599742933498484e-03	-4.710517e-02
6.609508558498484e-03	-5.506711e-02
6.619274183498483e-03	-6.258096e-02
6.629039808498483e-03	-6.966767e-02
6.638805433498484e-03	-7.634611e-02
6.648571058498484e-03	-8.263384e-02
6.658336683498483e-03	-8.854681e-02
6.668102308498483e-03	-9.409976e-02
6.677867933498484e-03	-9.930627e-02
6.687633558498484e-03	-1.041792e-01
6.697399183498483e-03	-1.087299e-01
6.707164808498483e-03	-1.129696e-01
6.716930433498483e-03	-1.169080e-01
6.726696058498484e-03	-1.205545e-01
6.736461683498484e-03	-1.239177e-01
6.746227308498483e-03	-1.270055e-01
6.755992933498483e-03	-1.298251e-01
6.765758558498484e-03	-1.323835e-01
6.785289808498483e-03	-1.367406e-01
6.795055433498483e-03	-1.385500e-01
6.814586683498484e-03	-1.414538e-01
6.824352308498483e-03	-1.425555e-01
6.834117933498483e-03	-1.434275e-01
6.843883558498484e-03	-1.440717e-01
6.853649183498484e-03	-1.444887e-01
6.863414808498483e-03	-1.446781e-01
6.873180433498483e-03	-1.446375e-01
6.882946058498484e-03	-1.443624e-01
6.892711683498484e-03	-1.438447e-01
6.902477308498483e-03	-1.430718e-01
6.912242933498483e-03	-1.420235e-01
6.922008558498484e-03	-1.406665e-01
6.931774183498484e-03	-1.389497e-01
6.941539808498483e-03	-1.367820e-01
6.951305433498483e-03	-1.339921e-01
6.961071058498483e-03	-1.302225e-01
6.970836683498484e-03	-1.246374e-01
6.980602308498484e-03	-1.156146e-01
6.990367933498483e-03	-1.022040e-01
7.000133558498483e-03	-8.556940e-02
7.009882720691677e-03	-6.713229e-02
7.019648345691677e-03	-4.807671e-02
7.029413970691676e-03	-3.187167e-02
7.037770585379591e-03	-2.069915e-02
7.045735078021039e-03	-1.085281e-02
7.055500703021039e-03	3.733446e-04
7.065266328021039e-03	1.092123e-02
7.075031953021040e-03	2.083398e-02
7.084797578021039e-03	3.019767e-02
7.094563203021039e-03	3.902542e-02
7.104328828021039e-03	4.736739e-02
7.114094453021040e-03	5.523341e-02
7.123860078021039e-03	6.265945e-02
7.133625703021039e-03	6.965507e-02
7.143391328021039e-03	7.624817e-02
7.153156953021039e-03	8.244818e-02
7.162922578021039e-03	8.827754e-02
7.172688203021039e-03	9.374522e-02
7.182453828021039e-03	9.886926e-02
7.192219453021039e-03	1.036586e-01
7.201985078021039e-03	1.081277e-01
7.211750703021039e-03	1.122848e-01
7.221516328021039e-03	1.161419e-01
7.231281953021039e-03	1.197065e-01
7.241047578021039e-03	1.229883e-01
7.250813203021039e-03	1.259942e-01
7.260578828021039e-03	1.287322e-01
7.270344453021039e-03	1.312085e-01
7.280110078021040e-03	1.334292e-01
7.287732586029562e-03	1.349884e-01
7.294173627401078e-03	1.361883e-01
7.301150602335249e-03	1.373692e-01
7.304737752985960e-03	1.379283e-01
7.307286541998228e-03	1.383071e-01
7.310425700039110e-03	1.387496e-01
7.312908195272928e-03	1.390835e-01
7.315785320537774e-03	1.394499e-01
7.321539571067465e-03	1.401238e-01
7.330646422482102e-03	1.410235e-01
7.340412047482102e-03	1.417665e-01
7.350177672482102e-03	1.422778e-01
7.359943297482102e-03	1.425600e-01
7.369708922482102e-03	1.426084e-01
7.379474547482102e-03	1.424216e-01
7.389240172482102e-03	1.419892e-01
7.399005797482102e-03	1.413021e-01
7.408771422482102e-03	1.403383e-01
7.418537047482102e-03	1.390703e-01
7.428302672482102e-03	1.374458e-01
7.437085653432485e-03	1.356143e-01
7.443315797665648e-03	1.340439e-01
7.444155529199097e-03	1.338104e-01
7.445834992265996e-03	1.333302e-01
7.447403928940092e-03	1.328587e-01
7.448942813146753e-03	1.323743e-01
7.450559177393093e-03	1.318402e-01
7.452078668640254e-03	1.313129e-01
7.453902758843070e-03	1.306441e-01
7.455705089811805e-03	1.299406e-01
7.458912828688225e-03	1.285659e-01
7.464722284590621e-03	1.255577e-01
7.474026983216950e-03	1.185403e-01
7.483792608216949e-03	1.070384e-01
7.493558233216949e-03	9.161603e-02
7.503323858216949e-03	7.387387e-02
7.512436170290199e-03	5.607564e-02
7.522201795290199e-03	3.805507e-02
7.531967420290199e-03	2.375549e-02
7.541733045290199e-03	1.155838e-02
7.542953748415199e-03	1.007128e-02
7.545395154665199e-03	7.162237e-03
7.546005506227698e-03	6.451526e-03
7.547226209352699e-03	5.033560e-03
7.549667615602699e-03	2.229999e-03
7.550028387130940e-03	1.820350e-03
7.550749930187423e-03	1.003049e-03
7.551260143978033e-03	4.271807e-04
7.551310761381761e-03	3.700120e-04
7.551411996189215e-03	2.556844e-04
7.551614465804123e-03	2.779909e-05
7.552019405033941e-03	-4.263810e-04
7.552448847610953e-03	-9.069262e-04
7.553307732764978e-03	-1.863604e-03
7.555025503073028e-03	-3.761354e-03
7.558461043689127e-03	-7.494500e-03
7.564374620941535e-03	-1.373485e-02
7.574140245941535e-03	-2.356070e-02
7.583905870941535e-03	-3.283198e-02
7.593671495941535e-03	-4.158552e-02
7.603437120941535e-03	-4.985067e-02
7.613202745941535e-03	-5.765276e-02
7.622968370941535e-03	-6.501412e-02
7.632733995941535e-03	-7.195494e-02
7.642499620941535e-03	-7.849362e-02
7.652265245941535e-03	-8.464704e-02
7.662030870941535e-03	-9.043094e-02
7.671796495941535e-03	-9.585942e-02
7.681562120941535e-03	-1.009459e-01
7.691327745941535e-03	-1.057027e-01
7.701093370941535e-03	-1.101412e-01
7.710858995941535e-03	-1.142719e-01
7.720624620941535e-03	-1.181047e-01
7.730390245941535e-03	-1.216483e-01
7.740155870941535e-03	-1.249114e-01
7.749921495941535e-03	-1.279015e-01
7.759687120941535e-03	-1.306258e-01
7.769452745941535e-03	-1.330909e-01
7.779218370941535e-03	-1.353027e-01
7.788983995941535e-03	-1.372668e-01
7.808515245941535e-03	-1.404710e-01
7.828046495941534e-03	-1.427359e-01
7.847577745941536e-03	-1.440831e-01
7.857343370941535e-03	-1.444154e-01
7.867108995941535e-03	-1.445190e-01
7.876874620941535e-03	-1.443909e-01
7.886640245941535e-03	-1.440252e-01
7.896405870941535e-03	-1.434123e-01
7.906171495941534e-03	-1.425367e-01
7.915937120941534e-03	-1.413746e-01
7.925702745941536e-03	-1.398850e-01
7.935468370941536e-03	-1.380051e-01
7.945233995941535e-03	-1.356188e-01
7.954999620941535e-03	-1.324986e-01
7.964765245941535e-03	-1.281451e-01
7.974530870941535e-03	-1.214012e-01
7.984296495941534e-03	-1.106019e-01
7.994062120941534e-03	-9.567970e-02
8.003827745941536e-03	-7.820560e-02
8.012860283196404e-03	-6.068372e-02
8.022625908196405e-03	-4.217988e-02
8.032391533196405e-03	-2.725209e-02
8.042157158196405e-03	-1.484259e-02
8.051062116842714e-03	-4.242031e-03
8.060109471824875e-03	5.766790e-03
8.069875096824875e-03	1.602063e-02
8.079640721824875e-03	2.563130e-02
8.089406346824875e-03	3.474347e-02
8.099171971824875e-03	4.331063e-02
8.108937596824874e-03	5.142684e-02
8.118703221824874e-03	5.906047e-02
8.128468846824874e-03	6.628092e-02
8.138234471824875e-03	7.306635e-02
8.148000096824875e-03	7.947087e-02
8.157765721824875e-03	8.547930e-02
8.167531346824875e-03	9.113451e-02
8.177296971824875e-03	9.642600e-02
8.187062596824874e-03	1.013887e-01
8.196828221824874e-03	1.060151e-01
8.206593846824874e-03	1.103337e-01
8.216359471824874e-03	1.143393e-01
8.226125096824875e-03	1.180553e-01
8.235890721824875e-03	1.214781e-01
8.245656346824875e-03	1.246269e-01
8.255421971824875e-03	1.274994e-01
8.265187596824874e-03	1.301113e-01
8.274953221824874e-03	1.324612e-01
8.284718846824874e-03	1.345616e-01
8.291389120061009e-03	1.358511e-01
8.298993464954451e-03	1.371844e-01
8.303275668736848e-03	1.378699e-01
8.305950148342820e-03	1.382756e-01
8.309556109721655e-03	1.387942e-01
8.311706854903031e-03	1.390871e-01
8.314649327343871e-03	1.394714e-01
8.320534272225550e-03	1.401729e-01
8.330299897225550e-03	1.411540e-01
8.340065522225550e-03	1.419015e-01
8.349831147225550e-03	1.424217e-01
8.359596772225551e-03	1.427091e-01
8.369362397225551e-03	1.427672e-01
8.379128022225551e-03	1.425865e-01
8.388893647225551e-03	1.421652e-01
8.398659272225550e-03	1.414862e-01
8.408424897225550e-03	1.405361e-01
8.418190522225550e-03	1.392802e-01
8.427956147225550e-03	1.376756e-01
8.437721772225551e-03	1.356349e-01
8.444206950284708e-03	1.339755e-01
8.444915504193060e-03	1.337740e-01
8.446332612009767e-03	1.333634e-01
8.447828022918465e-03	1.329104e-01
8.449345417057018e-03	1.324292e-01
8.450914950581949e-03	1.319075e-01
8.452430674893183e-03	1.313784e-01
8.454238028472697e-03	1.307123e-01
8.456039611745923e-03	1.300054e-01
8.459224209114147e-03	1.286341e-01
8.465087952313642e-03	1.255786e-01
8.474719652682225e-03	1.181841e-01
8.484485277682224e-03	1.064652e-01
8.494250902682224e-03	9.088783e-02
8.504016527682224e-03	7.305751e-02
8.513164449301419e-03	5.515701e-02
8.522930074301419e-03	3.729726e-02
8.532695699301419e-03	2.317716e-02
8.542461324301419e-03	1.102698e-02
8.543682027426419e-03	9.546459e-03
8.546123433676419e-03	6.649049e-03
8.546733785238920e-03	5.940852e-03
8.547954488363919e-03	4.527897e-03
8.550075789197795e-03	2.097674e-03
8.550435869563921e-03	1.689291e-03
8.551156030296173e-03	8.745206e-04
8.551667673110712e-03	2.977133e-04
8.551717681293394e-03	2.412990e-04
8.551817697658760e-03	1.284806e-04
8.552017730389492e-03	-9.640206e-05
8.552417795850958e-03	-5.446053e-04
8.552844415901362e-03	-1.021461e-03
8.553697656002172e-03	-1.970830e-03
8.555404136203790e-03	-3.854204e-03
8.558817096607029e-03	-7.559557e-03
8.564690098567983e-03	-1.375299e-02
8.574455723567983e-03	-2.357363e-02
8.584221348567983e-03	-3.283993e-02
8.593986973567983e-03	-4.158862e-02
8.603752598567983e-03	-4.984900e-02
8.613518223567982e-03	-5.764640e-02
8.623283848567982e-03	-6.500309e-02
8.633049473567982e-03	-7.193924e-02
8.642815098567984e-03	-7.847328e-02
8.652580723567983e-03	-8.462206e-02
8.662346348567983e-03	-9.040128e-02
8.672111973567983e-03	-9.582509e-02
8.681877598567983e-03	-1.009069e-01
8.691643223567982e-03	-1.056590e-01
8.701408848567982e-03	-1.100927e-01
8.711174473567982e-03	-1.142186e-01
8.720940098567984e-03	-1.180465e-01
8.730705723567983e-03	-1.215852e-01
8.740471348567983e-03	-1.248434e-01
8.750236973567983e-03	-1.278285e-01
8.760002598567983e-03	-1.305478e-01
8.769768223567983e-03	-1.330077e-01
8.789299473567982e-03	-1.371732e-01
8.808830723567983e-03	-1.403665e-01
8.828361973567983e-03	-1.426201e-01
8.847893223567983e-03	-1.439554e-01
8.857658848567982e-03	-1.442813e-01
8.867424473567982e-03	-1.443782e-01
8.877190098567982e-03	-1.442429e-01
8.886955723567984e-03	-1.438693e-01
8.896721348567983e-03	-1.432477e-01
8.906486973567983e-03	-1.423623e-01
8.916252598567983e-03	-1.411884e-01
8.926018223567983e-03	-1.396843e-01
8.935783848567982e-03	-1.377851e-01
8.945549473567982e-03	-1.353711e-01
8.955315098567982e-03	-1.322058e-01
8.965080723567984e-03	-1.277674e-01
8.974846348567983e-03	-1.208534e-01
8.984611973567983e-03	-1.098228e-01
8.994377598567983e-03	-9.472902e-02
9.004143223567983e-03	-7.716106e-02
9.013179663652738e-03	-5.958442e-02
9.022945288652738e-03	-4.121266e-02
9.032710913652738e-03	-2.647755e-02
9.042476538652738e-03	-1.413469e-02
9.051724619057171e-03	-3.184623e-03
9.060865158802327e-03	6.866182e-03
9.070630783802327e-03	1.706068e-02
9.080396408802326e-03	2.661549e-02
9.090162033802326e-03	3.567726e-02
9.099927658802326e-03	4.419559e-02
9.109693283802327e-03	5.226702e-02
9.119458908802327e-03	5.985697e-02
9.129224533802327e-03	6.703705e-02
9.138990158802327e-03	7.378300e-02
9.148755783802327e-03	8.015087e-02
9.158521408802326e-03	8.612339e-02
9.168287033802326e-03	9.174513e-02
9.178052658802326e-03	9.700378e-02
9.187818283802327e-03	1.019358e-01
9.197583908802327e-03	1.065319e-01
9.207349533802327e-03	1.108223e-01
9.217115158802327e-03	1.147999e-01
9.226880783802327e-03	1.184896e-01
9.236646408802326e-03	1.218865e-01
9.246412033802326e-03	1.250108e-01
9.256177658802326e-03	1.278591e-01
9.265943283802328e-03	1.304480e-01
9.275708908802327e-03	1.327752e-01
9.285474533802327e-03	1.348540e-01
9.292178067231417e-03	1.361347e-01
9.299600225279212e-03	1.374215e-01
9.303549588386998e-03	1.380484e-01
9.306133618695547e-03	1.384385e-01
9.309432626810252e-03	1.389119e-01
9.311527038224552e-03	1.391976e-01
9.314480880015671e-03	1.395841e-01
9.320388563597912e-03	1.402896e-01
9.330154188597912e-03	1.412726e-01
9.339919813597912e-03	1.420223e-01
9.349685438597911e-03	1.425448e-01
9.359451063597911e-03	1.428348e-01
9.369216688597911e-03	1.428958e-01
9.378982313597913e-03	1.427184e-01
9.388747938597912e-03	1.423010e-01
9.398513563597912e-03	1.416264e-01
9.408279188597912e-03	1.406818e-01
9.418044813597912e-03	1.394328e-01
9.427810438597911e-03	1.378372e-01
9.437576063597911e-03	1.358092e-01
9.443959705259757e-03	1.341900e-01
9.444695250750127e-03	1.339828e-01
9.446166341730866e-03	1.335606e-01
9.447694187368244e-03	1.331017e-01
9.449160202150357e-03	1.326411e-01
9.450778830511731e-03	1.321081e-01
9.452360288400331e-03	1.315604e-01
9.454047188040339e-03	1.309446e-01
9.455754595222210e-03	1.302838e-01
9.458703707466204e-03	1.290408e-01
9.464398351205062e-03	1.261718e-01
9.473559339586303e-03	1.195307e-01
9.483324964586303e-03	1.084128e-01
9.493090589586303e-03	9.326336e-02
9.502856214586302e-03	7.567199e-02
9.511914152366383e-03	5.804490e-02
9.521679777366383e-03	3.975518e-02
9.531445402366383e-03	2.512908e-02
9.541211027366383e-03	1.282870e-02
9.542404783441054e-03	1.136143e-02
9.544792295590396e-03	8.492935e-03
9.549567319889077e-03	2.952032e-03
9.550316710984335e-03	2.097968e-03
9.550504058758151e-03	1.884852e-03
9.550878754305780e-03	1.459426e-03
9.551366569433405e-03	9.077768e-04
9.552007425626651e-03	1.857339e-04
9.552088770646665e-03	9.410110e-05
9.552251460686691e-03	-8.897623e-05
9.552576840766745e-03	-4.536682e-04
9.553161536693146e-03	-1.106766e-03
9.553776126304587e-03	-1.790701e-03
9.555005305527470e-03	-3.150163e-03
9.557463663973236e-03	-5.837431e-03
9.562380380864767e-03	-1.108779e-02
9.569897884298262e-03	-1.881425e-02
9.579663509298262e-03	-2.834456e-02
9.589429134298262e-03	-3.734053e-02
9.599194759298263e-03	-4.583437e-02
9.608960384298263e-03	-5.385334e-02
9.618726009298263e-03	-6.142082e-02
9.628491634298263e-03	-6.855822e-02
9.638257259298262e-03	-7.528450e-02
9.648022884298262e-03	-8.161750e-02
9.657788509298262e-03	-8.757319e-02
9.667554134298262e-03	-9.316683e-02
9.677319759298263e-03	-9.841180e-02
9.687085384298263e-03	-1.033212e-01
9.696851009298263e-03	-1.079066e-01
9.706616634298263e-03	-1.121792e-01
9.716382259298263e-03	-1.161489e-01
9.726147884298262e-03	-1.198252e-01
9.735913509298262e-03	-1.232166e-01
9.745679134298262e-03	-1.263315e-01
9.755444759298263e-03	-1.291768e-01
9.765210384298263e-03	-1.317597e-01
9.774976009298263e-03	-1.340863e-01
9.784741634298263e-03	-1.361625e-01
9.794507259298263e-03	-1.379932e-01
9.804272884298262e-03	-1.395834e-01
9.814038509298262e-03	-1.409369e-01
9.823804134298262e-03	-1.420572e-01
9.833569759298262e-03	-1.429469e-01
9.843335384298263e-03	-1.436080e-01
9.853101009298263e-03	-1.440411e-01
9.862866634298263e-03	-1.442459e-01
9.872632259298263e-03	-1.442198e-01
9.882397884298262e-03	-1.439587e-01
9.892163509298262e-03	-1.434541e-01
9.901929134298262e-03	-1.426937e-01
9.911694759298262e-03	-1.416570e-01
9.921460384298263e-03	-1.403109e-01
9.931226009298263e-03	-1.386039e-01
9.940991634298263e-03	-1.364451e-01
9.950757259298263e-03	-1.336623e-01
9.960522884298263e-03	-1.298970e-01
9.970288509298262e-03	-1.243106e-01
9.980054134298262e-03	-1.152799e-01
9.989819759298262e-03	-1.018634e-01
9.999585384298263e-03	-8.522911e-02
1.000000000000000e-02	-nan
