time	V(n012)
0.000000000000000e+00	4.500007e-14
1.428571445265854e-08	-2.037388e-09
2.857142890531708e-08	-1.738490e-09
4.285714335797562e-08	8.967390e-10
5.714285781063416e-08	5.868298e-09
7.142857226329269e-08	1.317619e-08
8.571428671595124e-08	2.282041e-08
1.000000011686097e-07	3.480096e-08
1.710339670235794e-07	5.449255e-07
2.551606150801390e-07	3.102790e-06
3.475678023122745e-07	9.699435e-06
5.323821767765455e-07	3.279403e-05
7.567827658493275e-07	7.409063e-05
1.057151319933914e-06	1.507457e-04
1.433433615874545e-06	2.769042e-04
1.972667795732991e-06	5.045817e-04
2.718627845172539e-06	8.910389e-04
3.845470476927253e-06	1.583156e-03
5.575137854447906e-06	2.802667e-03
8.110248374857669e-06	4.778420e-03
1.201969832930392e-05	8.068982e-03
1.876940441518232e-05	1.423500e-02
2.853502941518233e-05	2.402607e-02
3.830065441518232e-05	3.436314e-02
4.806627941518233e-05	4.427550e-02
5.783190441518233e-05	5.312219e-02
6.759752941518233e-05	6.111788e-02
7.736315441518233e-05	6.855620e-02
8.712877941518232e-05	7.555958e-02
9.689440441518233e-05	8.220139e-02
1.066600294151823e-04	8.851026e-02
1.164256544151823e-04	9.451222e-02
1.261912794151823e-04	1.002139e-01
1.359569044151823e-04	1.056288e-01
1.457225294151823e-04	1.107630e-01
1.554881544151823e-04	1.156236e-01
1.652537794151823e-04	1.202151e-01
1.750194044151823e-04	1.245429e-01
1.847850294151823e-04	1.286105e-01
1.945506544151823e-04	1.324225e-01
2.003789326112559e-04	1.345767e-01
2.045038154332979e-04	1.360470e-01
2.085466294554360e-04	1.374445e-01
2.113810971858517e-04	1.383990e-01
2.133055449098659e-04	1.390358e-01
2.147812315979404e-04	1.395177e-01
2.164747317946737e-04	1.400633e-01
2.180248353991616e-04	1.405562e-01
2.229347470360579e-04	1.420768e-01
2.383265476982774e-04	1.464459e-01
2.480921726982774e-04	1.489079e-01
2.578577976982774e-04	1.511314e-01
2.676234226982774e-04	1.531181e-01
2.773890476982774e-04	1.548688e-01
2.871546726982774e-04	1.563847e-01
2.969202976982774e-04	1.576655e-01
3.066859226982774e-04	1.587111e-01
3.164515476982774e-04	1.595201e-01
3.262171726982774e-04	1.600904e-01
3.359827976982774e-04	1.604183e-01
3.457484226982774e-04	1.604982e-01
3.555140476982774e-04	1.603225e-01
3.652796726982774e-04	1.598793e-01
3.750452976982774e-04	1.591521e-01
3.848109226982774e-04	1.581170e-01
3.945765476982774e-04	1.567371e-01
4.043421726982774e-04	1.549570e-01
4.141077976982774e-04	1.526869e-01
4.238734226982774e-04	1.497781e-01
4.336390476982774e-04	1.459724e-01
4.434046726982774e-04	1.408385e-01
4.491320097487570e-04	1.369921e-01
4.498167341118711e-04	1.364785e-01
4.511861828380995e-04	1.354294e-01
4.531691614096197e-04	1.338313e-01
4.554511590603457e-04	1.318780e-01
4.567649929728122e-04	1.306986e-01
4.568840796667408e-04	1.305896e-01
4.571222530545980e-04	1.303708e-01
4.575985998303123e-04	1.299292e-01
4.581919016585955e-04	1.293715e-01
4.587502276029740e-04	1.288394e-01
4.593260869964032e-04	1.282843e-01
4.599475555311944e-04	1.276773e-01
4.607957978724305e-04	1.268362e-01
4.620594038872204e-04	1.255560e-01
4.635008812724235e-04	1.240576e-01
4.663027731960238e-04	1.210357e-01
4.719065570432244e-04	1.146055e-01
4.812542888377340e-04	1.029132e-01
4.910199138377341e-04	8.961109e-02
5.007855388377341e-04	7.534934e-02
5.105511638377340e-04	6.025853e-02
5.203167888377340e-04	4.458159e-02
5.300824138377340e-04	2.893333e-02
5.398480388377340e-04	1.431921e-02
5.410687419627340e-04	1.260589e-02
5.435101482127341e-04	9.224242e-03
5.441204997752340e-04	8.394774e-03
5.453412029002340e-04	6.746229e-03
5.455475256670418e-04	6.469938e-03
5.459601712006570e-04	5.918503e-03
5.460633325840609e-04	5.781068e-03
5.462696553508686e-04	5.506477e-03
5.464376053466010e-04	5.282771e-03
5.464650086578662e-04	5.246240e-03
5.465198152803967e-04	5.173290e-03
5.466294285254575e-04	5.027853e-03
5.468486550155792e-04	4.737617e-03
5.472871079958226e-04	4.158934e-03
5.481640139563094e-04	3.008782e-03
5.499178258772830e-04	7.353473e-04
5.534254497192304e-04	-3.710598e-03
5.593047748546976e-04	-1.089205e-02
5.688535373039211e-04	-2.193792e-02
5.786191623039211e-04	-3.255747e-02
5.883847873039211e-04	-4.257045e-02
5.981504123039211e-04	-5.202398e-02
6.079160373039211e-04	-6.095463e-02
6.176816623039211e-04	-6.938937e-02
6.274472873039212e-04	-7.735266e-02
6.372129123039212e-04	-8.486450e-02
6.469785373039212e-04	-9.194409e-02
6.567441623039212e-04	-9.860802e-02
6.665097873039211e-04	-1.048718e-01
6.762754123039211e-04	-1.107496e-01
6.860410373039211e-04	-1.162549e-01
6.958066623039211e-04	-1.213995e-01
7.055722873039211e-04	-1.261950e-01
7.153379123039211e-04	-1.306517e-01
7.251035373039211e-04	-1.347793e-01
7.348691623039211e-04	-1.385865e-01
7.446347873039212e-04	-1.420817e-01
7.544004123039212e-04	-1.452721e-01
7.641660373039212e-04	-1.481647e-01
7.739316623039212e-04	-1.507656e-01
7.821795106015053e-04	-1.527391e-01
7.885810901655666e-04	-1.541318e-01
7.944471517851752e-04	-1.553026e-01
8.009875297082586e-04	-1.564901e-01
8.053437033371980e-04	-1.572121e-01
8.057403749516137e-04	-1.572748e-01
8.065337181804452e-04	-1.573991e-01
8.081204046381083e-04	-1.576424e-01
8.093822047435099e-04	-1.578310e-01
8.108220853790072e-04	-1.580405e-01
8.123705989272428e-04	-1.582593e-01
8.140598272274892e-04	-1.584902e-01
8.174382838279818e-04	-1.589276e-01
8.241951970289669e-04	-1.597055e-01
8.339608220289669e-04	-1.606018e-01
8.437264470289669e-04	-1.612277e-01
8.534920720289670e-04	-1.615809e-01
8.632576970289670e-04	-1.616565e-01
8.730233220289670e-04	-1.614461e-01
8.827889470289670e-04	-1.609364e-01
8.925545720289670e-04	-1.601070e-01
9.023201970289670e-04	-1.589262e-01
9.120858220289669e-04	-1.573446e-01
9.186758119763218e-04	-1.560135e-01
9.194453634401782e-04	-1.558412e-01
9.209844663678909e-04	-1.554886e-01
9.229775098471432e-04	-1.550089e-01
9.253565320331909e-04	-1.544017e-01
9.276596619883570e-04	-1.537757e-01
9.300443277861118e-04	-1.530848e-01
9.331722232020672e-04	-1.521067e-01
9.357793621259019e-04	-1.512231e-01
9.382026865286543e-04	-1.503398e-01
9.407692399032787e-04	-1.493320e-01
9.440376077479737e-04	-1.479279e-01
9.480017009863423e-04	-1.460161e-01
9.535685994998122e-04	-1.428690e-01
9.620212142615466e-04	-1.368283e-01
9.717868392615466e-04	-1.277907e-01
9.815524642615466e-04	-1.168648e-01
9.913180892615467e-04	-1.045794e-01
1.001083714261547e-03	-9.121240e-02
1.010849339261547e-03	-7.691233e-02
1.020614964261547e-03	-6.182116e-02
1.030380589261547e-03	-4.619638e-02
1.040146214261547e-03	-3.067365e-02
1.049911839261547e-03	-1.622501e-02
1.059677464261547e-03	-3.185964e-03
1.069443089261547e-03	8.797918e-03
1.079208714261547e-03	1.997448e-02
1.088974339261547e-03	3.047221e-02
1.098739964261547e-03	4.036406e-02
1.108505589261547e-03	4.969669e-02
1.118271214261547e-03	5.850463e-02
1.128036839261547e-03	6.681497e-02
1.137802464261547e-03	7.465114e-02
1.147568089261547e-03	8.203328e-02
1.157333714261547e-03	8.897994e-02
1.167099339261547e-03	9.550760e-02
1.176864964261547e-03	1.016319e-01
1.186630589261547e-03	1.073666e-01
1.196396214261547e-03	1.127248e-01
1.206161839261547e-03	1.177186e-01
1.215927464261547e-03	1.223592e-01
1.225693089261547e-03	1.266567e-01
1.235458714261547e-03	1.306208e-01
1.243775801675977e-03	1.337401e-01
1.248675771702070e-03	1.354689e-01
1.252633465548717e-03	1.368070e-01
1.255768830919616e-03	1.378308e-01
1.257766487421196e-03	1.384670e-01
1.259257598252063e-03	1.389337e-01
1.261011861451254e-03	1.394730e-01
1.262552604258421e-03	1.399385e-01
1.264217659752198e-03	1.404332e-01
1.267547770739751e-03	1.413959e-01
1.273556350970880e-03	1.430446e-01
1.283321975970880e-03	1.454844e-01
1.293087600970880e-03	1.476311e-01
1.302853225970880e-03	1.494886e-01
1.312618850970880e-03	1.510602e-01
1.322384475970880e-03	1.523475e-01
1.332150100970880e-03	1.533512e-01
1.341915725970880e-03	1.540698e-01
1.351681350970880e-03	1.544996e-01
1.361446975970880e-03	1.546337e-01
1.371212600970880e-03	1.544609e-01
1.380978225970880e-03	1.539632e-01
1.390743850970880e-03	1.531132e-01
1.400509475970880e-03	1.518677e-01
1.410275100970880e-03	1.501584e-01
1.420040725970880e-03	1.478714e-01
1.429806350970880e-03	1.448121e-01
1.439571975970880e-03	1.406422e-01
1.446923863051264e-03	1.364674e-01
1.447702979066941e-03	1.359559e-01
1.449261211098296e-03	1.349047e-01
1.451359570360398e-03	1.333984e-01
1.453729070911073e-03	1.315726e-01
1.454004214545559e-03	1.313511e-01
1.454554501814530e-03	1.309045e-01
1.455186023294302e-03	1.303828e-01
1.455835347911166e-03	1.298360e-01
1.456505707326915e-03	1.292605e-01
1.457114870664537e-03	1.287291e-01
1.457805456203054e-03	1.281164e-01
1.458574093387768e-03	1.274220e-01
1.459757032223139e-03	1.263276e-01
1.461173864022189e-03	1.249768e-01
1.463665335407324e-03	1.225005e-01
1.468032589462695e-03	1.178759e-01
1.474944120374319e-03	1.099224e-01
1.484709745374319e-03	9.759611e-02
1.494475370374319e-03	8.419245e-02
1.504240995374319e-03	6.985077e-02
1.514006620374319e-03	5.471728e-02
1.523772245374319e-03	3.909867e-02
1.533537870374319e-03	2.374653e-02
1.543303495374319e-03	9.621035e-03
1.544524198499319e-03	7.968444e-03
1.546965604749319e-03	4.701628e-03
1.547093611841917e-03	4.532637e-03
1.547349626027113e-03	4.195122e-03
1.547764454133615e-03	3.650009e-03
1.548064560449922e-03	3.256245e-03
1.548110866752369e-03	3.195551e-03
1.548203479357263e-03	3.074330e-03
1.548388704567052e-03	2.832494e-03
1.548759154986628e-03	2.350126e-03
1.549500055825781e-03	1.390339e-03
1.550981857504086e-03	-5.103883e-04
1.553945460860697e-03	-4.240611e-03
1.559548667732054e-03	-1.105737e-02
1.568504758196601e-03	-2.140074e-02
1.578270383196601e-03	-3.201721e-02
1.588036008196601e-03	-4.202405e-02
1.597801633196601e-03	-5.147126e-02
1.607567258196601e-03	-6.039583e-02
1.617332883196601e-03	-6.882549e-02
1.627098508196601e-03	-7.678454e-02
1.636864133196601e-03	-8.429325e-02
1.646629758196601e-03	-9.137055e-02
1.656395383196601e-03	-9.803313e-02
1.666161008196601e-03	-1.042963e-01
1.675926633196601e-03	-1.101742e-01
1.685692258196601e-03	-1.156802e-01
1.695457883196601e-03	-1.208262e-01
1.705223508196601e-03	-1.256236e-01
1.714989133196601e-03	-1.300824e-01
1.724754758196601e-03	-1.342126e-01
1.734520383196601e-03	-1.380227e-01
1.744286008196601e-03	-1.415210e-01
1.754051633196601e-03	-1.447147e-01
1.763817258196601e-03	-1.476108e-01
1.773582883196601e-03	-1.502152e-01
1.783348508196601e-03	-1.525335e-01
1.790350289685896e-03	-1.540219e-01
1.796806090571120e-03	-1.552675e-01
1.804494588012633e-03	-1.565933e-01
1.805119798048190e-03	-1.566931e-01
1.806370218119303e-03	-1.568903e-01
1.808871058261529e-03	-1.572709e-01
1.810830396928353e-03	-1.575558e-01
1.812424359793899e-03	-1.577801e-01
1.814002528297445e-03	-1.579946e-01
1.815642914414544e-03	-1.582103e-01
1.817454618704143e-03	-1.584395e-01
1.821078027283340e-03	-1.588701e-01
1.828324844441734e-03	-1.596197e-01
1.838090469441734e-03	-1.603947e-01
1.847856094441734e-03	-1.608979e-01
1.857621719441734e-03	-1.611259e-01
1.867387344441734e-03	-1.610721e-01
1.877152969441734e-03	-1.607257e-01
1.886918594441734e-03	-1.600703e-01
1.896684219441734e-03	-1.590801e-01
1.906449844441734e-03	-1.577156e-01
1.916215469441734e-03	-1.559134e-01
1.917075148925455e-03	-1.557298e-01
1.918794507892895e-03	-1.553526e-01
1.920799908889655e-03	-1.548888e-01
1.923168634602798e-03	-1.543081e-01
1.925622368208760e-03	-1.536661e-01
1.928102474043039e-03	-1.529722e-01
1.931075747120200e-03	-1.520756e-01
1.933556479040986e-03	-1.512682e-01
1.936258119607276e-03	-1.503211e-01
1.938906071645988e-03	-1.493164e-01
1.942553074426626e-03	-1.477925e-01
1.946602429715635e-03	-1.458805e-01
1.952625852072435e-03	-1.425155e-01
1.961491627883240e-03	-1.361639e-01
1.971257252883240e-03	-1.270689e-01
1.981022877883240e-03	-1.161045e-01
1.990788502883240e-03	-1.037932e-01
2.000554127883240e-03	-9.040362e-02
2.010319752883240e-03	-7.608255e-02
2.020085377883240e-03	-6.097272e-02
2.029851002883240e-03	-4.533935e-02
2.039616627883240e-03	-2.983696e-02
2.049382252883240e-03	-1.543744e-02
2.059147877883240e-03	-2.442951e-03
2.068913502883240e-03	9.509604e-03
2.078679127883240e-03	2.066040e-02
2.088444752883240e-03	3.113701e-02
2.098210377883240e-03	4.100992e-02
2.107976002883240e-03	5.032606e-02
2.117741627883240e-03	5.911899e-02
2.127507252883240e-03	6.741612e-02
2.137272877883240e-03	7.524036e-02
2.147038502883240e-03	8.261207e-02
2.156804127883240e-03	8.954948e-02
2.166569752883240e-03	9.606941e-02
2.176335377883240e-03	1.021868e-01
2.186101002883240e-03	1.079157e-01
2.195866627883240e-03	1.132694e-01
2.205632252883240e-03	1.182596e-01
2.215397877883240e-03	1.228977e-01
2.225163502883240e-03	1.271936e-01
2.234929127883240e-03	1.311571e-01
2.241946490380705e-03	1.338042e-01
2.246585916666634e-03	1.354635e-01
2.250465219325740e-03	1.367959e-01
2.253629468406218e-03	1.378464e-01
2.255668127674988e-03	1.385064e-01
2.257135896002122e-03	1.389736e-01
2.258893109724018e-03	1.395231e-01
2.260372560918482e-03	1.399782e-01
2.262015491475608e-03	1.404753e-01
2.265301352589859e-03	1.414438e-01
2.271423379033589e-03	1.431575e-01
2.281189004033588e-03	1.456496e-01
2.290954629033589e-03	1.478488e-01
2.300720254033588e-03	1.497593e-01
2.310485879033589e-03	1.513844e-01
2.320251504033588e-03	1.527263e-01
2.330017129033589e-03	1.537859e-01
2.339782754033588e-03	1.545622e-01
2.349548379033589e-03	1.550525e-01
2.359314004033589e-03	1.552506e-01
2.369079629033589e-03	1.551469e-01
2.378845254033589e-03	1.547257e-01
2.388610879033589e-03	1.539627e-01
2.398376504033589e-03	1.528205e-01
2.408142129033589e-03	1.512395e-01
2.417907754033589e-03	1.491223e-01
2.427673379033589e-03	1.463038e-01
2.437439004033589e-03	1.424958e-01
2.447204629033589e-03	1.372268e-01
2.452495727406327e-03	1.335694e-01
2.452905414007515e-03	1.332571e-01
2.453724787209891e-03	1.326246e-01
2.455363533614643e-03	1.313116e-01
2.456267742713610e-03	1.305595e-01
2.457031006540093e-03	1.299090e-01
2.457696539508602e-03	1.293299e-01
2.458409313198108e-03	1.286991e-01
2.459100887428613e-03	1.280761e-01
2.459880228790616e-03	1.273614e-01
2.461034263079850e-03	1.262784e-01
2.462455288245144e-03	1.249057e-01
2.465153735025790e-03	1.221857e-01
2.469346838568762e-03	1.176900e-01
2.476507411926968e-03	1.093667e-01
2.486273036926968e-03	9.692877e-02
2.496038661926968e-03	8.342971e-02
2.505804286926968e-03	6.900512e-02
2.515569911926968e-03	5.380794e-02
2.525335536926968e-03	3.816908e-02
2.535101161926968e-03	2.288129e-02
2.544866786926968e-03	8.870624e-03
2.546087490051968e-03	7.231027e-03
2.548528896301968e-03	3.988516e-03
2.548854295293814e-03	3.562650e-03
2.549505093277505e-03	2.713550e-03
2.549667792773428e-03	2.502242e-03
2.549993191765274e-03	2.080262e-03
2.550267464180326e-03	1.725306e-03
2.550506323238996e-03	1.415463e-03
2.550765219747432e-03	1.082203e-03
2.551041101896256e-03	7.290164e-04
2.551369797351823e-03	3.073484e-04
2.552027188262957e-03	-5.306684e-04
2.552728871477689e-03	-1.420894e-03
2.554102830907003e-03	-3.147963e-03
2.555854663103567e-03	-5.322762e-03
2.558743532461011e-03	-8.844041e-03
2.563542363512113e-03	-1.453070e-02
2.572797043142496e-03	-2.498590e-02
2.582562668142496e-03	-3.537756e-02
2.592328293142496e-03	-4.517965e-02
2.602093918142496e-03	-5.443554e-02
2.611859543142496e-03	-6.317885e-02
2.621625168142496e-03	-7.143557e-02
2.631390793142496e-03	-7.922854e-02
2.641156418142496e-03	-8.657748e-02
2.650922043142496e-03	-9.350036e-02
2.660687668142496e-03	-1.000137e-01
2.670453293142496e-03	-1.061320e-01
2.680218918142496e-03	-1.118694e-01
2.689984543142496e-03	-1.172386e-01
2.699750168142495e-03	-1.222514e-01
2.709515793142496e-03	-1.269186e-01
2.719281418142495e-03	-1.312504e-01
2.729047043142496e-03	-1.352559e-01
2.738812668142496e-03	-1.389440e-01
2.748578293142496e-03	-1.423223e-01
2.758343918142496e-03	-1.453980e-01
2.768109543142496e-03	-1.481776e-01
2.777875168142496e-03	-1.506671e-01
2.787640793142496e-03	-1.528715e-01
2.797406418142496e-03	-1.547952e-01
2.807172043142496e-03	-1.564417e-01
2.807756116940242e-03	-1.565310e-01
2.808924264535737e-03	-1.567075e-01
2.811260559726724e-03	-1.570485e-01
2.813394433022712e-03	-1.573457e-01
2.815346369066455e-03	-1.576059e-01
2.816863455742861e-03	-1.578013e-01
2.818637859811618e-03	-1.580206e-01
2.820547491090655e-03	-1.582474e-01
2.824366753648729e-03	-1.586688e-01
2.832005278764876e-03	-1.593882e-01
2.841770903764877e-03	-1.600650e-01
2.851536528764877e-03	-1.604685e-01
2.861302153764877e-03	-1.605926e-01
2.871067778764877e-03	-1.604302e-01
2.880833403764877e-03	-1.599672e-01
2.890599028764877e-03	-1.591846e-01
2.900364653764877e-03	-1.580502e-01
2.910130278764877e-03	-1.565164e-01
2.915587654192372e-03	-1.554581e-01
2.919402997189577e-03	-1.546187e-01
2.922084795618618e-03	-1.539746e-01
2.924853690652780e-03	-1.532589e-01
2.927818067541964e-03	-1.524298e-01
2.931050513069686e-03	-1.514453e-01
2.934009464517824e-03	-1.504610e-01
2.937175592855720e-03	-1.493096e-01
2.940221128168033e-03	-1.480929e-01
2.945380409029196e-03	-1.457445e-01
2.950413395247372e-03	-1.430411e-01
2.960179020247372e-03	-1.362846e-01
2.969944645247372e-03	-1.273395e-01
2.979710270247372e-03	-1.164929e-01
2.989475895247372e-03	-1.042708e-01
2.999241520247372e-03	-9.095769e-02
3.009007145247372e-03	-7.670153e-02
3.018772770247372e-03	-6.164337e-02
3.028538395247372e-03	-4.603342e-02
3.038304020247372e-03	-3.049569e-02
3.048069645247372e-03	-1.600903e-02
3.057835270247372e-03	-2.938557e-03
3.067600895247372e-03	9.067059e-03
3.077366520247372e-03	2.026188e-02
3.087132145247372e-03	3.077665e-02
3.096897770247372e-03	4.068536e-02
3.106663395247372e-03	5.003523e-02
3.116429020247372e-03	5.886092e-02
3.126194645247372e-03	6.718977e-02
3.135960270247372e-03	7.504514e-02
3.145725895247372e-03	8.244736e-02
3.155491520247372e-03	8.941486e-02
3.165257145247372e-03	9.596448e-02
3.175022770247372e-03	1.021112e-01
3.184788395247372e-03	1.078693e-01
3.194554020247372e-03	1.132519e-01
3.204319645247372e-03	1.182709e-01
3.214085270247372e-03	1.229375e-01
3.223850895247372e-03	1.272621e-01
3.233616520247372e-03	1.312542e-01
3.240598513756280e-03	1.339088e-01
3.244658834712688e-03	1.353773e-01
3.248772420358455e-03	1.368090e-01
3.252447518963003e-03	1.380414e-01
3.254382962136834e-03	1.386734e-01
3.255948624069045e-03	1.391759e-01
3.257694882747356e-03	1.397264e-01
3.259304265649982e-03	1.402253e-01
3.261157784182563e-03	1.407895e-01
3.264864821247725e-03	1.418854e-01
3.269905982932657e-03	1.433061e-01
3.279671607932657e-03	1.458337e-01
3.289437232932657e-03	1.480685e-01
3.299202857932657e-03	1.500153e-01
3.308968482932657e-03	1.516769e-01
3.318734107932657e-03	1.530564e-01
3.328499732932657e-03	1.541543e-01
3.338265357932657e-03	1.549707e-01
3.348030982932657e-03	1.555025e-01
3.357796607932657e-03	1.557451e-01
3.367562232932657e-03	1.556892e-01
3.377327857932657e-03	1.553209e-01
3.387093482932657e-03	1.546178e-01
3.396859107932658e-03	1.535464e-01
3.406624732932657e-03	1.520525e-01
3.416390357932657e-03	1.500495e-01
3.426155982932657e-03	1.473903e-01
3.435921607932657e-03	1.438203e-01
3.445687232932657e-03	1.389091e-01
3.450659215162268e-03	1.357210e-01
3.451092790456199e-03	1.354146e-01
3.451959941044060e-03	1.347933e-01
3.453694242219781e-03	1.334976e-01
3.455749014122716e-03	1.318703e-01
3.456089462484916e-03	1.315897e-01
3.456770359209316e-03	1.310230e-01
3.457419307863856e-03	1.304724e-01
3.458062038471217e-03	1.299168e-01
3.458646050423654e-03	1.294028e-01
3.459269455687364e-03	1.288460e-01
3.459977877952833e-03	1.282028e-01
3.460641038400898e-03	1.275907e-01
3.461735091988192e-03	1.265599e-01
3.463082624732527e-03	1.252549e-01
3.465143334364511e-03	1.231872e-01
3.469264753628479e-03	1.188113e-01
3.477281199778746e-03	1.095165e-01
3.487046824778745e-03	9.704446e-02
3.496812449778746e-03	8.351879e-02
3.506578074778745e-03	6.907036e-02
3.516343699778746e-03	5.385572e-02
3.526109324778745e-03	3.820962e-02
3.535874949778746e-03	2.293197e-02
3.545640574778746e-03	8.939757e-03
3.546861277903746e-03	7.302130e-03
3.549302684153746e-03	4.063227e-03
3.549913035716246e-03	3.266823e-03
3.551133738841246e-03	1.683307e-03
3.551299322374262e-03	1.470114e-03
3.551630489440294e-03	1.044389e-03
3.551978939262507e-03	5.976021e-04
3.552215471023732e-03	2.933293e-04
3.552490729590404e-03	-5.767044e-05
3.552762233249653e-03	-4.017416e-04
3.553065934901476e-03	-7.880064e-04
3.553673338205121e-03	-1.555493e-03
3.554253478390922e-03	-2.285963e-03
3.555361095140439e-03	-3.669828e-03
3.556666608612966e-03	-5.285853e-03
3.558671782194828e-03	-7.735410e-03
3.561749288059743e-03	-1.142464e-02
3.566998047025616e-03	-1.753346e-02
3.576763672025616e-03	-2.835205e-02
3.586529297025616e-03	-3.853725e-02
3.596294922025616e-03	-4.814994e-02
3.606060547025616e-03	-5.722727e-02
3.615826172025616e-03	-6.580169e-02
3.625591797025616e-03	-7.389624e-02
3.635357422025616e-03	-8.153418e-02
3.645123047025616e-03	-8.873314e-02
3.654888672025616e-03	-9.551185e-02
3.664654297025616e-03	-1.018851e-01
3.674419922025616e-03	-1.078682e-01
3.684185547025616e-03	-1.134737e-01
3.693951172025616e-03	-1.187152e-01
3.703716797025616e-03	-1.236030e-01
3.713482422025616e-03	-1.281488e-01
3.723248047025616e-03	-1.323615e-01
3.733013672025616e-03	-1.362509e-01
3.742779297025616e-03	-1.398247e-01
3.752544922025616e-03	-1.430911e-01
3.762310547025616e-03	-1.460564e-01
3.772076172025616e-03	-1.487274e-01
3.781841797025616e-03	-1.511094e-01
3.791607422025616e-03	-1.532076e-01
3.801373047025616e-03	-1.550255e-01
3.811138672025616e-03	-1.565669e-01
3.811632212565674e-03	-1.566370e-01
3.812619293645791e-03	-1.567759e-01
3.814593455806026e-03	-1.570453e-01
3.816616403938840e-03	-1.573091e-01
3.818283405360505e-03	-1.575179e-01
3.819928704590202e-03	-1.577162e-01
3.821651534363995e-03	-1.579155e-01
3.823556516755567e-03	-1.581261e-01
3.827366481538709e-03	-1.585160e-01
3.834986411104994e-03	-1.591718e-01
3.844752036104994e-03	-1.597689e-01
3.854517661104994e-03	-1.600898e-01
3.864283286104994e-03	-1.601284e-01
3.874048911104994e-03	-1.598754e-01
3.883814536104994e-03	-1.593149e-01
3.893580161104994e-03	-1.584240e-01
3.903345786104994e-03	-1.571657e-01
3.911370514602906e-03	-1.558178e-01
3.912251599545102e-03	-1.556491e-01
3.914013769429495e-03	-1.553026e-01
3.916175323649564e-03	-1.548528e-01
3.918693985001468e-03	-1.542944e-01
3.921334523724309e-03	-1.536665e-01
3.924022897491825e-03	-1.529791e-01
3.927504923658896e-03	-1.520099e-01
3.930111220297602e-03	-1.512208e-01
3.932933775291122e-03	-1.502974e-01
3.935945824130145e-03	-1.492244e-01
3.940140231862855e-03	-1.475572e-01
3.944485764489108e-03	-1.455813e-01
3.951001015394071e-03	-1.420294e-01
3.960766640394070e-03	-1.350350e-01
3.970532265394070e-03	-1.258544e-01
3.980297890394070e-03	-1.148336e-01
3.990063515394071e-03	-1.024856e-01
3.999829140394070e-03	-8.906440e-02
4.009594765394070e-03	-7.471415e-02
4.019360390394070e-03	-5.957931e-02
4.029126015394071e-03	-4.393832e-02
4.038891640394070e-03	-2.847620e-02
4.048657265394070e-03	-1.416080e-02
4.058422890394070e-03	-1.240538e-03
4.068188515394071e-03	1.065870e-02
4.077954140394070e-03	2.176519e-02
4.087719765394070e-03	3.220483e-02
4.097485390394070e-03	4.204437e-02
4.107251015394071e-03	5.133112e-02
4.117016640394070e-03	6.009711e-02
4.126782265394070e-03	6.837026e-02
4.136547890394070e-03	7.617261e-02
4.146313515394071e-03	8.352491e-02
4.156079140394071e-03	9.044480e-02
4.165844765394070e-03	9.694938e-02
4.175610390394070e-03	1.030531e-01
4.185376015394071e-03	1.087703e-01
4.195141640394071e-03	1.141140e-01
4.204907265394070e-03	1.190960e-01
4.214672890394070e-03	1.237274e-01
4.224438515394070e-03	1.280182e-01
4.234204140394071e-03	1.319780e-01
4.240044330889657e-03	1.341911e-01
4.244290784912461e-03	1.357283e-01
4.248399260076688e-03	1.371587e-01
4.251138414755480e-03	1.380817e-01
4.252988780463718e-03	1.386920e-01
4.256165608280562e-03	1.397138e-01
4.257880772971704e-03	1.402519e-01
4.259524727004065e-03	1.407586e-01
4.268290674576099e-03	1.433169e-01
4.278056299576100e-03	1.458848e-01
4.287821924576100e-03	1.481600e-01
4.297587549576099e-03	1.501471e-01
4.307353174576099e-03	1.518496e-01
4.317118799576100e-03	1.532702e-01
4.326884424576100e-03	1.544102e-01
4.336650049576099e-03	1.552695e-01
4.346415674576099e-03	1.558461e-01
4.356181299576100e-03	1.561355e-01
4.365946924576100e-03	1.561296e-01
4.375712549576099e-03	1.558156e-01
4.385478174576099e-03	1.551733e-01
4.395243799576100e-03	1.541720e-01
4.405009424576100e-03	1.527630e-01
4.414775049576099e-03	1.508683e-01
4.424540674576099e-03	1.483574e-01
4.434306299576100e-03	1.450043e-01
4.444071924576100e-03	1.404211e-01
4.450045959171903e-03	1.367848e-01
4.450746684714091e-03	1.363035e-01
4.452148135798468e-03	1.353178e-01
4.454199694873320e-03	1.337909e-01
4.456524267144841e-03	1.319398e-01
4.456902340915838e-03	1.316251e-01
4.457658488457832e-03	1.309887e-01
4.458306979335061e-03	1.304319e-01
4.458954524606862e-03	1.298655e-01
4.459537384109306e-03	1.293466e-01
4.460152912108817e-03	1.287908e-01
4.460811238029817e-03	1.281871e-01
4.461528568702314e-03	1.275185e-01
4.462648233296419e-03	1.264525e-01
4.464020665866399e-03	1.251096e-01
4.466203739427839e-03	1.228949e-01
4.470569886550721e-03	1.182012e-01
4.477635881581004e-03	1.099622e-01
4.487401506581004e-03	9.749881e-02
4.497167131581004e-03	8.397732e-02
4.506932756581004e-03	6.953455e-02
4.516698381581004e-03	5.432380e-02
4.526464006581004e-03	3.867598e-02
4.536229631581004e-03	2.338171e-02
4.545995256581004e-03	9.363714e-03
4.546755098408457e-03	8.340536e-03
4.548274782063363e-03	6.305954e-03
4.551314149373175e-03	2.318856e-03
4.551880956025053e-03	1.589108e-03
4.552795504119096e-03	4.164773e-04
4.553458886402233e-03	-4.284544e-04
4.553479617098581e-03	-4.548192e-04
4.553521078491276e-03	-5.075907e-04
4.553604001276669e-03	-6.130858e-04
4.553769846847453e-03	-8.233248e-04
4.554050670544754e-03	-1.178394e-03
4.554561010162722e-03	-1.821602e-03
4.555581689398657e-03	-3.099733e-03
4.557623047870527e-03	-5.625057e-03
4.561705764814268e-03	-1.055854e-02
4.567953634500461e-03	-1.783439e-02
4.577507362163789e-03	-2.839664e-02
4.587272987163789e-03	-3.856913e-02
4.597038612163789e-03	-4.816888e-02
4.606804237163789e-03	-5.723429e-02
4.616569862163789e-03	-6.579625e-02
4.626335487163789e-03	-7.387903e-02
4.636101112163789e-03	-8.150460e-02
4.645866737163789e-03	-8.869170e-02
4.655632362163789e-03	-9.545796e-02
4.665397987163789e-03	-1.018191e-01
4.675163612163789e-03	-1.077896e-01
4.684929237163789e-03	-1.133829e-01
4.694694862163789e-03	-1.186114e-01
4.704460487163789e-03	-1.234867e-01
4.714226112163789e-03	-1.280193e-01
4.723991737163790e-03	-1.322190e-01
4.733757362163789e-03	-1.360950e-01
4.743522987163789e-03	-1.396553e-01
4.753288612163789e-03	-1.429078e-01
4.763054237163790e-03	-1.458593e-01
4.772819862163789e-03	-1.485159e-01
4.782585487163789e-03	-1.508834e-01
4.790759682452923e-03	-1.526462e-01
4.797416809109781e-03	-1.539362e-01
4.803733295088600e-03	-1.550405e-01
4.810838809436036e-03	-1.561445e-01
4.815906876507491e-03	-1.568425e-01
4.816386798293935e-03	-1.569043e-01
4.817346641866823e-03	-1.570266e-01
4.819266329012599e-03	-1.572630e-01
4.820798051497546e-03	-1.574443e-01
4.822496224498031e-03	-1.576373e-01
4.824401186051785e-03	-1.578441e-01
4.826434838065574e-03	-1.580533e-01
4.830502142093149e-03	-1.584362e-01
4.838636750148301e-03	-1.590599e-01
4.848402375148301e-03	-1.595566e-01
4.858168000148301e-03	-1.597742e-01
4.867933625148301e-03	-1.597055e-01
4.877699250148301e-03	-1.593387e-01
4.887464875148301e-03	-1.586553e-01
4.897230500148301e-03	-1.576273e-01
4.906996125148301e-03	-1.562103e-01
4.912723834634422e-03	-1.551721e-01
4.916592404310577e-03	-1.543703e-01
4.919493812383612e-03	-1.537114e-01
4.922106966251226e-03	-1.530710e-01
4.924680518666174e-03	-1.523945e-01
4.928703942317546e-03	-1.512344e-01
4.931286813900689e-03	-1.504181e-01
4.934229839099987e-03	-1.494095e-01
4.937409592296580e-03	-1.482160e-01
4.941026469140086e-03	-1.467074e-01
4.946439510748725e-03	-1.440959e-01
4.952236988689603e-03	-1.407187e-01
4.962002613689603e-03	-1.333506e-01
4.971768238689602e-03	-1.238263e-01
4.981533863689603e-03	-1.125541e-01
4.991299488689603e-03	-1.000178e-01
5.001065113689603e-03	-8.643395e-02
5.010830738689603e-03	-7.194219e-02
5.020596363689603e-03	-5.669692e-02
5.030361988689603e-03	-4.102418e-02
5.040127613689603e-03	-2.569973e-02
5.049893238689603e-03	-1.163932e-02
5.059658863689603e-03	1.073535e-03
5.069424488689603e-03	1.282367e-02
5.079190113689603e-03	2.380482e-02
5.088955738689603e-03	3.413697e-02
5.098721363689602e-03	4.387647e-02
5.108486988689603e-03	5.307186e-02
5.118252613689603e-03	6.175046e-02
5.128018238689603e-03	6.994217e-02
5.137783863689602e-03	7.766598e-02
5.147549488689603e-03	8.494451e-02
5.157315113689603e-03	9.179302e-02
5.167080738689603e-03	9.823006e-02
5.176846363689602e-03	1.042687e-01
5.186611988689603e-03	1.099242e-01
5.196377613689603e-03	1.152078e-01
5.206143238689603e-03	1.201328e-01
5.215908863689602e-03	1.247087e-01
5.225674488689603e-03	1.289467e-01
5.235440113689603e-03	1.328550e-01
5.240608571792264e-03	1.347930e-01
5.244122595274241e-03	1.360592e-01
5.248839779463490e-03	1.376953e-01
5.251339700442360e-03	1.385331e-01
5.252868302675378e-03	1.390361e-01
5.254966599373308e-03	1.397136e-01
5.256162306737582e-03	1.400931e-01
5.257843586691738e-03	1.406193e-01
5.261206146600049e-03	1.416444e-01
5.266189524624984e-03	1.430983e-01
5.274922271142782e-03	1.454589e-01
5.284687896142783e-03	1.478212e-01
5.294453521142783e-03	1.498943e-01
5.304219146142783e-03	1.516828e-01
5.313984771142782e-03	1.531890e-01
5.323750396142783e-03	1.544152e-01
5.333516021142783e-03	1.553615e-01
5.343281646142783e-03	1.560270e-01
5.353047271142782e-03	1.564075e-01
5.362812896142783e-03	1.564971e-01
5.372578521142783e-03	1.562842e-01
5.382344146142783e-03	1.557523e-01
5.392109771142782e-03	1.548745e-01
5.401875396142783e-03	1.536101e-01
5.411641021142783e-03	1.518932e-01
5.421406646142783e-03	1.496165e-01
5.431172271142782e-03	1.465950e-01
5.440937896142782e-03	1.425077e-01
5.450703521142783e-03	1.368457e-01
5.451672253992265e-03	1.361711e-01
5.453609719691231e-03	1.347750e-01
5.455791159070801e-03	1.330924e-01
5.458189911241973e-03	1.311107e-01
5.458369688332594e-03	1.309563e-01
5.458729242513836e-03	1.306459e-01
5.459299919054640e-03	1.301467e-01
5.459913072880827e-03	1.296011e-01
5.460511146168239e-03	1.290607e-01
5.461072461604064e-03	1.285467e-01
5.461767354487018e-03	1.279006e-01
5.462632259055663e-03	1.270819e-01
5.464142277171807e-03	1.256142e-01
5.465648465432483e-03	1.241034e-01
5.468660841953834e-03	1.209505e-01
5.474685594996536e-03	1.141802e-01
5.484451219996537e-03	1.021161e-01
5.494216844996537e-03	8.893163e-02
5.503982469996537e-03	7.478576e-02
5.513748094996536e-03	5.981057e-02
5.523513719996537e-03	4.424958e-02
5.533279344996537e-03	2.871129e-02
5.543044969996537e-03	1.419189e-02
5.544265673121536e-03	1.248929e-02
5.546707079371537e-03	9.128962e-03
5.551589891871537e-03	2.657509e-03
5.552427228766624e-03	1.580298e-03
5.553704367464392e-03	-5.325149e-05
5.553817068073389e-03	-1.963917e-04
5.554042469291383e-03	-4.823575e-04
5.554236287256397e-03	-7.283143e-04
5.554268249447360e-03	-7.689024e-04
5.554332173829286e-03	-8.499859e-04
5.554460022593136e-03	-1.011710e-03
5.554715720120839e-03	-1.334377e-03
5.555227115176243e-03	-1.977619e-03
5.556249905287051e-03	-3.255893e-03
5.558295485508668e-03	-5.781501e-03
5.562386645951900e-03	-1.071598e-02
5.568536697119930e-03	-1.786769e-02
5.578152867367009e-03	-2.848615e-02
5.587918492367009e-03	-3.864462e-02
5.597684117367010e-03	-4.823120e-02
5.607449742367009e-03	-5.728375e-02
5.617215367367009e-03	-6.583323e-02
5.626980992367009e-03	-7.390361e-02
5.636746617367009e-03	-8.151697e-02
5.646512242367010e-03	-8.869188e-02
5.656277867367009e-03	-9.544605e-02
5.666043492367009e-03	-1.017951e-01
5.675809117367009e-03	-1.077535e-01
5.685574742367010e-03	-1.133346e-01
5.695340367367009e-03	-1.185511e-01
5.705105992367009e-03	-1.234141e-01
5.714871617367009e-03	-1.279345e-01
5.724637242367010e-03	-1.321218e-01
5.734402867367009e-03	-1.359853e-01
5.744168492367009e-03	-1.395331e-01
5.753934117367009e-03	-1.427729e-01
5.763699742367010e-03	-1.457114e-01
5.773465367367009e-03	-1.483551e-01
5.783230992367009e-03	-1.507093e-01
5.791773083612971e-03	-1.525350e-01
5.798872996908512e-03	-1.538886e-01
5.805454119656810e-03	-1.550117e-01
5.812771770282515e-03	-1.561130e-01
5.817926361064822e-03	-1.567954e-01
5.818398300031643e-03	-1.568536e-01
5.819342177965285e-03	-1.569687e-01
5.821229933832568e-03	-1.571911e-01
5.822944206005728e-03	-1.573846e-01
5.824679003492934e-03	-1.575715e-01
5.827005993566067e-03	-1.578089e-01
5.829309698546324e-03	-1.580284e-01
5.833917108506837e-03	-1.584220e-01
5.842458920568722e-03	-1.589898e-01
5.852224545568722e-03	-1.593795e-01
5.861990170568722e-03	-1.594868e-01
5.871755795568722e-03	-1.593029e-01
5.881521420568722e-03	-1.588133e-01
5.891287045568722e-03	-1.579962e-01
5.901052670568722e-03	-1.568172e-01
5.908532339379918e-03	-1.556377e-01
5.909309626544052e-03	-1.554988e-01
5.910864200872319e-03	-1.552142e-01
5.913157430116807e-03	-1.547701e-01
5.915698751149632e-03	-1.542439e-01
5.918497901148781e-03	-1.536202e-01
5.921300296211214e-03	-1.529459e-01
5.924977914772428e-03	-1.519785e-01
5.927648326467351e-03	-1.512117e-01
5.930548427804430e-03	-1.503105e-01
5.933749483375853e-03	-1.492237e-01
5.938291762948457e-03	-1.474905e-01
5.942677565858871e-03	-1.455668e-01
5.949337731868329e-03	-1.420552e-01
5.959103356868329e-03	-1.352628e-01
5.968868981868329e-03	-1.262830e-01
5.978634606868329e-03	-1.154174e-01
5.988400231868329e-03	-1.031885e-01
5.998165856868329e-03	-8.986888e-02
6.007931481868329e-03	-7.560585e-02
6.017697106868329e-03	-6.053985e-02
6.027462731868329e-03	-4.492871e-02
6.037228356868329e-03	-2.941410e-02
6.046993981868329e-03	-1.497854e-02
6.056759606868329e-03	-1.955600e-03
6.066525231868329e-03	1.001531e-02
6.076290856868329e-03	2.118180e-02
6.086056481868329e-03	3.167309e-02
6.095822106868329e-03	4.156142e-02
6.105587731868329e-03	5.089368e-02
6.115353356868329e-03	5.970411e-02
6.125118981868329e-03	6.801983e-02
6.134884606868329e-03	7.586417e-02
6.144650231868329e-03	8.325718e-02
6.154415856868329e-03	9.021741e-02
6.164181481868329e-03	9.676141e-02
6.173947106868329e-03	1.029043e-01
6.183712731868329e-03	1.086599e-01
6.193478356868329e-03	1.140419e-01
6.203243981868329e-03	1.190617e-01
6.213009606868329e-03	1.237308e-01
6.222775231868329e-03	1.280590e-01
6.232540856868329e-03	1.320562e-01
6.238416240393885e-03	1.343046e-01
6.242630018483692e-03	1.358459e-01
6.246659280043459e-03	1.372645e-01
6.249440712474839e-03	1.382130e-01
6.251315091146031e-03	1.388384e-01
6.252788979768329e-03	1.393226e-01
6.254457258214031e-03	1.398614e-01
6.257665267184788e-03	1.408727e-01
6.260929462617811e-03	1.418682e-01
6.266425292871552e-03	1.434684e-01
6.276190917871551e-03	1.460800e-01
6.285956542871551e-03	1.483992e-01
6.295722167871551e-03	1.504305e-01
6.305487792871552e-03	1.521780e-01
6.315253417871551e-03	1.536442e-01
6.325019042871551e-03	1.548309e-01
6.334784667871551e-03	1.557384e-01
6.344550292871552e-03	1.563651e-01
6.354315917871551e-03	1.567073e-01
6.364081542871551e-03	1.567578e-01
6.373847167871551e-03	1.565053e-01
6.383612792871552e-03	1.559320e-01
6.393378417871552e-03	1.550102e-01
6.403144042871551e-03	1.536971e-01
6.412909667871551e-03	1.519240e-01
6.422675292871552e-03	1.495779e-01
6.432440917871552e-03	1.464639e-01
6.442206542871551e-03	1.422436e-01
6.451972167871551e-03	1.363931e-01
6.452747550101239e-03	1.358385e-01
6.454298314560613e-03	1.346995e-01
6.456393231436695e-03	1.330668e-01
6.458640735005627e-03	1.311981e-01
6.458824568491448e-03	1.310395e-01
6.459192235463086e-03	1.307207e-01
6.459763308201098e-03	1.302190e-01
6.460382093870342e-03	1.296660e-01
6.460991793941068e-03	1.291126e-01
6.461559924272974e-03	1.285900e-01
6.462244859076368e-03	1.279503e-01
6.463123704775157e-03	1.271148e-01
6.464627709965042e-03	1.256467e-01
6.466142223986865e-03	1.241214e-01
6.469171252030510e-03	1.209389e-01
6.475229308117800e-03	1.141072e-01
6.484994933117801e-03	1.020087e-01
6.494760558117801e-03	8.879521e-02
6.504526183117800e-03	7.462412e-02
6.514291808117800e-03	5.962863e-02
6.524057433117801e-03	4.405686e-02
6.533823058117801e-03	2.852831e-02
6.543588683117801e-03	1.403795e-02
6.551501717681076e-03	3.353611e-03
6.552722420806075e-03	1.780428e-03
6.554573816274189e-03	-5.842533e-04
6.555323653369371e-03	-1.531798e-03
6.555455123191499e-03	-1.696696e-03
6.555718062835758e-03	-2.026088e-03
6.556243942124274e-03	-2.683671e-03
6.557169369937426e-03	-3.834717e-03
6.558127121587412e-03	-5.017036e-03
6.560042624887382e-03	-7.355648e-03
6.563873631487323e-03	-1.193362e-02
6.571535644687205e-03	-2.073091e-02
6.581301269687204e-03	-3.133141e-02
6.591066894687204e-03	-4.132167e-02
6.600832519687205e-03	-5.075122e-02
6.610598144687205e-03	-5.965653e-02
6.620363769687204e-03	-6.806531e-02
6.630129394687204e-03	-7.600167e-02
6.639895019687205e-03	-8.348591e-02
6.649660644687205e-03	-9.053693e-02
6.659426269687204e-03	-9.717121e-02
6.669191894687204e-03	-1.034045e-01
6.678957519687204e-03	-1.092509e-01
6.688723144687205e-03	-1.147235e-01
6.698488769687204e-03	-1.198342e-01
6.708254394687204e-03	-1.245947e-01
6.718020019687204e-03	-1.290149e-01
6.727785644687205e-03	-1.331047e-01
6.737551269687204e-03	-1.368726e-01
6.747316894687204e-03	-1.403269e-01
6.757082519687204e-03	-1.434749e-01
6.766848144687205e-03	-1.463235e-01
6.776613769687205e-03	-1.488783e-01
6.786379394687204e-03	-1.511450e-01
6.793785234711554e-03	-1.526744e-01
6.800943114677958e-03	-1.539992e-01
6.807691512094273e-03	-1.551111e-01
6.814489157932446e-03	-1.560975e-01
6.819434175562973e-03	-1.567306e-01
6.819910477043549e-03	-1.567875e-01
6.820863080004701e-03	-1.568997e-01
6.822393761656661e-03	-1.570746e-01
6.824160614643818e-03	-1.572684e-01
6.825807676368687e-03	-1.574408e-01
6.828131250549942e-03	-1.576709e-01
6.830332477316929e-03	-1.578745e-01
6.834734930850900e-03	-1.582398e-01
6.843468585242396e-03	-1.587991e-01
6.853234210242396e-03	-1.591611e-01
6.862999835242396e-03	-1.592394e-01
6.872765460242396e-03	-1.590244e-01
6.882531085242396e-03	-1.585010e-01
6.892296710242396e-03	-1.576458e-01
6.902062335242396e-03	-1.564225e-01
6.908288306213730e-03	-1.554261e-01
6.908919492288459e-03	-1.553139e-01
6.910181864437915e-03	-1.550852e-01
6.912706608736829e-03	-1.546017e-01
6.915086447611865e-03	-1.541138e-01
6.918012813738942e-03	-1.534682e-01
6.920945002222281e-03	-1.527670e-01
6.924417152216934e-03	-1.518601e-01
6.927052280375380e-03	-1.511111e-01
6.929971771780085e-03	-1.502132e-01
6.933418248197940e-03	-1.490505e-01
6.937988788618557e-03	-1.473104e-01
6.942542230356151e-03	-1.453106e-01
6.949426662285854e-03	-1.416503e-01
6.959192287285854e-03	-1.347798e-01
6.968957912285855e-03	-1.257227e-01
6.978723537285855e-03	-1.148016e-01
6.988489162285855e-03	-1.025324e-01
6.998254787285854e-03	-8.917852e-02
7.008020412285854e-03	-7.488534e-02
7.017786037285855e-03	-5.979468e-02
7.027551662285855e-03	-4.417352e-02
7.037317287285854e-03	-2.868448e-02
7.047082912285854e-03	-1.430691e-02
7.056848537285855e-03	-1.335197e-03
7.066614162285855e-03	1.059949e-02
7.076379787285854e-03	2.173587e-02
7.086145412285854e-03	3.220169e-02
7.095911037285855e-03	4.206660e-02
7.105676662285855e-03	5.137766e-02
7.115442287285854e-03	6.016807e-02
7.125207912285854e-03	6.846531e-02
7.134973537285855e-03	7.629208e-02
7.144739162285855e-03	8.366877e-02
7.154504787285854e-03	9.061345e-02
7.164270412285854e-03	9.714294e-02
7.174036037285855e-03	1.032721e-01
7.183801662285855e-03	1.090148e-01
7.193567287285854e-03	1.143845e-01
7.203332912285854e-03	1.193929e-01
7.213098537285855e-03	1.240511e-01
7.222864162285855e-03	1.283692e-01
7.232629787285855e-03	1.323567e-01
7.238276087467480e-03	1.345143e-01
7.246516966481160e-03	1.374722e-01
7.249133559983904e-03	1.383649e-01
7.250894900449687e-03	1.389538e-01
7.252432707061155e-03	1.394599e-01
7.254082797586965e-03	1.399939e-01
7.255661254609587e-03	1.404967e-01
7.257418955853427e-03	1.410471e-01
7.260934358341107e-03	1.421187e-01
7.266029365154922e-03	1.436027e-01
7.275794990154922e-03	1.462217e-01
7.285560615154922e-03	1.485484e-01
7.295326240154922e-03	1.505876e-01
7.305091865154922e-03	1.523431e-01
7.314857490154922e-03	1.538178e-01
7.324623115154922e-03	1.550134e-01
7.334388740154922e-03	1.559302e-01
7.344154365154922e-03	1.565668e-01
7.353919990154922e-03	1.569196e-01
7.363685615154922e-03	1.569818e-01
7.373451240154922e-03	1.567423e-01
7.383216865154922e-03	1.561839e-01
7.392982490154922e-03	1.552796e-01
7.402748115154922e-03	1.539880e-01
7.412513740154922e-03	1.522427e-01
7.422279365154921e-03	1.499344e-01
7.432044990154922e-03	1.468755e-01
7.441810615154922e-03	1.427398e-01
7.451576240154922e-03	1.370134e-01
7.452527932972216e-03	1.363436e-01
7.454431318606806e-03	1.349589e-01
7.456572276673788e-03	1.332944e-01
7.458955222616491e-03	1.313128e-01
7.459143841945307e-03	1.311498e-01
7.459521080602939e-03	1.308219e-01
7.460095715167744e-03	1.303159e-01
7.460725301110547e-03	1.297519e-01
7.461370743584702e-03	1.291642e-01
7.461963565410483e-03	1.286168e-01
7.462636768836837e-03	1.279857e-01
7.463532933999255e-03	1.271306e-01
7.465017358626755e-03	1.256765e-01
7.466568055875111e-03	1.241094e-01
7.469669450371821e-03	1.208377e-01
7.475872239365243e-03	1.138092e-01
7.485637864365243e-03	1.016575e-01
7.495403489365244e-03	8.839953e-02
7.505169114365244e-03	7.418948e-02
7.514934739365244e-03	5.916263e-02
7.524700364365243e-03	4.357534e-02
7.534465989365244e-03	2.806696e-02
7.544231614365244e-03	1.362986e-02
7.551661876344900e-03	3.611591e-03
7.552882579469900e-03	2.036096e-03
7.553187755251150e-03	1.643308e-03
7.553798106813650e-03	8.602554e-04
7.554811292972853e-03	-4.289321e-04
7.554977830621707e-03	-6.394968e-04
7.555310905919416e-03	-1.060044e-03
7.555700308953410e-03	-1.550424e-03
7.555936808928382e-03	-1.849343e-03
7.556220475193940e-03	-2.204585e-03
7.556477490116437e-03	-2.524368e-03
7.556764754870598e-03	-2.883431e-03
7.557272770678016e-03	-3.514446e-03
7.557788859568771e-03	-4.153952e-03
7.558677261667043e-03	-5.247785e-03
7.559730145461077e-03	-6.535006e-03
7.561280975843536e-03	-8.411853e-03
7.563460423775818e-03	-1.101385e-02
7.566989430977435e-03	-1.514235e-02
7.573455012938749e-03	-2.245661e-02
7.583220637938749e-03	-3.295029e-02
7.592986262938748e-03	-4.284286e-02
7.602751887938749e-03	-5.218172e-02
7.612517512938749e-03	-6.100093e-02
7.622283137938749e-03	-6.932788e-02
7.632048762938748e-03	-7.718562e-02
7.641814387938749e-03	-8.459446e-02
7.651580012938749e-03	-9.157262e-02
7.661345637938749e-03	-9.813666e-02
7.671111262938748e-03	-1.043020e-01
7.680876887938749e-03	-1.100823e-01
7.690642512938749e-03	-1.154908e-01
7.700408137938749e-03	-1.205392e-01
7.710173762938748e-03	-1.252389e-01
7.719939387938749e-03	-1.295998e-01
7.729705012938749e-03	-1.336316e-01
7.739470637938749e-03	-1.373428e-01
7.749236262938749e-03	-1.407415e-01
7.759001887938749e-03	-1.438348e-01
7.768767512938749e-03	-1.466294e-01
7.778533137938749e-03	-1.491312e-01
7.788298762938749e-03	-1.513454e-01
7.798064387938748e-03	-1.532762e-01
7.807830012938749e-03	-1.549273e-01
7.817595637938749e-03	-1.563012e-01
7.818098228694486e-03	-1.563640e-01
7.819103410205962e-03	-1.564882e-01
7.821113773228913e-03	-1.567275e-01
7.823415072625855e-03	-1.569866e-01
7.825241648999086e-03	-1.571821e-01
7.827200109380674e-03	-1.573803e-01
7.829412565960963e-03	-1.575914e-01
7.831807095311059e-03	-1.578037e-01
7.836596154011251e-03	-1.581791e-01
7.844575068308947e-03	-1.586566e-01
7.854340693308946e-03	-1.589878e-01
7.864106318308946e-03	-1.590336e-01
7.873871943308946e-03	-1.587844e-01
7.883637568308946e-03	-1.582234e-01
7.893403193308947e-03	-1.573265e-01
7.903168818308947e-03	-1.560545e-01
7.908933471056308e-03	-1.551050e-01
7.912966110384232e-03	-1.543400e-01
7.915868466731790e-03	-1.537340e-01
7.919261882326153e-03	-1.529606e-01
7.922583160148725e-03	-1.521307e-01
7.925823186581228e-03	-1.512438e-01
7.929061267222374e-03	-1.502729e-01
7.932393344758227e-03	-1.491742e-01
7.936545177604953e-03	-1.476432e-01
7.941452858514162e-03	-1.455587e-01
7.947501885569506e-03	-1.424879e-01
7.957267510569506e-03	-1.359840e-01
7.967033135569505e-03	-1.272986e-01
7.976798760569505e-03	-1.166658e-01
7.986564385569505e-03	-1.046080e-01
7.996330010569506e-03	-9.143490e-02
8.006095635569506e-03	-7.729813e-02
8.015861260569506e-03	-6.233494e-02
8.025626885569506e-03	-4.677494e-02
8.035392510569506e-03	-3.119304e-02
8.045158135569505e-03	-1.657347e-02
8.054923760569505e-03	-3.381425e-03
8.064689385569505e-03	8.706721e-03
8.074455010569507e-03	1.997024e-02
8.084220635569506e-03	3.054392e-02
8.093986260569506e-03	4.050914e-02
8.103751885569506e-03	4.991228e-02
8.113517510569506e-03	5.879106e-02
8.123283135569506e-03	6.717154e-02
8.133048760569505e-03	7.507890e-02
8.142814385569505e-03	8.253235e-02
8.152580010569505e-03	8.955164e-02
8.162345635569506e-03	9.615267e-02
8.172111260569506e-03	1.023514e-01
8.181876885569506e-03	1.081615e-01
8.191642510569506e-03	1.135967e-01
8.201408135569506e-03	1.186684e-01
8.211173760569505e-03	1.233887e-01
8.220939385569505e-03	1.277670e-01
8.230705010569505e-03	1.318137e-01
8.237205825653248e-03	1.343272e-01
8.241119024101667e-03	1.357719e-01
8.245147069521314e-03	1.372057e-01
8.248361075442507e-03	1.383118e-01
8.250315240241357e-03	1.389684e-01
8.251752579744812e-03	1.394438e-01
8.253460414146431e-03	1.399994e-01
8.254947333310737e-03	1.404754e-01
8.256553680673356e-03	1.409819e-01
8.259766375398598e-03	1.419701e-01
8.265350078020312e-03	1.436105e-01
8.275115703020312e-03	1.462461e-01
8.284881328020311e-03	1.485898e-01
8.294646953020313e-03	1.506456e-01
8.304412578020313e-03	1.524182e-01
8.314178203020313e-03	1.539098e-01
8.323943828020312e-03	1.551228e-01
8.333709453020312e-03	1.560572e-01
8.343475078020312e-03	1.567123e-01
8.353240703020312e-03	1.570841e-01
8.363006328020312e-03	1.571666e-01
8.372771953020313e-03	1.569488e-01
8.382537578020313e-03	1.564144e-01
8.392303203020313e-03	1.555374e-01
8.402068828020312e-03	1.542781e-01
8.411834453020312e-03	1.525727e-01
8.421600078020312e-03	1.503174e-01
8.431365703020312e-03	1.473336e-01
8.441131328020312e-03	1.433111e-01
8.450896953020311e-03	1.377508e-01
8.456152822884155e-03	1.339325e-01
8.456554055338936e-03	1.336121e-01
8.457356520248498e-03	1.329639e-01
8.458961450067623e-03	1.316215e-01
8.459856874709142e-03	1.308458e-01
8.460602876631111e-03	1.301847e-01
8.461248666133455e-03	1.296011e-01
8.461949697591080e-03	1.289577e-01
8.462629621124190e-03	1.283233e-01
8.463371114442139e-03	1.276201e-01
8.464508605013235e-03	1.265184e-01
8.465884675396555e-03	1.251496e-01
8.468422214639575e-03	1.225274e-01
8.472640680277314e-03	1.179116e-01
8.479614031715618e-03	1.096789e-01
8.489379656715618e-03	9.710115e-02
8.499145281715617e-03	8.348096e-02
8.508910906715617e-03	6.895407e-02
8.518676531715619e-03	5.368047e-02
8.528442156715619e-03	3.801646e-02
8.538207781715618e-03	2.278871e-02
8.547973406715618e-03	8.878198e-03
8.549194109840619e-03	7.249203e-03
8.551635516090618e-03	4.026572e-03
8.552245867653118e-03	3.233902e-03
8.553466570778118e-03	1.657585e-03
8.553771746559368e-03	1.266805e-03
8.554382098121868e-03	4.873594e-04
8.555238773892575e-03	-5.995373e-04
8.555415559051160e-03	-8.226555e-04
8.555769129368326e-03	-1.268235e-03
8.556171845341156e-03	-1.774350e-03
8.556402962681949e-03	-2.066038e-03
8.556647146868979e-03	-2.371374e-03
8.556896635145883e-03	-2.681080e-03
8.557151129754761e-03	-2.998770e-03
8.557589279616220e-03	-3.542408e-03
8.558036237186846e-03	-4.095971e-03
8.558779135207212e-03	-5.011070e-03
8.559656616873738e-03	-6.085560e-03
8.560927496379460e-03	-7.628800e-03
8.562575430992989e-03	-9.608373e-03
8.565151618323906e-03	-1.265607e-02
8.569516120138955e-03	-1.769678e-02
8.577523607522187e-03	-2.657751e-02
8.587289232522187e-03	-3.682758e-02
8.597054857522187e-03	-4.649745e-02
8.606820482522187e-03	-5.562768e-02
8.616586107522186e-03	-6.424967e-02
8.626351732522186e-03	-7.238853e-02
8.636117357522186e-03	-8.006641e-02
8.645882982522187e-03	-8.730245e-02
8.655648607522187e-03	-9.411446e-02
8.665414232522187e-03	-1.005184e-01
8.675179857522187e-03	-1.065289e-01
8.684945482522187e-03	-1.121594e-01
8.694711107522186e-03	-1.174228e-01
8.704476732522186e-03	-1.223304e-01
8.714242357522186e-03	-1.268933e-01
8.724007982522188e-03	-1.311210e-01
8.733773607522187e-03	-1.350230e-01
8.743539232522187e-03	-1.386073e-01
8.753304857522187e-03	-1.418821e-01
8.763070482522187e-03	-1.448538e-01
8.772836107522186e-03	-1.475292e-01
8.782601732522186e-03	-1.499136e-01
8.792367357522186e-03	-1.520122e-01
8.802132982522186e-03	-1.538285e-01
8.811898607522187e-03	-1.553662e-01
8.820412398502920e-03	-1.564804e-01
8.820964631742997e-03	-1.565449e-01
8.822069098223155e-03	-1.566720e-01
8.824278031183470e-03	-1.569155e-01
8.826121182899369e-03	-1.571082e-01
8.828019750955998e-03	-1.572962e-01
8.830379500414636e-03	-1.575156e-01
8.832822186970811e-03	-1.577255e-01
8.837707560083161e-03	-1.580940e-01
8.846089052541410e-03	-1.585646e-01
8.855854677541410e-03	-1.588528e-01
8.865620302541410e-03	-1.588539e-01
8.875385927541410e-03	-1.585571e-01
8.885151552541411e-03	-1.579450e-01
8.894917177541411e-03	-1.569909e-01
8.904682802541411e-03	-1.556528e-01
8.910401732221228e-03	-1.546660e-01
8.914178139223457e-03	-1.539196e-01
8.916859756146813e-03	-1.533408e-01
8.920006206543046e-03	-1.526037e-01
8.923525128555630e-03	-1.517005e-01
8.926597178315426e-03	-1.508357e-01
8.929633583146093e-03	-1.499039e-01
8.933824200546173e-03	-1.484734e-01
8.937911467648335e-03	-1.468932e-01
8.943411980800361e-03	-1.444135e-01
8.950890034376310e-03	-1.402221e-01
8.960655659376310e-03	-1.329388e-01
8.970421284376310e-03	-1.234883e-01
8.980186909376310e-03	-1.122814e-01
8.989952534376310e-03	-9.979689e-02
8.999718159376309e-03	-8.625805e-02
9.009483784376309e-03	-7.180378e-02
9.019249409376311e-03	-5.658587e-02
9.029015034376310e-03	-4.092360e-02
9.038780659376310e-03	-2.558117e-02
9.048546284376310e-03	-1.148920e-02
9.058311909376310e-03	1.247049e-03
9.068077534376310e-03	1.301311e-02
9.077843159376309e-03	2.400848e-02
9.087608784376309e-03	3.435323e-02
9.097374409376311e-03	4.410589e-02
9.107140034376311e-03	5.331403e-02
9.116905659376310e-03	6.200636e-02
9.126671284376310e-03	7.021174e-02
9.136436909376310e-03	7.795028e-02
9.146202534376310e-03	8.524359e-02
9.155968159376309e-03	9.210796e-02
9.165733784376309e-03	9.856117e-02
9.175499409376311e-03	1.046167e-01
9.185265034376311e-03	1.102894e-01
9.195030659376310e-03	1.155913e-01
9.204796284376310e-03	1.205347e-01
9.214561909376310e-03	1.251301e-01
9.224327534376310e-03	1.293879e-01
9.234093159376310e-03	1.333169e-01
9.240068684389778e-03	1.355623e-01
9.243548152651012e-03	1.368146e-01
9.247826657307777e-03	1.383002e-01
9.249910545299203e-03	1.390027e-01
9.251344755651220e-03	1.394784e-01
9.253154146914803e-03	1.400685e-01
9.254543074099677e-03	1.405143e-01
9.256152562208643e-03	1.410232e-01
9.259371538426577e-03	1.420163e-01
9.265002080665647e-03	1.436750e-01
9.274767705665647e-03	1.463183e-01
9.284533330665647e-03	1.486694e-01
9.294298955665647e-03	1.507331e-01
9.304064580665647e-03	1.525133e-01
9.313830205665646e-03	1.540131e-01
9.323595830665648e-03	1.552342e-01
9.333361455665648e-03	1.561773e-01
9.343127080665647e-03	1.568412e-01
9.352892705665647e-03	1.572226e-01
9.362658330665647e-03	1.573152e-01
9.372423955665647e-03	1.571086e-01
9.382189580665647e-03	1.565866e-01
9.391955205665646e-03	1.557241e-01
9.401720830665648e-03	1.544820e-01
9.411486455665648e-03	1.527985e-01
9.421252080665648e-03	1.505722e-01
9.431017705665647e-03	1.476301e-01
9.440783330665647e-03	1.436705e-01
9.450548955665647e-03	1.382042e-01
9.451769658790648e-03	1.373779e-01
9.454211065040647e-03	1.356506e-01
9.456432670980156e-03	1.339507e-01
9.459152004580328e-03	1.317102e-01
9.459421266633083e-03	1.314779e-01
9.459959790738593e-03	1.310100e-01
9.460541579016378e-03	1.304965e-01
9.461238961629133e-03	1.298698e-01
9.461882806495273e-03	1.292812e-01
9.462495310048200e-03	1.287133e-01
9.463164177232270e-03	1.280835e-01
9.464081341755498e-03	1.272046e-01
9.465556196549067e-03	1.257537e-01
9.467137781695631e-03	1.241487e-01
9.470300951988760e-03	1.207965e-01
9.476599842407809e-03	1.136246e-01
9.486365467407809e-03	1.014223e-01
9.496131092407809e-03	8.812166e-02
9.505896717407808e-03	7.387447e-02
9.515662342407810e-03	5.881802e-02
9.525427967407810e-03	4.321652e-02
9.535193592407809e-03	2.772696e-02
9.544959217407809e-03	1.333731e-02
9.552952458397457e-03	2.624227e-03
9.554173161522456e-03	1.061134e-03
9.554406610369749e-03	7.628152e-04
9.554873508064334e-03	1.676198e-04
9.555807303453503e-03	-1.014375e-03
9.555924243593887e-03	-1.161571e-03
9.556158123874652e-03	-1.455679e-03
9.556451796707967e-03	-1.824386e-03
9.556675352910767e-03	-2.105996e-03
9.556921745029832e-03	-2.413961e-03
9.557176912571037e-03	-2.730912e-03
9.557466793449650e-03	-3.092258e-03
9.558046555206879e-03	-3.810744e-03
9.558591866404020e-03	-4.484336e-03
9.559660122614914e-03	-5.794815e-03
9.560924164081377e-03	-7.332164e-03
9.562865386578393e-03	-9.664609e-03
9.565797990153823e-03	-1.312719e-02
9.570884986157621e-03	-1.896982e-02
9.580650611157621e-03	-2.966051e-02
9.590416236157620e-03	-3.972998e-02
9.600181861157622e-03	-4.923380e-02
9.609947486157622e-03	-5.820722e-02
9.619713111157622e-03	-6.668101e-02
9.629478736157621e-03	-7.467784e-02
9.639244361157621e-03	-8.222009e-02
9.649009986157621e-03	-8.932539e-02
9.658775611157621e-03	-9.601185e-02
9.668541236157620e-03	-1.022943e-01
9.678306861157620e-03	-1.081877e-01
9.688072486157622e-03	-1.137046e-01
9.697838111157622e-03	-1.188581e-01
9.707603736157621e-03	-1.236588e-01
9.717369361157621e-03	-1.281178e-01
9.727134986157621e-03	-1.322442e-01
9.736900611157621e-03	-1.360475e-01
9.746666236157621e-03	-1.395353e-01
9.756431861157620e-03	-1.427156e-01
9.766197486157622e-03	-1.455948e-01
9.775963111157622e-03	-1.481792e-01
9.785728736157621e-03	-1.504740e-01
9.795494361157621e-03	-1.524840e-01
9.805259986157621e-03	-1.542128e-01
9.815025611157621e-03	-1.556634e-01
9.815798192017318e-03	-1.557656e-01
9.817343353736708e-03	-1.559663e-01
9.820433677175491e-03	-1.563466e-01
9.823204106729150e-03	-1.566636e-01
9.825870771453814e-03	-1.569473e-01
9.827735824746895e-03	-1.571342e-01
9.829930629445661e-03	-1.573403e-01
9.832292315776309e-03	-1.575475e-01
9.837015688437608e-03	-1.579122e-01
9.846462433760205e-03	-1.584483e-01
9.856228058760205e-03	-1.587257e-01
9.865993683760205e-03	-1.587163e-01
9.875759308760204e-03	-1.584072e-01
9.885524933760206e-03	-1.577821e-01
9.895290558760206e-03	-1.568122e-01
9.905056183760206e-03	-1.554559e-01
9.906276886885204e-03	-1.552538e-01
9.908718293135206e-03	-1.548332e-01
9.911172662051394e-03	-1.543781e-01
9.913965030930602e-03	-1.538212e-01
9.916876940001958e-03	-1.531921e-01
9.920181262672365e-03	-1.524142e-01
9.923857528037055e-03	-1.514608e-01
9.926765490790111e-03	-1.506341e-01
9.929858585874810e-03	-1.496761e-01
9.933912566288301e-03	-1.482811e-01
9.938583294717220e-03	-1.464452e-01
9.943839207656667e-03	-1.440264e-01
9.951968986129925e-03	-1.393246e-01
9.961734611129924e-03	-1.317647e-01
9.971500236129924e-03	-1.220654e-01
9.981265861129924e-03	-1.106796e-01
9.991031486129924e-03	-9.805626e-02
1.000000000000000e-02	-8.554663e-02
