time	V(n002)	V(n011)
0.000000000000000e+00	3.699985e+00	3.699996e-14
5.000000058430487e-08	3.699985e+00	1.168099e-08
1.000000011686097e-07	3.699988e+00	4.052932e-07
2.000000023372195e-07	3.700011e+00	6.395865e-06
3.153203524074142e-07	3.700061e+00	2.565994e-05
4.748923523633085e-07	3.700158e+00	6.956448e-05
7.940363522750971e-07	3.700436e+00	1.978871e-04
1.105295212215110e-06	3.700797e+00	3.695155e-04
1.727812932095134e-06	3.701696e+00	8.036503e-04
2.409049169644538e-06	3.702861e+00	1.370887e-03
3.574739538257154e-06	3.705060e+00	2.447771e-03
5.033398365557843e-06	3.707962e+00	3.871335e-03
7.111501503035819e-06	3.712147e+00	5.926988e-03
9.427944286296178e-06	3.716791e+00	8.208101e-03
1.217915821470402e-05	3.722251e+00	1.089097e-02
1.630785154114470e-05	3.730332e+00	1.486081e-02
2.456523819402606e-05	3.746091e+00	2.260401e-02
3.433086319402606e-05	3.764047e+00	3.142736e-02
4.409648819402606e-05	3.781281e+00	3.989774e-02
5.386211319402606e-05	3.797812e+00	4.802259e-02
6.362773819402605e-05	3.813653e+00	5.581102e-02
7.339336319402606e-05	3.828823e+00	6.326953e-02
8.315898819402606e-05	3.843335e+00	7.040637e-02
9.292461319402607e-05	3.857204e+00	7.722726e-02
1.018839376750286e-04	3.869372e+00	8.321351e-02
1.116495626750286e-04	3.882043e+00	8.944752e-02
1.214151876750286e-04	3.894107e+00	9.538500e-02
1.311808126750286e-04	3.905578e+00	1.010307e-01
1.409464376750286e-04	3.916466e+00	1.063917e-01
1.507120626750286e-04	3.926785e+00	1.114728e-01
1.604776876750286e-04	3.936546e+00	1.162811e-01
1.702433126750286e-04	3.945763e+00	1.208215e-01
1.800089376750286e-04	3.954446e+00	1.251015e-01
1.897745626750286e-04	3.962611e+00	1.291262e-01
1.995401876750286e-04	3.970270e+00	1.329034e-01
2.093058126750286e-04	3.977437e+00	1.364385e-01
2.190714376750286e-04	3.984125e+00	1.397394e-01
2.288370626750286e-04	3.990349e+00	1.428114e-01
2.386026876750286e-04	3.996120e+00	1.456625e-01
2.483683126750286e-04	4.001454e+00	1.482978e-01
2.581339376750286e-04	4.006361e+00	1.507249e-01
2.678995626750286e-04	4.010856e+00	1.529485e-01
2.776651876750286e-04	4.014949e+00	1.549757e-01
2.874308126750286e-04	4.018653e+00	1.568106e-01
2.971964376750286e-04	4.021976e+00	1.584594e-01
3.069620626750286e-04	4.024929e+00	1.599257e-01
3.167276876750286e-04	4.027519e+00	1.612149e-01
3.264933126750286e-04	4.029757e+00	1.623297e-01
3.362589376750286e-04	4.031647e+00	1.632748e-01
3.460245626750286e-04	4.033197e+00	1.640520e-01
3.557901876750286e-04	4.034413e+00	1.646655e-01
3.655558126750286e-04	4.035300e+00	1.651164e-01
3.753214376750286e-04	4.035861e+00	1.654081e-01
3.850870626750286e-04	4.036101e+00	1.655414e-01
3.948526876750286e-04	4.036024e+00	1.655191e-01
4.046183126750286e-04	4.035633e+00	1.653417e-01
4.143839376750286e-04	4.034930e+00	1.650115e-01
4.241495626750286e-04	4.033918e+00	1.645290e-01
4.339151876750286e-04	4.032600e+00	1.638963e-01
4.436808126750286e-04	4.030979e+00	1.631137e-01
4.534464376750286e-04	4.029056e+00	1.621836e-01
4.632120626750286e-04	4.026835e+00	1.611062e-01
4.729776876750286e-04	4.024320e+00	1.598839e-01
4.827433126750286e-04	4.021512e+00	1.585174e-01
4.925089376750286e-04	4.018415e+00	1.570092e-01
5.022745626750286e-04	4.015034e+00	1.553603e-01
5.120401876750286e-04	4.011372e+00	1.535736e-01
5.218058126750286e-04	4.007434e+00	1.516502e-01
5.315714376750286e-04	4.003224e+00	1.495936e-01
5.413370626750286e-04	3.998748e+00	1.474052e-01
5.511026876750286e-04	3.994010e+00	1.450885e-01
5.608683126750286e-04	3.989017e+00	1.426455e-01
5.706339376750286e-04	3.983775e+00	1.400799e-01
5.803995626750286e-04	3.978289e+00	1.373939e-01
5.901651876750286e-04	3.972567e+00	1.345914e-01
5.999308126750287e-04	3.966614e+00	1.316748e-01
6.096964376750286e-04	3.960437e+00	1.286481e-01
6.194620626750286e-04	3.954043e+00	1.255138e-01
6.292276876750286e-04	3.947438e+00	1.222762e-01
6.389933126750286e-04	3.940631e+00	1.189376e-01
6.487589376750286e-04	3.933626e+00	1.155024e-01
6.585245626750286e-04	3.926432e+00	1.119730e-01
6.682901876750286e-04	3.919055e+00	1.083537e-01
6.780558126750286e-04	3.911503e+00	1.046470e-01
6.878214376750286e-04	3.903781e+00	1.008572e-01
6.974123645123800e-04	3.896040e+00	9.705661e-02
7.034458646986379e-04	3.891093e+00	9.462780e-02
7.100833185120248e-04	3.885584e+00	9.192247e-02
7.179885061478693e-04	3.878934e+00	8.865725e-02
7.242550942119240e-04	3.873597e+00	8.603583e-02
7.303312086123377e-04	3.868369e+00	8.346786e-02
7.368078401399341e-04	3.862739e+00	8.070222e-02
7.455721362162716e-04	3.855032e+00	7.691593e-02
7.553377612162716e-04	3.846329e+00	7.263936e-02
7.651033862162716e-04	3.837510e+00	6.830595e-02
7.748690112162716e-04	3.828583e+00	6.391823e-02
7.846346362162716e-04	3.819554e+00	5.948026e-02
7.944002612162716e-04	3.810430e+00	5.499456e-02
8.041658862162716e-04	3.801217e+00	5.046518e-02
8.139315112162715e-04	3.791923e+00	4.589467e-02
8.236971362162715e-04	3.782554e+00	4.128705e-02
8.334627612162715e-04	3.773116e+00	3.664489e-02
8.432283862162715e-04	3.763617e+00	3.197220e-02
8.529940112162715e-04	3.754062e+00	2.727160e-02
8.627596362162716e-04	3.744460e+00	2.254709e-02
8.725252612162716e-04	3.734816e+00	1.780132e-02
8.822908862162716e-04	3.725138e+00	1.303830e-02
8.920565112162716e-04	3.715432e+00	8.260722e-03
9.018221362162716e-04	3.705705e+00	3.472625e-03
9.115877612162716e-04	3.695964e+00	-1.323246e-03
9.213533862162716e-04	3.686216e+00	-6.122829e-03
9.311190112162716e-04	3.676468e+00	-1.092330e-02
9.408846362162715e-04	3.666727e+00	-1.572056e-02
9.506502612162715e-04	3.657000e+00	-2.051170e-02
9.604158862162715e-04	3.647295e+00	-2.529256e-02
9.701815112162715e-04	3.637619e+00	-3.006012e-02
9.799471362162717e-04	3.627978e+00	-3.481014e-02
9.897127612162717e-04	3.618382e+00	-3.953950e-02
9.994783862162715e-04	3.608837e+00	-4.424385e-02
1.009244011216271e-03	3.599351e+00	-4.891995e-02
1.019009636216271e-03	3.589932e+00	-5.356335e-02
1.028775261216271e-03	3.580588e+00	-5.817067e-02
1.038540886216271e-03	3.571327e+00	-6.273738e-02
1.048306511216272e-03	3.562158e+00	-6.725998e-02
1.058072136216272e-03	3.553088e+00	-7.173388e-02
1.067837761216272e-03	3.544126e+00	-7.615551e-02
1.077603386216272e-03	3.535280e+00	-8.052028e-02
1.087369011216272e-03	3.526559e+00	-8.482462e-02
1.097134636216272e-03	3.517970e+00	-8.906406e-02
1.106900261216272e-03	3.509521e+00	-9.323514e-02
1.116665886216272e-03	3.501221e+00	-9.733361e-02
1.126431511216272e-03	3.493076e+00	-1.013563e-01
1.136197136216272e-03	3.485094e+00	-1.052993e-01
1.145962761216272e-03	3.477280e+00	-1.091600e-01
1.155728386216272e-03	3.469641e+00	-1.129350e-01
1.165494011216272e-03	3.462183e+00	-1.166222e-01
1.175259636216272e-03	3.454908e+00	-1.202189e-01
1.185025261216272e-03	3.447821e+00	-1.237237e-01
1.194790886216272e-03	3.440926e+00	-1.271347e-01
1.204556511216272e-03	3.434224e+00	-1.304513e-01
1.214322136216272e-03	3.427716e+00	-1.336723e-01
1.224087761216272e-03	3.421404e+00	-1.367977e-01
1.233853386216272e-03	3.415287e+00	-1.398273e-01
1.243619011216272e-03	3.409365e+00	-1.427614e-01
1.253384636216271e-03	3.403636e+00	-1.456005e-01
1.263150261216271e-03	3.398100e+00	-1.483454e-01
1.272915886216271e-03	3.392754e+00	-1.509969e-01
1.282681511216271e-03	3.387596e+00	-1.535563e-01
1.292447136216272e-03	3.382624e+00	-1.560244e-01
1.302212761216272e-03	3.377835e+00	-1.584028e-01
1.311978386216272e-03	3.373226e+00	-1.606923e-01
1.321744011216272e-03	3.368796e+00	-1.628945e-01
1.331509636216272e-03	3.364542e+00	-1.650102e-01
1.341275261216272e-03	3.360461e+00	-1.670409e-01
1.351040886216272e-03	3.356552e+00	-1.689873e-01
1.360806511216272e-03	3.352812e+00	-1.708505e-01
1.370572136216272e-03	3.349240e+00	-1.726312e-01
1.380337761216272e-03	3.345834e+00	-1.743302e-01
1.390103386216272e-03	3.342594e+00	-1.759479e-01
1.399869011216272e-03	3.339518e+00	-1.774848e-01
1.409634636216272e-03	3.336607e+00	-1.789411e-01
1.419400261216272e-03	3.333859e+00	-1.803169e-01
1.429165886216272e-03	3.331275e+00	-1.816121e-01
1.438931511216272e-03	3.328855e+00	-1.828266e-01
1.448697136216272e-03	3.326600e+00	-1.839598e-01
1.458462761216272e-03	3.324512e+00	-1.850114e-01
1.468228386216272e-03	3.322591e+00	-1.859805e-01
1.477994011216272e-03	3.320839e+00	-1.868664e-01
1.487759636216272e-03	3.319259e+00	-1.876679e-01
1.497525261216272e-03	3.317852e+00	-1.883840e-01
1.507290886216271e-03	3.316622e+00	-1.890132e-01
1.517056511216271e-03	3.315572e+00	-1.895542e-01
1.526822136216271e-03	3.314704e+00	-1.900052e-01
1.536587761216272e-03	3.314023e+00	-1.903645e-01
1.546353386216272e-03	3.313531e+00	-1.906300e-01
1.556119011216272e-03	3.313235e+00	-1.908000e-01
1.565884636216272e-03	3.313137e+00	-1.908721e-01
1.575650261216272e-03	3.313242e+00	-1.908442e-01
1.585415886216272e-03	3.313555e+00	-1.907137e-01
1.595181511216272e-03	3.314081e+00	-1.904785e-01
1.604947136216272e-03	3.314826e+00	-1.901359e-01
1.614712761216272e-03	3.315793e+00	-1.896836e-01
1.624478386216272e-03	3.316988e+00	-1.891191e-01
1.634244011216272e-03	3.318416e+00	-1.884399e-01
1.644009636216272e-03	3.320081e+00	-1.876438e-01
1.653775261216272e-03	3.321988e+00	-1.867285e-01
1.663540886216272e-03	3.324142e+00	-1.856920e-01
1.673306511216272e-03	3.326545e+00	-1.845325e-01
1.683072136216272e-03	3.329201e+00	-1.832484e-01
1.692837761216272e-03	3.332112e+00	-1.818385e-01
1.702603386216272e-03	3.335281e+00	-1.803016e-01
1.712369011216272e-03	3.338709e+00	-1.786374e-01
1.722134636216272e-03	3.342396e+00	-1.768454e-01
1.731900261216272e-03	3.346341e+00	-1.749260e-01
1.741665886216272e-03	3.350544e+00	-1.728797e-01
1.751431511216271e-03	3.355002e+00	-1.707073e-01
1.761197136216271e-03	3.359714e+00	-1.684103e-01
1.770962761216271e-03	3.364674e+00	-1.659904e-01
1.780728386216272e-03	3.369879e+00	-1.634495e-01
1.790494011216272e-03	3.375326e+00	-1.607901e-01
1.800259636216272e-03	3.381007e+00	-1.580145e-01
1.810025261216272e-03	3.386918e+00	-1.551257e-01
1.819790886216272e-03	3.393052e+00	-1.521266e-01
1.829556511216272e-03	3.399404e+00	-1.490201e-01
1.839322136216272e-03	3.405966e+00	-1.458097e-01
1.844698735012817e-03	3.409667e+00	-1.439987e-01
1.848824784339998e-03	3.412548e+00	-1.425886e-01
1.853427603717827e-03	3.415804e+00	-1.409950e-01
1.858535513603281e-03	3.419467e+00	-1.392015e-01
1.861147645780826e-03	3.421361e+00	-1.382743e-01
1.862850961775680e-03	3.422603e+00	-1.376661e-01
1.863737365128532e-03	3.423252e+00	-1.373485e-01
1.864629688541301e-03	3.423907e+00	-1.370280e-01
1.865449237445836e-03	3.424509e+00	-1.367329e-01
1.866409718446214e-03	3.425217e+00	-1.363863e-01
1.867451153709855e-03	3.425987e+00	-1.360094e-01
1.868561149280339e-03	3.426809e+00	-1.356067e-01
1.870020870542770e-03	3.427894e+00	-1.350751e-01
1.871517900563826e-03	3.429012e+00	-1.345280e-01
1.873777285221730e-03	3.430706e+00	-1.336981e-01
1.876046581153548e-03	3.432418e+00	-1.328599e-01
1.879408790522553e-03	3.434971e+00	-1.316091e-01
1.883214924619877e-03	3.437887e+00	-1.301807e-01
1.888525315925871e-03	3.442000e+00	-1.281659e-01
1.896367924104303e-03	3.448165e+00	-1.251450e-01
1.906133549104303e-03	3.455991e+00	-1.213098e-01
1.915899174104303e-03	3.463975e+00	-1.173960e-01
1.925664799104303e-03	3.472112e+00	-1.134067e-01
1.935430424104303e-03	3.480395e+00	-1.093449e-01
1.945196049104303e-03	3.488818e+00	-1.052138e-01
1.954961674104303e-03	3.497375e+00	-1.010164e-01
1.964727299104303e-03	3.506060e+00	-9.675564e-02
1.974492924104303e-03	3.514865e+00	-9.243464e-02
1.984258549104303e-03	3.523787e+00	-8.805625e-02
1.994024174104303e-03	3.532817e+00	-8.362356e-02
2.003789799104303e-03	3.541951e+00	-7.913937e-02
2.013555424104303e-03	3.551183e+00	-7.460678e-02
2.023321049104303e-03	3.560505e+00	-7.002858e-02
2.033086674104303e-03	3.569913e+00	-6.540787e-02
2.042852299104303e-03	3.579401e+00	-6.074746e-02
2.052617924104303e-03	3.588962e+00	-5.605043e-02
2.062383549104303e-03	3.598590e+00	-5.131963e-02
2.072149174104303e-03	3.608279e+00	-4.655816e-02
2.081914799104303e-03	3.618024e+00	-4.176887e-02
2.091680424104303e-03	3.627817e+00	-3.695490e-02
2.101446049104303e-03	3.637654e+00	-3.211915e-02
2.111211674104303e-03	3.647527e+00	-2.726478e-02
2.120977299104303e-03	3.657431e+00	-2.239472e-02
2.130742924104303e-03	3.667360e+00	-1.751219e-02
2.140508549104303e-03	3.677306e+00	-1.262016e-02
2.150274174104303e-03	3.687263e+00	-7.721888e-03
2.160039799104303e-03	3.697226e+00	-2.820417e-03
2.169805424104303e-03	3.707188e+00	2.080934e-03
2.179571049104303e-03	3.717141e+00	6.979058e-03
2.189336674104303e-03	3.727080e+00	1.187056e-02
2.199102299104303e-03	3.736998e+00	1.675225e-02
2.208867924104303e-03	3.746888e+00	2.162064e-02
2.218633549104303e-03	3.756742e+00	2.647245e-02
2.228399174104303e-03	3.766555e+00	3.130407e-02
2.238164799104303e-03	3.776318e+00	3.611211e-02
2.247930424104303e-03	3.786025e+00	4.089285e-02
2.257696049104303e-03	3.795667e+00	4.564275e-02
2.267461674104303e-03	3.805238e+00	5.035799e-02
2.277227299104303e-03	3.814730e+00	5.503488e-02
2.286992924104303e-03	3.824135e+00	5.966948e-02
2.296758549104303e-03	3.833445e+00	6.425799e-02
2.306524174104303e-03	3.842652e+00	6.879634e-02
2.316289799104303e-03	3.851748e+00	7.328070e-02
2.326055424104303e-03	3.860725e+00	7.770695e-02
2.335821049104303e-03	3.869574e+00	8.207121e-02
2.345586674104303e-03	3.878289e+00	8.636946e-02
2.355352299104303e-03	3.886860e+00	9.059793e-02
2.365117924104303e-03	3.895281e+00	9.475276e-02
2.374883549104303e-03	3.903543e+00	9.883044e-02
2.384649174104303e-03	3.911641e+00	1.028275e-01
2.394414799104303e-03	3.919568e+00	1.067408e-01
2.404180424104303e-03	3.927317e+00	1.105673e-01
2.413946049104303e-03	3.934884e+00	1.143045e-01
2.423711674104303e-03	3.942263e+00	1.179502e-01
2.433477299104303e-03	3.949452e+00	1.215024e-01
2.443242924104303e-03	3.956447e+00	1.249596e-01
2.453008549104303e-03	3.963246e+00	1.283208e-01
2.462774174104303e-03	3.969847e+00	1.315850e-01
2.472539799104303e-03	3.976249e+00	1.347520e-01
2.482305424104303e-03	3.982453e+00	1.378216e-01
2.492071049104303e-03	3.988459e+00	1.407942e-01
2.501836674104303e-03	3.994268e+00	1.436703e-01
2.511602299104303e-03	3.999882e+00	1.464505e-01
2.521367924104303e-03	4.005302e+00	1.491359e-01
2.531133549104303e-03	4.010531e+00	1.517276e-01
2.540899174104303e-03	4.015572e+00	1.542266e-01
2.550664799104303e-03	4.020426e+00	1.566344e-01
2.560430424104303e-03	4.025097e+00	1.589521e-01
2.570196049104303e-03	4.029587e+00	1.611811e-01
2.579961674104303e-03	4.033899e+00	1.633226e-01
2.589727299104303e-03	4.038035e+00	1.653777e-01
2.599492924104303e-03	4.041997e+00	1.673476e-01
2.609258549104303e-03	4.045788e+00	1.692333e-01
2.619024174104303e-03	4.049409e+00	1.710356e-01
2.628789799104303e-03	4.052862e+00	1.727553e-01
2.638555424104303e-03	4.056148e+00	1.743929e-01
2.648321049104303e-03	4.059268e+00	1.759491e-01
2.658086674104303e-03	4.062222e+00	1.774240e-01
2.667852299104303e-03	4.065012e+00	1.788179e-01
2.677617924104303e-03	4.067637e+00	1.801307e-01
2.687383549104303e-03	4.070097e+00	1.813623e-01
2.697149174104303e-03	4.072391e+00	1.825124e-01
2.706914799104303e-03	4.074518e+00	1.835804e-01
2.716680424104303e-03	4.076477e+00	1.845657e-01
2.726446049104303e-03	4.078266e+00	1.854676e-01
2.736211674104303e-03	4.079884e+00	1.862850e-01
2.745977299104303e-03	4.081327e+00	1.870168e-01
2.755742924104303e-03	4.082594e+00	1.876618e-01
2.765508549104303e-03	4.083682e+00	1.882184e-01
2.775274174104303e-03	4.084586e+00	1.886851e-01
2.785039799104303e-03	4.085304e+00	1.890602e-01
2.794805424104303e-03	4.085833e+00	1.893417e-01
2.804571049104303e-03	4.086167e+00	1.895277e-01
2.814336674104303e-03	4.086303e+00	1.896160e-01
2.824102299104303e-03	4.086236e+00	1.896045e-01
2.833867924104303e-03	4.085961e+00	1.894908e-01
2.843633549104303e-03	4.085474e+00	1.892725e-01
2.853399174104303e-03	4.084770e+00	1.889472e-01
2.863164799104303e-03	4.083843e+00	1.885124e-01
2.872930424104303e-03	4.082689e+00	1.879656e-01
2.882696049104303e-03	4.081303e+00	1.873046e-01
2.892461674104303e-03	4.079679e+00	1.865268e-01
2.902227299104303e-03	4.077815e+00	1.856302e-01
2.911992924104303e-03	4.075705e+00	1.846127e-01
2.921758549104303e-03	4.073345e+00	1.834723e-01
2.931524174104303e-03	4.070733e+00	1.822076e-01
2.941289799104303e-03	4.067866e+00	1.808171e-01
2.951055424104303e-03	4.064742e+00	1.792999e-01
2.960821049104303e-03	4.061358e+00	1.776553e-01
2.970586674104303e-03	4.057716e+00	1.758831e-01
2.980352299104303e-03	4.053815e+00	1.739832e-01
2.990117924104303e-03	4.049657e+00	1.719563e-01
2.999883549104303e-03	4.045242e+00	1.698032e-01
3.009649174104303e-03	4.040574e+00	1.675253e-01
3.019414799104303e-03	4.035656e+00	1.651240e-01
3.029180424104303e-03	4.030492e+00	1.626015e-01
3.038946049104303e-03	4.025087e+00	1.599600e-01
3.048711674104303e-03	4.019446e+00	1.572020e-01
3.058477299104303e-03	4.013574e+00	1.543302e-01
3.068242924104303e-03	4.007478e+00	1.513476e-01
3.078008549104303e-03	4.001163e+00	1.482572e-01
3.087774174104303e-03	3.994637e+00	1.450621e-01
3.097539799104303e-03	3.987905e+00	1.417657e-01
3.107305424104303e-03	3.980974e+00	1.383711e-01
3.117071049104303e-03	3.973852e+00	1.348817e-01
3.126836674104303e-03	3.966545e+00	1.313007e-01
3.136602299104303e-03	3.959059e+00	1.276314e-01
3.146367924104303e-03	3.951401e+00	1.238770e-01
3.156133549104303e-03	3.943577e+00	1.200407e-01
3.165899174104303e-03	3.935595e+00	1.161258e-01
3.175664799104303e-03	3.927460e+00	1.121353e-01
3.185430424104303e-03	3.919178e+00	1.080724e-01
3.195196049104303e-03	3.910757e+00	1.039400e-01
3.202271756553180e-03	3.904572e+00	1.009043e-01
3.209350229483797e-03	3.898316e+00	9.783365e-02
3.214692058910848e-03	3.893551e+00	9.549472e-02
3.220372488257862e-03	3.888445e+00	9.298778e-02
3.226918946655501e-03	3.882510e+00	9.007406e-02
3.232471004892370e-03	3.877437e+00	8.758295e-02
3.237895533982038e-03	3.872446e+00	8.513191e-02
3.245018724991567e-03	3.865841e+00	8.188847e-02
3.254191380444399e-03	3.857257e+00	7.767195e-02
3.263957005444399e-03	3.848023e+00	7.313599e-02
3.273722630444399e-03	3.838698e+00	6.855460e-02
3.283488255444399e-03	3.829288e+00	6.393072e-02
3.293253880444399e-03	3.819798e+00	5.926731e-02
3.303019505444399e-03	3.810236e+00	5.456732e-02
3.311942803506876e-03	3.801439e+00	5.024325e-02
3.321708428506876e-03	3.791754e+00	4.548155e-02
3.331053060542041e-03	3.782434e+00	4.089894e-02
3.340818685542041e-03	3.772645e+00	3.608546e-02
3.350584310542041e-03	3.762813e+00	3.124995e-02
3.360349935542041e-03	3.752944e+00	2.639549e-02
3.370115560542041e-03	3.743043e+00	2.152511e-02
3.379881185542041e-03	3.733117e+00	1.664191e-02
3.389646810542041e-03	3.723173e+00	1.174899e-02
3.399412435542040e-03	3.713217e+00	6.849473e-03
3.409178060542041e-03	3.703255e+00	1.946531e-03
3.418943685542040e-03	3.693294e+00	-2.956651e-03
3.428709310542041e-03	3.683341e+00	-7.856836e-03
3.438474935542040e-03	3.673401e+00	-1.275076e-02
3.448240560542041e-03	3.663481e+00	-1.763512e-02
3.458006185542041e-03	3.653589e+00	-2.250654e-02
3.467771810542041e-03	3.643732e+00	-2.736163e-02
3.477537435542041e-03	3.633916e+00	-3.219691e-02
3.487303060542041e-03	3.624149e+00	-3.700886e-02
3.497068685542041e-03	3.614438e+00	-4.179391e-02
3.506834310542041e-03	3.604789e+00	-4.654838e-02
3.516599935542041e-03	3.595212e+00	-5.126859e-02
3.526365560542041e-03	3.585714e+00	-5.595073e-02
3.536131185542041e-03	3.576301e+00	-6.059097e-02
3.545896810542041e-03	3.566983e+00	-6.518542e-02
3.555662435542041e-03	3.557767e+00	-6.973014e-02
3.565428060542041e-03	3.548661e+00	-7.422114e-02
3.575193685542041e-03	3.539674e+00	-7.865445e-02
3.584959310542041e-03	3.530813e+00	-8.302608e-02
3.594724935542041e-03	3.522087e+00	-8.733209e-02
3.604490560542041e-03	3.513503e+00	-9.156861e-02
3.614256185542041e-03	3.505069e+00	-9.573187e-02
3.624021810542041e-03	3.496793e+00	-9.981824e-02
3.633787435542041e-03	3.488680e+00	-1.038243e-01
3.643553060542041e-03	3.480739e+00	-1.077468e-01
3.653318685542041e-03	3.472974e+00	-1.115829e-01
3.663084310542040e-03	3.465391e+00	-1.153299e-01
3.672849935542041e-03	3.457995e+00	-1.189855e-01
3.682615560542040e-03	3.450789e+00	-1.225478e-01
3.692381185542041e-03	3.443777e+00	-1.260152e-01
3.702146810542041e-03	3.436961e+00	-1.293866e-01
3.711912435542041e-03	3.430343e+00	-1.326612e-01
3.721678060542041e-03	3.423923e+00	-1.358385e-01
3.731443685542041e-03	3.417702e+00	-1.389186e-01
3.741209310542041e-03	3.411679e+00	-1.419015e-01
3.750974935542041e-03	3.405853e+00	-1.447878e-01
3.760740560542041e-03	3.400222e+00	-1.475782e-01
3.770506185542041e-03	3.394785e+00	-1.502737e-01
3.780271810542041e-03	3.389539e+00	-1.528754e-01
3.790037435542041e-03	3.384482e+00	-1.553843e-01
3.799803060542041e-03	3.379611e+00	-1.578019e-01
3.809568685542041e-03	3.374924e+00	-1.601292e-01
3.819334310542041e-03	3.370419e+00	-1.623677e-01
3.829099935542041e-03	3.366091e+00	-1.645187e-01
3.838865560542041e-03	3.361940e+00	-1.665831e-01
3.848631185542041e-03	3.357963e+00	-1.685623e-01
3.858396810542041e-03	3.354157e+00	-1.704571e-01
3.868162435542041e-03	3.350521e+00	-1.722684e-01
3.877928060542041e-03	3.347053e+00	-1.739971e-01
3.887693685542041e-03	3.343753e+00	-1.756437e-01
3.897459310542041e-03	3.340618e+00	-1.772088e-01
3.907224935542040e-03	3.337649e+00	-1.786926e-01
3.916990560542040e-03	3.334845e+00	-1.800953e-01
3.926756185542041e-03	3.332205e+00	-1.814170e-01
3.936521810542041e-03	3.329731e+00	-1.826575e-01
3.946287435542041e-03	3.327423e+00	-1.838165e-01
3.956053060542040e-03	3.325281e+00	-1.848935e-01
3.965818685542041e-03	3.323307e+00	-1.858878e-01
3.975584310542041e-03	3.321503e+00	-1.867988e-01
3.985349935542041e-03	3.319870e+00	-1.876254e-01
3.995115560542040e-03	3.318411e+00	-1.883665e-01
4.004881185542041e-03	3.317129e+00	-1.890208e-01
4.014646810542041e-03	3.316025e+00	-1.895870e-01
4.024412435542041e-03	3.315105e+00	-1.900633e-01
4.034178060542040e-03	3.314370e+00	-1.904482e-01
4.043943685542041e-03	3.313825e+00	-1.907397e-01
4.053709310542041e-03	3.313473e+00	-1.909359e-01
4.063474935542041e-03	3.313320e+00	-1.910346e-01
4.073240560542040e-03	3.313369e+00	-1.910336e-01
4.083006185542041e-03	3.313625e+00	-1.909306e-01
4.092771810542041e-03	3.314093e+00	-1.907232e-01
4.102537435542041e-03	3.314778e+00	-1.904091e-01
4.112303060542040e-03	3.315685e+00	-1.899856e-01
4.122068685542041e-03	3.316819e+00	-1.894505e-01
4.131834310542041e-03	3.318185e+00	-1.888012e-01
4.141599935542041e-03	3.319787e+00	-1.880355e-01
4.151365560542040e-03	3.321630e+00	-1.871510e-01
4.161131185542040e-03	3.323719e+00	-1.861458e-01
4.170896810542041e-03	3.326056e+00	-1.850179e-01
4.180662435542041e-03	3.328646e+00	-1.837658e-01
4.190428060542041e-03	3.331491e+00	-1.823881e-01
4.200193685542040e-03	3.334592e+00	-1.808836e-01
4.209959310542041e-03	3.337953e+00	-1.792519e-01
4.219724935542041e-03	3.341572e+00	-1.774924e-01
4.229490560542041e-03	3.345450e+00	-1.756054e-01
4.239256185542040e-03	3.349586e+00	-1.735912e-01
4.249021810542041e-03	3.353979e+00	-1.714507e-01
4.258787435542041e-03	3.358625e+00	-1.691853e-01
4.268553060542041e-03	3.363521e+00	-1.667964e-01
4.278318685542040e-03	3.368663e+00	-1.642860e-01
4.288084310542041e-03	3.374047e+00	-1.616564e-01
4.297849935542041e-03	3.379668e+00	-1.589101e-01
4.307615560542041e-03	3.385520e+00	-1.560498e-01
4.317381185542040e-03	3.391597e+00	-1.530784e-01
4.327146810542041e-03	3.397892e+00	-1.499989e-01
4.336912435542041e-03	3.404400e+00	-1.468145e-01
4.346678060542041e-03	3.411114e+00	-1.435284e-01
4.351584113052170e-03	3.414563e+00	-1.418401e-01
4.357269608711653e-03	3.418621e+00	-1.398530e-01
4.362847787561750e-03	3.422666e+00	-1.378722e-01
4.365322365085096e-03	3.424480e+00	-1.369838e-01
4.367380188625094e-03	3.425998e+00	-1.362404e-01
4.368408250444036e-03	3.426759e+00	-1.358675e-01
4.369618882675934e-03	3.427659e+00	-1.354271e-01
4.370764547505132e-03	3.428512e+00	-1.350090e-01
4.372453977275218e-03	3.429775e+00	-1.343903e-01
4.374265804400218e-03	3.431136e+00	-1.337237e-01
4.377345544727700e-03	3.433463e+00	-1.325837e-01
4.380510457720014e-03	3.435873e+00	-1.314030e-01
4.386804035030003e-03	3.440720e+00	-1.290281e-01
4.394276498810870e-03	3.446568e+00	-1.261625e-01
4.404042123810870e-03	3.454356e+00	-1.223451e-01
4.413807748810870e-03	3.462305e+00	-1.184482e-01
4.423573373810870e-03	3.470408e+00	-1.144752e-01
4.433338998810870e-03	3.478658e+00	-1.104290e-01
4.443104623810870e-03	3.487050e+00	-1.063128e-01
4.452870248810870e-03	3.495577e+00	-1.021296e-01
4.462635873810870e-03	3.504233e+00	-9.788236e-02
4.472401498810870e-03	3.513011e+00	-9.357419e-02
4.482167123810870e-03	3.521907e+00	-8.920801e-02
4.491932748810870e-03	3.530913e+00	-8.478680e-02
4.501698373810870e-03	3.540024e+00	-8.031350e-02
4.511463998810870e-03	3.549233e+00	-7.579107e-02
4.521229623810870e-03	3.558535e+00	-7.122245e-02
4.530995248810870e-03	3.567924e+00	-6.661058e-02
4.540760873810870e-03	3.577394e+00	-6.195843e-02
4.550526498810870e-03	3.586938e+00	-5.726893e-02
4.560292123810870e-03	3.596551e+00	-5.254506e-02
4.570057748810870e-03	3.606227e+00	-4.778979e-02
4.579823373810871e-03	3.615959e+00	-4.300611e-02
4.589588998810870e-03	3.625742e+00	-3.819702e-02
4.599354623810870e-03	3.635569e+00	-3.336554e-02
4.609120248810870e-03	3.645434e+00	-2.851470e-02
4.618885873810871e-03	3.655331e+00	-2.364757e-02
4.628651498810870e-03	3.665254e+00	-1.876721e-02
4.638417123810870e-03	3.675196e+00	-1.387674e-02
4.648182748810870e-03	3.685151e+00	-8.979275e-03
4.657948373810870e-03	3.695112e+00	-4.077980e-03
4.667713998810870e-03	3.705074e+00	8.239648e-04
4.677479623810870e-03	3.715029e+00	5.723325e-03
4.687245248810870e-03	3.724971e+00	1.061685e-02
4.697010873810870e-03	3.734893e+00	1.550122e-02
4.706776498810870e-03	3.744789e+00	2.037309e-02
4.716542123810870e-03	3.754651e+00	2.522906e-02
4.726307748810870e-03	3.764472e+00	3.006567e-02
4.736073373810870e-03	3.774246e+00	3.487939e-02
4.745838998810870e-03	3.783965e+00	3.966668e-02
4.755604623810870e-03	3.793622e+00	4.442386e-02
4.765370248810870e-03	3.803208e+00	4.914724e-02
4.775135873810870e-03	3.812717e+00	5.383305e-02
4.784901498810870e-03	3.822141e+00	5.847744e-02
4.794667123810870e-03	3.831472e+00	6.307654e-02
4.804432748810870e-03	3.840701e+00	6.762641e-02
4.814198373810870e-03	3.849821e+00	7.212307e-02
4.823963998810871e-03	3.858823e+00	7.656255e-02
4.833729623810870e-03	3.867701e+00	8.094084e-02
4.843495248810870e-03	3.876444e+00	8.525401e-02
4.853260873810870e-03	3.885046e+00	8.949817e-02
4.863026498810871e-03	3.893500e+00	9.366955e-02
4.872792123810870e-03	3.901797e+00	9.776448e-02
4.882557748810870e-03	3.909930e+00	1.017795e-01
4.892323373810870e-03	3.917893e+00	1.057115e-01
4.902088998810870e-03	3.925681e+00	1.095573e-01
4.911854623810870e-03	3.933287e+00	1.133143e-01
4.921620248810870e-03	3.940707e+00	1.169802e-01
4.931385873810870e-03	3.947936e+00	1.205531e-01
4.941151498810870e-03	3.954973e+00	1.240312e-01
4.950917123810870e-03	3.961813e+00	1.274135e-01
4.960682748810870e-03	3.968457e+00	1.306991e-01
4.970448373810870e-03	3.974901e+00	1.338874e-01
4.980213998810870e-03	3.981148e+00	1.369784e-01
4.989979623810870e-03	3.987196e+00	1.399722e-01
4.999745248810870e-03	3.993047e+00	1.428694e-01
5.009510873810870e-03	3.998702e+00	1.456706e-01
5.019276498810870e-03	4.004163e+00	1.483768e-01
5.029042123810870e-03	4.009433e+00	1.509889e-01
5.038807748810870e-03	4.014513e+00	1.535082e-01
5.048573373810870e-03	4.019408e+00	1.559360e-01
5.058338998810870e-03	4.024117e+00	1.582734e-01
5.068104623810871e-03	4.028646e+00	1.605218e-01
5.077870248810870e-03	4.032996e+00	1.626825e-01
5.087635873810870e-03	4.037169e+00	1.647565e-01
5.097401498810870e-03	4.041168e+00	1.667452e-01
5.107167123810871e-03	4.044995e+00	1.686493e-01
5.116932748810870e-03	4.048653e+00	1.704699e-01
5.126698373810870e-03	4.052141e+00	1.722078e-01
5.136463998810870e-03	4.055463e+00	1.738636e-01
5.146229623810871e-03	4.058618e+00	1.754377e-01
5.155995248810870e-03	4.061608e+00	1.769305e-01
5.165760873810870e-03	4.064434e+00	1.783423e-01
5.175526498810870e-03	4.067093e+00	1.796731e-01
5.185292123810870e-03	4.069589e+00	1.809226e-01
5.195057748810870e-03	4.071918e+00	1.820907e-01
5.204823373810870e-03	4.074081e+00	1.831769e-01
5.214588998810870e-03	4.076076e+00	1.841806e-01
5.224354623810870e-03	4.077901e+00	1.851010e-01
5.234120248810870e-03	4.079556e+00	1.859371e-01
5.243885873810870e-03	4.081037e+00	1.866879e-01
5.253651498810870e-03	4.082342e+00	1.873522e-01
5.263417123810870e-03	4.083468e+00	1.879284e-01
5.273182748810870e-03	4.084412e+00	1.884150e-01
5.282948373810870e-03	4.085170e+00	1.888104e-01
5.292713998810870e-03	4.085740e+00	1.891127e-01
5.302479623810870e-03	4.086116e+00	1.893199e-01
5.312245248810871e-03	4.086295e+00	1.894299e-01
5.322010873810870e-03	4.086272e+00	1.894405e-01
5.331776498810870e-03	4.086042e+00	1.893494e-01
5.341542123810870e-03	4.085601e+00	1.891543e-01
5.351307748810871e-03	4.084943e+00	1.888526e-01
5.361073373810870e-03	4.084064e+00	1.884420e-01
5.370838998810870e-03	4.082959e+00	1.879200e-01
5.380604623810870e-03	4.081623e+00	1.872842e-01
5.390370248810871e-03	4.080051e+00	1.865322e-01
5.400135873810870e-03	4.078238e+00	1.856618e-01
5.409901498810870e-03	4.076181e+00	1.846708e-01
5.419667123810870e-03	4.073875e+00	1.835575e-01
5.429432748810870e-03	4.071318e+00	1.823201e-01
5.439198373810870e-03	4.068505e+00	1.809572e-01
5.448963998810870e-03	4.065436e+00	1.794677e-01
5.458729623810870e-03	4.062109e+00	1.778510e-01
5.468495248810870e-03	4.058522e+00	1.761066e-01
5.478260873810870e-03	4.054677e+00	1.742346e-01
5.488026498810870e-03	4.050573e+00	1.722354e-01
5.497792123810870e-03	4.046213e+00	1.701098e-01
5.507557748810870e-03	4.041599e+00	1.678590e-01
5.517323373810870e-03	4.036734e+00	1.654845e-01
5.527088998810870e-03	4.031622e+00	1.629883e-01
5.536854623810870e-03	4.026268e+00	1.603726e-01
5.546620248810870e-03	4.020677e+00	1.576399e-01
5.556385873810871e-03	4.014854e+00	1.547927e-01
5.566151498810870e-03	4.008806e+00	1.518341e-01
5.575917123810870e-03	4.002537e+00	1.487671e-01
5.585682748810870e-03	3.996056e+00	1.455947e-01
5.595448373810871e-03	3.989367e+00	1.423203e-01
5.605213998810870e-03	3.982479e+00	1.389470e-01
5.614979623810870e-03	3.975397e+00	1.354781e-01
5.624745248810870e-03	3.968129e+00	1.319170e-01
5.634510873810871e-03	3.960680e+00	1.282668e-01
5.644276498810870e-03	3.953058e+00	1.245309e-01
5.654042123810870e-03	3.945270e+00	1.207125e-01
5.663807748810870e-03	3.937321e+00	1.168146e-01
5.673573373810870e-03	3.929218e+00	1.128406e-01
5.683338998810870e-03	3.920968e+00	1.087934e-01
5.693104623810870e-03	3.912576e+00	1.046762e-01
5.701057594297598e-03	3.905642e+00	1.012736e-01
5.709033688469164e-03	3.898601e+00	9.781805e-02
5.714249719714797e-03	3.893951e+00	9.553576e-02
5.720132556701241e-03	3.888665e+00	9.294105e-02
5.726614604238679e-03	3.882791e+00	9.005741e-02
5.731854555711311e-03	3.878006e+00	8.770803e-02
5.736892616055449e-03	3.873374e+00	8.543419e-02
5.743950398818594e-03	3.866839e+00	8.222493e-02
5.753477906556379e-03	3.857931e+00	7.785024e-02
5.763243531556379e-03	3.848704e+00	7.331824e-02
5.773009156556379e-03	3.839386e+00	6.874058e-02
5.782774781556380e-03	3.829982e+00	6.412023e-02
5.792540406556379e-03	3.820498e+00	5.946011e-02
5.801129032740483e-03	3.812096e+00	5.533114e-02
5.809335652848141e-03	3.804018e+00	5.136109e-02
5.818877527905387e-03	3.794571e+00	4.671710e-02
5.827578421100506e-03	3.785908e+00	4.245837e-02
5.837344046100506e-03	3.776137e+00	3.765397e-02
5.847109671100506e-03	3.766319e+00	3.282645e-02
5.856875296100506e-03	3.756463e+00	2.797890e-02
5.866640921100506e-03	3.746572e+00	2.311434e-02
5.876406546100506e-03	3.736655e+00	1.823586e-02
5.886172171100506e-03	3.726717e+00	1.334654e-02
5.895937796100506e-03	3.716764e+00	8.449520e-03
5.905703421100506e-03	3.706804e+00	3.547937e-03
5.915469046100506e-03	3.696842e+00	-1.355020e-03
5.925234671100506e-03	3.686884e+00	-6.256140e-03
5.935000296100506e-03	3.676939e+00	-1.115217e-02
5.944765921100506e-03	3.667011e+00	-1.603981e-02
5.954531546100506e-03	3.657109e+00	-2.091572e-02
5.964297171100506e-03	3.647239e+00	-2.577651e-02
5.974062796100505e-03	3.637407e+00	-3.061874e-02
5.983828421100506e-03	3.627622e+00	-3.543890e-02
5.993594046100506e-03	3.617890e+00	-4.023343e-02
6.003359671100506e-03	3.608218e+00	-4.499871e-02
6.013125296100505e-03	3.598615e+00	-4.973104e-02
6.022890921100506e-03	3.589087e+00	-5.442666e-02
6.032656546100506e-03	3.579643e+00	-5.908177e-02
6.042422171100506e-03	3.570291e+00	-6.369247e-02
6.052187796100506e-03	3.561037e+00	-6.825484e-02
6.061953421100506e-03	3.551892e+00	-7.276492e-02
6.071719046100506e-03	3.542861e+00	-7.721872e-02
6.081484671100506e-03	3.533955e+00	-8.161226e-02
6.091250296100506e-03	3.525180e+00	-8.594158e-02
6.101015921100506e-03	3.516544e+00	-9.020277e-02
6.110781546100506e-03	3.508056e+00	-9.439202e-02
6.120547171100506e-03	3.499722e+00	-9.850568e-02
6.130312796100506e-03	3.491551e+00	-1.025402e-01
6.140078421100506e-03	3.483548e+00	-1.064923e-01
6.149844046100506e-03	3.475719e+00	-1.103590e-01
6.159609671100506e-03	3.468071e+00	-1.141375e-01
6.169375296100506e-03	3.460608e+00	-1.178253e-01
6.179140921100506e-03	3.453334e+00	-1.214205e-01
6.188906546100506e-03	3.446253e+00	-1.249214e-01
6.198672171100506e-03	3.439368e+00	-1.283266e-01
6.208437796100506e-03	3.432679e+00	-1.316352e-01
6.218203421100506e-03	3.426188e+00	-1.348467e-01
6.227969046100506e-03	3.419896e+00	-1.379609e-01
6.237734671100506e-03	3.413803e+00	-1.409778e-01
6.247500296100506e-03	3.407907e+00	-1.438980e-01
6.257265921100505e-03	3.402206e+00	-1.467219e-01
6.267031546100506e-03	3.396701e+00	-1.494506e-01
6.276797171100506e-03	3.391387e+00	-1.520851e-01
6.286562796100506e-03	3.386263e+00	-1.546264e-01
6.296328421100506e-03	3.381327e+00	-1.570758e-01
6.306094046100506e-03	3.376575e+00	-1.594346e-01
6.315859671100506e-03	3.372005e+00	-1.617042e-01
6.325625296100506e-03	3.367614e+00	-1.638856e-01
6.335390921100506e-03	3.363400e+00	-1.659802e-01
6.345156546100506e-03	3.359361e+00	-1.679892e-01
6.354922171100506e-03	3.355495e+00	-1.699134e-01
6.364687796100506e-03	3.351799e+00	-1.717539e-01
6.374453421100506e-03	3.348271e+00	-1.735114e-01
6.384219046100506e-03	3.344912e+00	-1.751867e-01
6.393984671100506e-03	3.341718e+00	-1.767803e-01
6.403750296100506e-03	3.338690e+00	-1.782925e-01
6.413515921100506e-03	3.335827e+00	-1.797236e-01
6.423281546100506e-03	3.333129e+00	-1.810737e-01
6.433047171100506e-03	3.330596e+00	-1.823426e-01
6.442812796100506e-03	3.328228e+00	-1.835302e-01
6.452578421100506e-03	3.326027e+00	-1.846360e-01
6.462344046100506e-03	3.323993e+00	-1.856594e-01
6.472109671100506e-03	3.322129e+00	-1.865996e-01
6.481875296100506e-03	3.320435e+00	-1.874559e-01
6.491640921100506e-03	3.318914e+00	-1.882271e-01
6.501406546100505e-03	3.317568e+00	-1.889120e-01
6.511172171100506e-03	3.316401e+00	-1.895093e-01
6.520937796100506e-03	3.315415e+00	-1.900173e-01
6.530703421100506e-03	3.314613e+00	-1.904345e-01
6.540469046100506e-03	3.314000e+00	-1.907590e-01
6.550234671100506e-03	3.313579e+00	-1.909889e-01
6.560000296100506e-03	3.313355e+00	-1.911220e-01
6.569765921100506e-03	3.313331e+00	-1.911563e-01
6.579531546100506e-03	3.313513e+00	-1.910894e-01
6.589297171100506e-03	3.313905e+00	-1.909190e-01
6.599062796100506e-03	3.314513e+00	-1.906427e-01
6.608828421100506e-03	3.315340e+00	-1.902580e-01
6.618594046100506e-03	3.316393e+00	-1.897624e-01
6.628359671100506e-03	3.317676e+00	-1.891536e-01
6.638125296100506e-03	3.319193e+00	-1.884291e-01
6.647890921100506e-03	3.320950e+00	-1.875867e-01
6.657656546100506e-03	3.322951e+00	-1.866242e-01
6.667422171100506e-03	3.325199e+00	-1.855397e-01
6.677187796100506e-03	3.327699e+00	-1.843316e-01
6.686953421100506e-03	3.330453e+00	-1.829982e-01
6.696719046100506e-03	3.333463e+00	-1.815385e-01
6.706484671100506e-03	3.336731e+00	-1.799517e-01
6.716250296100506e-03	3.340258e+00	-1.782372e-01
6.726015921100506e-03	3.344044e+00	-1.763951e-01
6.735781546100506e-03	3.348089e+00	-1.744256e-01
6.745547171100505e-03	3.352390e+00	-1.723295e-01
6.755312796100506e-03	3.356946e+00	-1.701079e-01
6.765078421100506e-03	3.361754e+00	-1.677623e-01
6.774844046100506e-03	3.366809e+00	-1.652945e-01
6.784609671100506e-03	3.372108e+00	-1.627066e-01
6.794375296100506e-03	3.377645e+00	-1.600011e-01
6.804140921100506e-03	3.383415e+00	-1.571806e-01
6.813906546100506e-03	3.389413e+00	-1.542479e-01
6.823672171100506e-03	3.395631e+00	-1.512061e-01
6.833437796100506e-03	3.402064e+00	-1.480582e-01
6.843203421100506e-03	3.408706e+00	-1.448075e-01
6.848441432333294e-03	3.412352e+00	-1.430226e-01
6.853031403349670e-03	3.415593e+00	-1.414353e-01
6.857415531511261e-03	3.418730e+00	-1.398994e-01
6.863493921796112e-03	3.423142e+00	-1.377383e-01
6.865996696736034e-03	3.424981e+00	-1.368380e-01
6.868053682926816e-03	3.426501e+00	-1.360936e-01
6.869135400070019e-03	3.427303e+00	-1.357004e-01
6.870381594919530e-03	3.428230e+00	-1.352462e-01
6.871547310232606e-03	3.429101e+00	-1.348199e-01
6.873313466335580e-03	3.430424e+00	-1.341716e-01
6.875195145388428e-03	3.431840e+00	-1.334777e-01
6.878477913417439e-03	3.434327e+00	-1.322592e-01
6.881835290915712e-03	3.436891e+00	-1.310028e-01
6.888539091258976e-03	3.442073e+00	-1.284636e-01
6.897292384109006e-03	3.448959e+00	-1.250884e-01
6.907058009109006e-03	3.456798e+00	-1.212456e-01
6.916823634109006e-03	3.464795e+00	-1.173245e-01
6.926589259109005e-03	3.472944e+00	-1.133281e-01
6.936354884109006e-03	3.481239e+00	-1.092595e-01
6.946120509109006e-03	3.489673e+00	-1.051219e-01
6.955886134109006e-03	3.498240e+00	-1.009182e-01
6.975417384109006e-03	3.515750e+00	-9.232457e-02
7.004714259109006e-03	3.542861e+00	-7.901344e-02
7.034011134109006e-03	3.570844e+00	-6.526828e-02
7.046566937680434e-03	3.583096e+00	-5.924841e-02
7.059122741251863e-03	3.595433e+00	-5.318563e-02
7.071678544823291e-03	3.607855e+00	-4.707995e-02
7.084234348394720e-03	3.620363e+00	-4.093137e-02
7.096790151966148e-03	3.632956e+00	-3.473989e-02
7.109345955537577e-03	3.645634e+00	-2.850550e-02
7.121901759109006e-03	3.658397e+00	-2.222821e-02
7.151198634109006e-03	3.688231e+00	-7.551225e-03
7.162359348394720e-03	3.699641e+00	-1.936217e-03
7.173520062680435e-03	3.711023e+00	3.665406e-03
7.184680776966149e-03	3.722376e+00	9.253644e-03
7.195841491251863e-03	3.733700e+00	1.482850e-02
7.207002205537577e-03	3.744996e+00	2.038997e-02
7.218162919823292e-03	3.756262e+00	2.593805e-02
7.229323634109006e-03	3.767500e+00	3.147275e-02
7.248854884109006e-03	3.786958e+00	4.105787e-02
7.268386134109006e-03	3.806157e+00	5.051798e-02
7.287917384109006e-03	3.825037e+00	5.982303e-02
7.297683009109005e-03	3.834337e+00	6.440774e-02
7.307448634109006e-03	3.843533e+00	6.894200e-02
7.317214259109006e-03	3.852618e+00	7.342181e-02
7.326979884109006e-03	3.861582e+00	7.784320e-02
7.336745509109005e-03	3.870419e+00	8.220220e-02
7.346511134109006e-03	3.879120e+00	8.649486e-02
7.356276759109006e-03	3.887677e+00	9.071732e-02
7.366042384109006e-03	3.896083e+00	9.486586e-02
7.375808009109005e-03	3.904330e+00	9.893688e-02
7.385573634109006e-03	3.912411e+00	1.029270e-01
7.395339259109006e-03	3.920321e+00	1.068330e-01
7.405104884109006e-03	3.928053e+00	1.106521e-01
7.414870509109005e-03	3.935602e+00	1.143816e-01
7.424636134109006e-03	3.942964e+00	1.180193e-01
7.434401759109006e-03	3.950134e+00	1.215635e-01
7.444167384109006e-03	3.957110e+00	1.250125e-01
7.453933009109005e-03	3.963890e+00	1.283654e-01
7.463698634109006e-03	3.970472e+00	1.316213e-01
7.473464259109006e-03	3.976856e+00	1.347799e-01
7.483229884109006e-03	3.983040e+00	1.378413e-01
7.492995509109006e-03	3.989028e+00	1.408056e-01
7.502761134109005e-03	3.994818e+00	1.436734e-01
7.512526759109006e-03	4.000413e+00	1.464456e-01
7.522292384109006e-03	4.005815e+00	1.491229e-01
7.532058009109006e-03	4.011026e+00	1.517067e-01
7.541823634109005e-03	4.016048e+00	1.541979e-01
7.551589259109006e-03	4.020885e+00	1.565980e-01
7.561354884109006e-03	4.025539e+00	1.589082e-01
7.571120509109006e-03	4.030012e+00	1.611297e-01
7.580886134109005e-03	4.034307e+00	1.632639e-01
7.590651759109006e-03	4.038426e+00	1.653118e-01
7.600417384109006e-03	4.042372e+00	1.672747e-01
7.610183009109006e-03	4.046146e+00	1.691533e-01
7.619948634109005e-03	4.049751e+00	1.709486e-01
7.629714259109006e-03	4.053188e+00	1.726615e-01
7.639479884109006e-03	4.056458e+00	1.742923e-01
7.649245509109006e-03	4.059563e+00	1.758417e-01
7.659011134109005e-03	4.062502e+00	1.773099e-01
7.668776759109006e-03	4.065276e+00	1.786970e-01
7.678542384109006e-03	4.067885e+00	1.800030e-01
7.688308009109006e-03	4.070329e+00	1.812278e-01
7.698073634109005e-03	4.072608e+00	1.823711e-01
7.707839259109006e-03	4.074718e+00	1.834322e-01
7.717604884109006e-03	4.076662e+00	1.844106e-01
7.727370509109006e-03	4.078434e+00	1.853055e-01
7.737136134109006e-03	4.080036e+00	1.861158e-01
7.746901759109006e-03	4.081462e+00	1.868403e-01
7.756667384109006e-03	4.082712e+00	1.874779e-01
7.766433009109006e-03	4.083783e+00	1.880270e-01
7.776198634109006e-03	4.084670e+00	1.884860e-01
7.785964259109005e-03	4.085371e+00	1.888532e-01
7.795729884109006e-03	4.085880e+00	1.891267e-01
7.805495509109006e-03	4.086196e+00	1.893045e-01
7.825026759109005e-03	4.086226e+00	1.893642e-01
7.844558009109005e-03	4.085424e+00	1.890141e-01
7.864089259109006e-03	4.083751e+00	1.882351e-01
7.883620509109006e-03	4.081167e+00	1.870074e-01
7.903151759109005e-03	4.077633e+00	1.853124e-01
7.922683009109005e-03	4.073116e+00	1.831330e-01
7.932448634109007e-03	4.070480e+00	1.818573e-01
7.942214259109006e-03	4.067589e+00	1.804558e-01
7.951979884109006e-03	4.064440e+00	1.789275e-01
7.971511134109006e-03	4.057366e+00	1.754882e-01
7.991042384109005e-03	4.049257e+00	1.715392e-01
8.000808009109005e-03	4.044818e+00	1.693751e-01
8.010573634109005e-03	4.040126e+00	1.670863e-01
8.020339259109006e-03	4.035185e+00	1.646744e-01
8.030104884109006e-03	4.029998e+00	1.621414e-01
8.039870509109006e-03	4.024570e+00	1.594896e-01
8.049636134109006e-03	4.018907e+00	1.567215e-01
8.059401759109006e-03	4.013014e+00	1.538400e-01
8.069167384109005e-03	4.006896e+00	1.508479e-01
8.078933009109005e-03	4.000562e+00	1.477484e-01
8.088698634109005e-03	3.994015e+00	1.445445e-01
8.098464259109006e-03	3.987265e+00	1.412395e-01
8.108229884109006e-03	3.980316e+00	1.378367e-01
8.117995509109006e-03	3.973176e+00	1.343393e-01
8.127761134109006e-03	3.965851e+00	1.307507e-01
8.137526759109006e-03	3.958348e+00	1.270740e-01
8.147292384109005e-03	3.950674e+00	1.233126e-01
8.157058009109005e-03	3.942836e+00	1.194696e-01
8.166823634109005e-03	3.934839e+00	1.155483e-01
8.176589259109007e-03	3.926689e+00	1.115516e-01
8.186354884109006e-03	3.918395e+00	1.074829e-01
8.196120509109006e-03	3.909961e+00	1.033450e-01
8.203113723595189e-03	3.903839e+00	1.003410e-01
8.209640184956101e-03	3.898066e+00	9.750795e-02
8.214875037707074e-03	3.893395e+00	9.521554e-02
8.220924033476745e-03	3.887954e+00	9.254507e-02
8.227054388391383e-03	3.882394e+00	8.981581e-02
8.232263714650802e-03	3.877634e+00	8.747904e-02
8.237099529360921e-03	3.873188e+00	8.529580e-02
8.242637388568173e-03	3.868063e+00	8.277951e-02
8.250754940478593e-03	3.860490e+00	7.906111e-02
8.260520565478595e-03	3.851290e+00	7.454269e-02
8.270286190478595e-03	3.841997e+00	6.997780e-02
8.280051815478594e-03	3.832616e+00	6.536938e-02
8.289817440478594e-03	3.823153e+00	6.072038e-02
8.296801763567068e-03	3.816340e+00	5.737217e-02
8.304046671024001e-03	3.809233e+00	5.387989e-02
8.310947359030351e-03	3.802431e+00	5.053646e-02
8.318599539442676e-03	3.794851e+00	4.681079e-02
8.328365164442676e-03	3.785127e+00	4.203058e-02
8.338130789442675e-03	3.775351e+00	3.722451e-02
8.347896414442675e-03	3.765530e+00	3.239560e-02
8.357662039442675e-03	3.755671e+00	2.754688e-02
8.367427664442675e-03	3.745778e+00	2.268141e-02
8.377193289442676e-03	3.735859e+00	1.780226e-02
8.386958914442676e-03	3.725919e+00	1.291253e-02
8.396724539442676e-03	3.715966e+00	8.015348e-03
8.406490164442676e-03	3.706005e+00	3.113858e-03
8.416255789442675e-03	3.696043e+00	-1.788753e-03
8.426021414442675e-03	3.686086e+00	-6.689264e-03
8.435787039442675e-03	3.676142e+00	-1.158442e-02
8.445552664442675e-03	3.666216e+00	-1.647092e-02
8.455318289442676e-03	3.656316e+00	-2.134542e-02
8.465083914442676e-03	3.646449e+00	-2.620453e-02
8.474849539442676e-03	3.636621e+00	-3.104480e-02
8.484615164442676e-03	3.626839e+00	-3.586271e-02
8.494380789442675e-03	3.617112e+00	-4.065471e-02
8.504146414442675e-03	3.607446e+00	-4.541716e-02
8.513912039442675e-03	3.597848e+00	-5.014636e-02
8.523677664442675e-03	3.588327e+00	-5.483855e-02
8.533443289442675e-03	3.578890e+00	-5.948991e-02
8.543208914442676e-03	3.569545e+00	-6.409655e-02
8.552974539442676e-03	3.560300e+00	-6.865454e-02
8.562740164442676e-03	3.551163e+00	-7.315993e-02
8.572505789442676e-03	3.542143e+00	-7.760871e-02
8.582271414442675e-03	3.533247e+00	-8.199692e-02
8.592037039442675e-03	3.524482e+00	-8.632058e-02
8.601802664442675e-03	3.515859e+00	-9.057581e-02
8.611568289442675e-03	3.507383e+00	-9.475881e-02
8.621333914442676e-03	3.499062e+00	-9.886590e-02
8.631099539442676e-03	3.490904e+00	-1.028936e-01
8.640865164442676e-03	3.482914e+00	-1.068386e-01
8.650630789442676e-03	3.475100e+00	-1.106980e-01
8.660396414442675e-03	3.467467e+00	-1.144690e-01
8.670162039442675e-03	3.460019e+00	-1.181491e-01
8.679927664442675e-03	3.452761e+00	-1.217365e-01
8.689693289442675e-03	3.445695e+00	-1.252294e-01
8.699458914442676e-03	3.438825e+00	-1.286265e-01
8.709224539442676e-03	3.432152e+00	-1.319270e-01
8.718990164442676e-03	3.425678e+00	-1.351304e-01
8.728755789442676e-03	3.419402e+00	-1.382364e-01
8.738521414442675e-03	3.413324e+00	-1.412452e-01
8.748287039442675e-03	3.407444e+00	-1.441573e-01
8.758052664442675e-03	3.401759e+00	-1.469733e-01
8.767818289442675e-03	3.396269e+00	-1.496940e-01
8.777583914442675e-03	3.390971e+00	-1.523206e-01
8.787349539442676e-03	3.385862e+00	-1.548542e-01
8.797115164442676e-03	3.380941e+00	-1.572960e-01
8.806880789442676e-03	3.376204e+00	-1.596473e-01
8.816646414442676e-03	3.371648e+00	-1.619094e-01
8.826412039442675e-03	3.367272e+00	-1.640835e-01
8.836177664442675e-03	3.363073e+00	-1.661709e-01
8.845943289442675e-03	3.359047e+00	-1.681727e-01
8.855708914442675e-03	3.355195e+00	-1.700898e-01
8.865474539442676e-03	3.351512e+00	-1.719233e-01
8.875240164442676e-03	3.347998e+00	-1.736739e-01
8.885005789442676e-03	3.344652e+00	-1.753423e-01
8.894771414442676e-03	3.341472e+00	-1.769290e-01
8.904537039442675e-03	3.338457e+00	-1.784344e-01
8.914302664442675e-03	3.335607e+00	-1.798587e-01
8.924068289442675e-03	3.332922e+00	-1.812020e-01
8.933833914442675e-03	3.330403e+00	-1.824641e-01
8.943599539442676e-03	3.328049e+00	-1.836448e-01
8.953365164442676e-03	3.325861e+00	-1.847437e-01
8.963130789442676e-03	3.323841e+00	-1.857601e-01
8.972896414442676e-03	3.321990e+00	-1.866934e-01
8.982662039442675e-03	3.320310e+00	-1.875425e-01
8.992427664442675e-03	3.318803e+00	-1.883066e-01
9.002193289442675e-03	3.317472e+00	-1.889842e-01
9.011958914442675e-03	3.316319e+00	-1.895740e-01
9.021724539442675e-03	3.315347e+00	-1.900745e-01
9.031490164442676e-03	3.314561e+00	-1.904840e-01
9.041255789442676e-03	3.313963e+00	-1.908007e-01
9.051021414442676e-03	3.313558e+00	-1.910225e-01
9.060787039442676e-03	3.313349e+00	-1.911476e-01
9.070552664442675e-03	3.313342e+00	-1.911735e-01
9.080318289442675e-03	3.313541e+00	-1.910981e-01
9.090083914442675e-03	3.313950e+00	-1.909190e-01
9.099849539442675e-03	3.314575e+00	-1.906337e-01
9.109615164442676e-03	3.315421e+00	-1.902399e-01
9.119380789442676e-03	3.316492e+00	-1.897350e-01
9.129146414442676e-03	3.317793e+00	-1.891166e-01
9.138912039442676e-03	3.319330e+00	-1.883825e-01
9.148677664442675e-03	3.321106e+00	-1.875302e-01
9.158443289442675e-03	3.323127e+00	-1.865577e-01
9.168208914442675e-03	3.325395e+00	-1.854630e-01
9.177974539442675e-03	3.327915e+00	-1.842445e-01
9.187740164442676e-03	3.330689e+00	-1.829008e-01
9.197505789442676e-03	3.333720e+00	-1.814306e-01
9.207271414442676e-03	3.337009e+00	-1.798332e-01
9.217037039442676e-03	3.340557e+00	-1.781082e-01
9.226802664442675e-03	3.344364e+00	-1.762555e-01
9.236568289442675e-03	3.348430e+00	-1.742755e-01
9.246333914442675e-03	3.352752e+00	-1.721690e-01
9.256099539442675e-03	3.357328e+00	-1.699371e-01
9.265865164442675e-03	3.362156e+00	-1.675813e-01
9.275630789442676e-03	3.367231e+00	-1.651035e-01
9.285396414442676e-03	3.372549e+00	-1.625058e-01
9.295162039442676e-03	3.378105e+00	-1.597906e-01
9.304927664442676e-03	3.383894e+00	-1.569607e-01
9.314693289442675e-03	3.389909e+00	-1.540188e-01
9.324458914442675e-03	3.396145e+00	-1.509681e-01
9.334224539442675e-03	3.402596e+00	-1.478115e-01
9.343990164442675e-03	3.409254e+00	-1.445524e-01
9.349079398140286e-03	3.412804e+00	-1.428143e-01
9.353287219251546e-03	3.415779e+00	-1.413572e-01
9.357691224249834e-03	3.418932e+00	-1.398130e-01
9.363337101467787e-03	3.423032e+00	-1.378052e-01
9.365854557289848e-03	3.424880e+00	-1.368999e-01
9.367897591260518e-03	3.426389e+00	-1.361607e-01
9.368708714817715e-03	3.426990e+00	-1.358662e-01
9.369745119662026e-03	3.427760e+00	-1.354888e-01
9.370973616710061e-03	3.428676e+00	-1.350403e-01
9.372269307958188e-03	3.429645e+00	-1.345656e-01
9.374048989160657e-03	3.430981e+00	-1.339111e-01
9.375988698506425e-03	3.432443e+00	-1.331943e-01
9.379277453893223e-03	3.434940e+00	-1.319711e-01
9.382652178317566e-03	3.437522e+00	-1.307056e-01
9.389015912809015e-03	3.442449e+00	-1.282914e-01
9.397352030078094e-03	3.449011e+00	-1.250748e-01
9.407117655078094e-03	3.456851e+00	-1.212314e-01
9.416883280078094e-03	3.464849e+00	-1.173095e-01
9.426648905078093e-03	3.472998e+00	-1.133124e-01
9.436414530078093e-03	3.481294e+00	-1.092431e-01
9.446180155078095e-03	3.489729e+00	-1.051048e-01
9.455945780078094e-03	3.498297e+00	-1.009004e-01
9.475477030078094e-03	3.515808e+00	-9.230561e-02
9.495008280078094e-03	3.533779e+00	-8.348250e-02
9.514539530078093e-03	3.552161e+00	-7.445478e-02
9.522910065792379e-03	3.560162e+00	-7.052430e-02
9.531280601506665e-03	3.568217e+00	-6.656708e-02
9.539651137220951e-03	3.576325e+00	-6.258312e-02
9.548021672935236e-03	3.584487e+00	-5.857241e-02
9.556392208649522e-03	3.592703e+00	-5.453497e-02
9.564762744363808e-03	3.600972e+00	-5.047078e-02
9.573133280078094e-03	3.609294e+00	-4.637986e-02
9.581503815792380e-03	3.617657e+00	-4.226863e-02
9.589874351506666e-03	3.626046e+00	-3.814390e-02
9.598244887220952e-03	3.634462e+00	-3.400567e-02
9.606615422935236e-03	3.642904e+00	-2.985394e-02
9.614985958649522e-03	3.651373e+00	-2.568870e-02
9.623356494363808e-03	3.659869e+00	-2.150996e-02
9.631727030078094e-03	3.668391e+00	-1.731773e-02
9.640097565792380e-03	3.676926e+00	-1.311855e-02
9.648468101506666e-03	3.685460e+00	-8.919661e-03
9.656838637220952e-03	3.693992e+00	-4.721066e-03
9.665209172935237e-03	3.702523e+00	-5.227618e-04
9.673579708649523e-03	3.711052e+00	3.675251e-03
9.681950244363809e-03	3.719580e+00	7.872973e-03
9.690320780078095e-03	3.728106e+00	1.207040e-02
9.719617655078094e-03	3.757756e+00	2.667062e-02
9.739148905078094e-03	3.777321e+00	3.630747e-02
9.758680155078093e-03	3.796656e+00	4.583389e-02
9.778211405078095e-03	3.815702e+00	5.522030e-02
9.787977030078094e-03	3.825098e+00	5.985149e-02
9.797742655078094e-03	3.834397e+00	6.443615e-02
9.807508280078094e-03	3.843593e+00	6.897032e-02
9.817273905078094e-03	3.852677e+00	7.345003e-02
9.827039530078093e-03	3.861641e+00	7.787129e-02
9.836805155078093e-03	3.870476e+00	8.223013e-02
9.846570780078093e-03	3.879177e+00	8.652261e-02
9.856336405078095e-03	3.887733e+00	9.074488e-02
9.866102030078094e-03	3.896137e+00	9.489319e-02
9.875867655078094e-03	3.904384e+00	9.896395e-02
9.885633280078094e-03	3.912464e+00	1.029538e-01
9.895398905078094e-03	3.920373e+00	1.068595e-01
9.905164530078094e-03	3.928104e+00	1.106783e-01
9.914930155078093e-03	3.935652e+00	1.144074e-01
9.924695780078093e-03	3.943012e+00	1.180449e-01
9.934461405078095e-03	3.950181e+00	1.215887e-01
9.944227030078094e-03	3.957156e+00	1.250374e-01
9.953992655078094e-03	3.963935e+00	1.283899e-01
9.963758280078094e-03	3.970515e+00	1.316454e-01
9.973523905078094e-03	3.976898e+00	1.348037e-01
9.983289530078094e-03	3.983082e+00	1.378647e-01
9.993055155078093e-03	3.989067e+00	1.408287e-01
1.000000000000000e-02	3.993204e+00	1.428777e-01
