time	V(n002)	V(n011)
0.000000000000000e+00	3.699985e+00	3.699996e-14
5.000000058430487e-08	3.699985e+00	1.161332e-08
1.000000011686097e-07	3.699988e+00	4.019260e-07
2.000000023372195e-07	3.700010e+00	6.263907e-06
3.252779664580188e-07	3.700062e+00	2.665198e-05
5.246628586425539e-07	3.700171e+00	7.763469e-05
7.122856155770233e-07	3.700294e+00	1.353076e-04
9.768068683956589e-07	3.700486e+00	2.275942e-04
1.389654902005913e-06	3.700804e+00	3.824096e-04
1.992758701844271e-06	3.701283e+00	6.159795e-04
3.026126763732755e-06	3.702108e+00	1.019710e-03
5.020955803878707e-06	3.703696e+00	1.795202e-03
7.310110025953226e-06	3.705504e+00	2.679663e-03
1.044045282026408e-05	3.707957e+00	3.878322e-03
1.477011196371214e-05	3.711309e+00	5.517572e-03
2.342943025060826e-05	3.717879e+00	8.729124e-03
3.319505525060826e-05	3.725073e+00	1.224740e-02
4.296068025060826e-05	3.732045e+00	1.565694e-02
5.272630525060826e-05	3.738800e+00	1.896119e-02
6.249193025060826e-05	3.745342e+00	2.216123e-02
7.225755525060826e-05	3.751675e+00	2.526025e-02
8.202318025060826e-05	3.757803e+00	2.825909e-02
9.178880525060825e-05	3.763731e+00	3.116075e-02
1.015544302506083e-04	3.769462e+00	3.396585e-02
1.210856802506083e-04	3.780345e+00	3.929520e-02
1.406169302506083e-04	3.790479e+00	4.425944e-02
1.601481802506083e-04	3.799886e+00	4.886961e-02
1.894450552506083e-04	3.812679e+00	5.514273e-02
2.187419302506083e-04	3.823944e+00	6.067041e-02
2.480388052506083e-04	3.833735e+00	6.547947e-02
2.773356802506083e-04	3.842098e+00	6.959151e-02
3.066325552506083e-04	3.849076e+00	7.302795e-02
3.359294302506083e-04	3.854708e+00	7.580640e-02
3.596459481077511e-04	3.858260e+00	7.756385e-02
3.833624659648940e-04	3.861019e+00	7.893341e-02
4.070789838220369e-04	3.862984e+00	7.991509e-02
4.307955016791797e-04	3.864158e+00	8.050888e-02
4.545120195363226e-04	3.864538e+00	8.071479e-02
4.782285373934655e-04	3.864125e+00	8.053281e-02
5.019450552506083e-04	3.862920e+00	7.996295e-02
5.117106802506083e-04	3.862231e+00	7.963380e-02
5.214763052506083e-04	3.861422e+00	7.924566e-02
5.410075552506082e-04	3.859444e+00	7.829351e-02
5.703044302506082e-04	3.855607e+00	7.643790e-02
5.996013052506083e-04	3.850763e+00	7.408907e-02
6.205276445363226e-04	3.846663e+00	7.209754e-02
6.414539838220369e-04	3.842140e+00	6.989774e-02
6.623803231077511e-04	3.837192e+00	6.748965e-02
6.833066623934654e-04	3.831821e+00	6.487329e-02
7.042330016791798e-04	3.826026e+00	6.204864e-02
7.251593409648941e-04	3.819808e+00	5.901570e-02
7.460856802506083e-04	3.813165e+00	5.577449e-02
7.656169302506083e-04	3.806696e+00	5.261631e-02
7.851481802506083e-04	3.799939e+00	4.931665e-02
7.949138052506082e-04	3.796459e+00	4.761678e-02
8.046794302506082e-04	3.792914e+00	4.588468e-02
8.144450552506082e-04	3.789307e+00	4.412216e-02
8.242106802506083e-04	3.785640e+00	4.232978e-02
8.339763052506083e-04	3.781916e+00	4.050937e-02
8.437419302506083e-04	3.778137e+00	3.866155e-02
8.535075552506083e-04	3.774306e+00	3.678812e-02
8.632731802506083e-04	3.770424e+00	3.488975e-02
8.730388052506083e-04	3.766495e+00	3.296825e-02
8.828044302506083e-04	3.762522e+00	3.102433e-02
8.925700552506083e-04	3.758507e+00	2.905980e-02
9.023356802506083e-04	3.754452e+00	2.707538e-02
9.316325552506082e-04	3.742076e+00	2.101790e-02
9.511638052506083e-04	3.733677e+00	1.690514e-02
9.706950552506083e-04	3.725183e+00	1.274513e-02
9.902263052506083e-04	3.716617e+00	8.548407e-03
1.009757555250608e-03	3.708000e+00	4.325561e-03
1.029288805250608e-03	3.699353e+00	8.720148e-05
1.048820055250608e-03	3.690699e+00	-4.156063e-03
1.058585680250608e-03	3.686376e+00	-6.276324e-03
1.068351305250608e-03	3.682059e+00	-8.393646e-03
1.078116930250608e-03	3.677751e+00	-1.050711e-02
1.087882555250608e-03	3.673454e+00	-1.261501e-02
1.097648180250608e-03	3.669171e+00	-1.471643e-02
1.107413805250608e-03	3.664906e+00	-1.680969e-02
1.117179430250608e-03	3.660660e+00	-1.889386e-02
1.126945055250608e-03	3.656435e+00	-2.096730e-02
1.136710680250608e-03	3.652236e+00	-2.302908e-02
1.146476305250608e-03	3.648064e+00	-2.507758e-02
1.156241930250608e-03	3.643922e+00	-2.711188e-02
1.166007555250608e-03	3.639812e+00	-2.913041e-02
1.175773180250608e-03	3.635738e+00	-3.113224e-02
1.185538805250608e-03	3.631701e+00	-3.311582e-02
1.195304430250608e-03	3.627703e+00	-3.508026e-02
1.205070055250608e-03	3.623749e+00	-3.702404e-02
1.214835680250608e-03	3.619838e+00	-3.894626e-02
1.224601305250608e-03	3.615976e+00	-4.084548e-02
1.234366930250608e-03	3.612162e+00	-4.272078e-02
1.244132555250608e-03	3.608401e+00	-4.457079e-02
1.253898180250608e-03	3.604694e+00	-4.639459e-02
1.263663805250608e-03	3.601043e+00	-4.819086e-02
1.273429430250608e-03	3.597452e+00	-4.995872e-02
1.283195055250608e-03	3.593921e+00	-5.169686e-02
1.292960680250608e-03	3.590453e+00	-5.340446e-02
1.302726305250608e-03	3.587050e+00	-5.508025e-02
1.312491930250608e-03	3.583715e+00	-5.672342e-02
1.322257555250608e-03	3.580449e+00	-5.833276e-02
1.332023180250608e-03	3.577254e+00	-5.990750e-02
1.341788805250608e-03	3.574132e+00	-6.144649e-02
1.351554430250608e-03	3.571086e+00	-6.294897e-02
1.361320055250608e-03	3.568116e+00	-6.441386e-02
1.371085680250608e-03	3.565226e+00	-6.584042e-02
1.380851305250608e-03	3.562416e+00	-6.722764e-02
1.390616930250608e-03	3.559688e+00	-6.857482e-02
1.410148180250608e-03	3.554486e+00	-7.114553e-02
1.429679430250608e-03	3.549632e+00	-7.354628e-02
1.449210680250608e-03	3.545138e+00	-7.577125e-02
1.468741930250608e-03	3.541015e+00	-7.781503e-02
1.498038805250608e-03	3.535548e+00	-8.053018e-02
1.527335680250608e-03	3.530969e+00	-8.281174e-02
1.537101305250608e-03	3.529644e+00	-8.347365e-02
1.546866930250608e-03	3.528422e+00	-8.408558e-02
1.556632555250608e-03	3.527303e+00	-8.464713e-02
1.566398180250608e-03	3.526287e+00	-8.515799e-02
1.576163805250608e-03	3.525375e+00	-8.561780e-02
1.585929430250608e-03	3.524569e+00	-8.602633e-02
1.595695055250608e-03	3.523867e+00	-8.638328e-02
1.605460680250608e-03	3.523272e+00	-8.668847e-02
1.615226305250608e-03	3.522783e+00	-8.694168e-02
1.624991930250608e-03	3.522400e+00	-8.714278e-02
1.634757555250608e-03	3.522124e+00	-8.729164e-02
1.644523180250608e-03	3.521954e+00	-8.738814e-02
1.664054430250608e-03	3.521937e+00	-8.742394e-02
1.683585680250608e-03	3.522347e+00	-8.725004e-02
1.703116930250608e-03	3.523185e+00	-8.686685e-02
1.712882555250608e-03	3.523763e+00	-8.659703e-02
1.722648180250608e-03	3.524449e+00	-8.627459e-02
1.732413805250608e-03	3.525239e+00	-8.590104e-02
1.742179430250608e-03	3.526133e+00	-8.547639e-02
1.751945055250608e-03	3.527132e+00	-8.500063e-02
1.761710680250608e-03	3.528235e+00	-8.447376e-02
1.771476305250608e-03	3.529441e+00	-8.389578e-02
1.781241930250608e-03	3.530752e+00	-8.326671e-02
1.804958448107751e-03	3.534399e+00	-8.151188e-02
1.828674965964894e-03	3.538591e+00	-7.948950e-02
1.852391483822037e-03	3.543327e+00	-7.719957e-02
1.876108001679180e-03	3.548607e+00	-7.464207e-02
1.899824519536323e-03	3.554432e+00	-7.181702e-02
1.923541037393465e-03	3.560802e+00	-6.872441e-02
1.947257555250608e-03	3.567716e+00	-6.536425e-02
1.963998626679180e-03	3.572870e+00	-6.285719e-02
1.980739698107751e-03	3.578225e+00	-6.025155e-02
1.997480769536323e-03	3.583779e+00	-5.754733e-02
2.014221840964894e-03	3.589534e+00	-5.474453e-02
2.030962912393465e-03	3.595488e+00	-5.184314e-02
2.047703983822037e-03	3.601642e+00	-4.884317e-02
2.064445055250608e-03	3.607996e+00	-4.574462e-02
2.072815590964894e-03	3.611226e+00	-4.416939e-02
2.081186126679180e-03	3.614491e+00	-4.257657e-02
2.089556662393465e-03	3.617791e+00	-4.096616e-02
2.097927198107751e-03	3.621127e+00	-3.933815e-02
2.106297733822037e-03	3.624499e+00	-3.769255e-02
2.114668269536323e-03	3.627906e+00	-3.602936e-02
2.123038805250608e-03	3.631349e+00	-3.434858e-02
2.134199519536323e-03	3.635990e+00	-3.208210e-02
2.145360233822037e-03	3.640672e+00	-2.979525e-02
2.156520948107751e-03	3.645395e+00	-2.748801e-02
2.167681662393465e-03	3.650159e+00	-2.516040e-02
2.178842376679180e-03	3.654964e+00	-2.281240e-02
2.190003090964894e-03	3.659810e+00	-2.044402e-02
2.201163805250608e-03	3.664696e+00	-1.805527e-02
2.210929430250608e-03	3.668993e+00	-1.595447e-02
2.220695055250608e-03	3.673301e+00	-1.384750e-02
2.230460680250608e-03	3.677622e+00	-1.173434e-02
2.240226305250608e-03	3.681955e+00	-9.615014e-03
2.249991930250608e-03	3.686300e+00	-7.489506e-03
2.259757555250608e-03	3.690657e+00	-5.357820e-03
2.269523180250608e-03	3.695025e+00	-3.219957e-03
2.280683894536323e-03	3.700024e+00	-7.735765e-04
2.291844608822037e-03	3.705012e+00	1.668289e-03
2.303005323107751e-03	3.709991e+00	4.105638e-03
2.314166037393465e-03	3.714959e+00	6.538473e-03
2.325326751679180e-03	3.719918e+00	8.966791e-03
2.336487465964894e-03	3.724866e+00	1.139059e-02
2.347648180250608e-03	3.729805e+00	1.380988e-02
2.367179430250608e-03	3.738421e+00	1.803156e-02
2.386710680250608e-03	3.746893e+00	2.218423e-02
2.406241930250608e-03	3.755223e+00	2.626791e-02
2.425773180250608e-03	3.763409e+00	3.028260e-02
2.445304430250608e-03	3.771452e+00	3.422829e-02
2.464835680250608e-03	3.779352e+00	3.810498e-02
2.484366930250608e-03	3.787109e+00	4.191267e-02
2.498317823107751e-03	3.792502e+00	4.456098e-02
2.512268715964894e-03	3.797766e+00	4.714627e-02
2.526219608822037e-03	3.802900e+00	4.966857e-02
2.540170501679180e-03	3.807905e+00	5.212786e-02
2.554121394536323e-03	3.812779e+00	5.452415e-02
2.568072287393466e-03	3.817525e+00	5.685743e-02
2.582023180250608e-03	3.822140e+00	5.912771e-02
2.608529876679180e-03	3.830537e+00	6.326013e-02
2.635036573107751e-03	3.838277e+00	6.707202e-02
2.661543269536323e-03	3.845360e+00	7.056338e-02
2.688049965964894e-03	3.851786e+00	7.373421e-02
2.714556662393466e-03	3.857556e+00	7.658452e-02
2.741063358822037e-03	3.862668e+00	7.911430e-02
2.767570055250608e-03	3.867124e+00	8.132355e-02
2.788496394536323e-03	3.870076e+00	8.279134e-02
2.809422733822037e-03	3.872545e+00	8.402236e-02
2.830349073107751e-03	3.874529e+00	8.501661e-02
2.851275412393466e-03	3.876030e+00	8.577408e-02
2.872201751679180e-03	3.877047e+00	8.629477e-02
2.893128090964894e-03	3.877580e+00	8.657870e-02
2.914054430250608e-03	3.877629e+00	8.662584e-02
2.921029876679180e-03	3.877532e+00	8.658640e-02
2.928005323107751e-03	3.877382e+00	8.652027e-02
2.934980769536322e-03	3.877177e+00	8.642746e-02
2.941956215964894e-03	3.876917e+00	8.630796e-02
2.948931662393466e-03	3.876603e+00	8.616177e-02
2.955907108822037e-03	3.876235e+00	8.598890e-02
2.962882555250609e-03	3.875812e+00	8.578934e-02
2.975438358822037e-03	3.874911e+00	8.536195e-02
2.987994162393466e-03	3.873839e+00	8.485058e-02
3.000549965964894e-03	3.872597e+00	8.425522e-02
3.013105769536323e-03	3.871182e+00	8.357587e-02
3.025661573107751e-03	3.869597e+00	8.281255e-02
3.038217376679180e-03	3.867840e+00	8.196523e-02
3.050773180250608e-03	3.865912e+00	8.103394e-02
3.074489698107751e-03	3.861779e+00	7.903369e-02
3.098206215964894e-03	3.857117e+00	7.677364e-02
3.121922733822037e-03	3.851927e+00	7.425381e-02
3.145639251679180e-03	3.846208e+00	7.147418e-02
3.169355769536323e-03	3.839961e+00	6.843476e-02
3.193072287393466e-03	3.833185e+00	6.513554e-02
3.216788805250608e-03	3.825880e+00	6.157654e-02
3.246085680250608e-03	3.816307e+00	5.690892e-02
3.265616930250608e-03	3.809571e+00	5.362261e-02
3.285148180250608e-03	3.802570e+00	5.020586e-02
3.294913805250608e-03	3.798976e+00	4.845110e-02
3.304679430250608e-03	3.795322e+00	4.666688e-02
3.314445055250608e-03	3.791610e+00	4.485419e-02
3.324210680250608e-03	3.787843e+00	4.301422e-02
3.333976305250608e-03	3.784024e+00	4.114797e-02
3.343741930250608e-03	3.780153e+00	3.925667e-02
3.353507555250608e-03	3.776234e+00	3.734136e-02
3.363273180250608e-03	3.772269e+00	3.540329e-02
3.373038805250608e-03	3.768260e+00	3.344354e-02
3.382804430250608e-03	3.764210e+00	3.146337e-02
3.392570055250608e-03	3.760122e+00	2.946390e-02
3.402335680250608e-03	3.755997e+00	2.744640e-02
3.412101305250608e-03	3.751838e+00	2.541202e-02
3.421866930250608e-03	3.747648e+00	2.336206e-02
3.431632555250609e-03	3.743429e+00	2.129768e-02
3.441398180250608e-03	3.739184e+00	1.922020e-02
3.451163805250609e-03	3.734915e+00	1.713078e-02
3.460929430250608e-03	3.730625e+00	1.503078e-02
3.470695055250609e-03	3.726316e+00	1.292138e-02
3.480460680250608e-03	3.721992e+00	1.080392e-02
3.490226305250608e-03	3.717654e+00	8.679599e-03
3.499991930250608e-03	3.713305e+00	6.549779e-03
3.509757555250608e-03	3.708949e+00	4.415668e-03
3.519523180250608e-03	3.704587e+00	2.278622e-03
3.529288805250608e-03	3.700222e+00	1.398582e-04
3.539054430250608e-03	3.695856e+00	-1.999267e-03
3.548820055250608e-03	3.691494e+00	-4.137532e-03
3.558585680250608e-03	3.687136e+00	-6.273584e-03
3.568351305250608e-03	3.682786e+00	-8.406200e-03
3.578116930250608e-03	3.678446e+00	-1.053404e-02
3.587882555250608e-03	3.674119e+00	-1.265587e-02
3.597648180250608e-03	3.669808e+00	-1.477036e-02
3.607413805250608e-03	3.665515e+00	-1.687630e-02
3.617179430250608e-03	3.661242e+00	-1.897236e-02
3.626945055250608e-03	3.656993e+00	-2.105734e-02
3.636710680250608e-03	3.652770e+00	-2.312992e-02
3.646476305250608e-03	3.648575e+00	-2.518892e-02
3.656241930250608e-03	3.644410e+00	-2.723303e-02
3.666007555250608e-03	3.640280e+00	-2.926110e-02
3.675773180250609e-03	3.636185e+00	-3.127183e-02
3.685538805250608e-03	3.632128e+00	-3.326407e-02
3.695304430250609e-03	3.628113e+00	-3.523658e-02
3.705070055250608e-03	3.624140e+00	-3.718822e-02
3.714835680250609e-03	3.620213e+00	-3.911776e-02
3.724601305250608e-03	3.616334e+00	-4.102410e-02
3.734366930250608e-03	3.612505e+00	-4.290603e-02
3.744132555250608e-03	3.608729e+00	-4.476248e-02
3.753898180250608e-03	3.605008e+00	-4.659228e-02
3.763663805250608e-03	3.601344e+00	-4.839439e-02
3.773429430250608e-03	3.597739e+00	-5.016766e-02
3.783195055250608e-03	3.594196e+00	-5.191107e-02
3.792960680250608e-03	3.590716e+00	-5.362355e-02
3.802726305250608e-03	3.587302e+00	-5.530410e-02
3.812491930250608e-03	3.583956e+00	-5.695167e-02
3.822257555250608e-03	3.580679e+00	-5.856530e-02
3.832023180250608e-03	3.577475e+00	-6.014400e-02
3.841788805250608e-03	3.574344e+00	-6.168684e-02
3.851554430250608e-03	3.571288e+00	-6.319287e-02
3.861320055250608e-03	3.568310e+00	-6.466122e-02
3.871085680250608e-03	3.565411e+00	-6.609097e-02
3.880851305250608e-03	3.562593e+00	-6.748129e-02
3.890616930250608e-03	3.559858e+00	-6.883132e-02
3.900382555250608e-03	3.557206e+00	-7.014026e-02
3.910148180250608e-03	3.554641e+00	-7.140733e-02
3.919913805250608e-03	3.552163e+00	-7.263176e-02
3.929679430250609e-03	3.549774e+00	-7.381281e-02
3.939445055250609e-03	3.547475e+00	-7.494978e-02
3.949210680250608e-03	3.545268e+00	-7.604197e-02
3.958976305250608e-03	3.543154e+00	-7.708874e-02
3.968741930250609e-03	3.541135e+00	-7.808945e-02
3.978507555250609e-03	3.539211e+00	-7.904350e-02
3.988273180250608e-03	3.537383e+00	-7.995031e-02
3.998038805250608e-03	3.535654e+00	-8.080935e-02
4.007804430250608e-03	3.534023e+00	-8.162008e-02
4.017570055250609e-03	3.532492e+00	-8.238204e-02
4.027335680250608e-03	3.531062e+00	-8.309474e-02
4.037101305250608e-03	3.529733e+00	-8.375777e-02
4.046866930250608e-03	3.528507e+00	-8.437072e-02
4.056632555250609e-03	3.527384e+00	-8.493324e-02
4.066398180250608e-03	3.526365e+00	-8.544495e-02
4.076163805250608e-03	3.525450e+00	-8.590558e-02
4.085929430250608e-03	3.524640e+00	-8.631483e-02
4.095695055250609e-03	3.523936e+00	-8.667246e-02
4.105460680250608e-03	3.523337e+00	-8.697825e-02
4.115226305250608e-03	3.522846e+00	-8.723202e-02
4.124991930250608e-03	3.522460e+00	-8.743361e-02
4.134757555250609e-03	3.522181e+00	-8.758291e-02
4.144523180250608e-03	3.522010e+00	-8.767981e-02
4.154288805250608e-03	3.521945e+00	-8.772426e-02
4.164054430250608e-03	3.521988e+00	-8.771623e-02
4.183585680250609e-03	3.522394e+00	-8.754278e-02
4.203116930250608e-03	3.523228e+00	-8.715988e-02
4.212882555250609e-03	3.523805e+00	-8.689015e-02
4.222648180250609e-03	3.524489e+00	-8.656775e-02
4.232413805250608e-03	3.525277e+00	-8.619422e-02
4.242179430250608e-03	3.526170e+00	-8.576955e-02
4.251945055250609e-03	3.527167e+00	-8.529374e-02
4.261710680250609e-03	3.528268e+00	-8.476680e-02
4.271476305250608e-03	3.529474e+00	-8.418873e-02
4.281241930250608e-03	3.530783e+00	-8.355951e-02
4.304958448107751e-03	3.534428e+00	-8.180423e-02
4.328674965964894e-03	3.538616e+00	-7.978128e-02
4.352391483822037e-03	3.543350e+00	-7.749067e-02
4.376108001679179e-03	3.548628e+00	-7.493240e-02
4.399824519536322e-03	3.554451e+00	-7.210647e-02
4.423541037393466e-03	3.560819e+00	-6.901287e-02
4.447257555250608e-03	3.567731e+00	-6.565162e-02
4.463998626679179e-03	3.572885e+00	-6.314378e-02
4.480739698107751e-03	3.578239e+00	-6.053733e-02
4.497480769536323e-03	3.583793e+00	-5.783226e-02
4.514221840964894e-03	3.589546e+00	-5.502859e-02
4.530962912393465e-03	3.595500e+00	-5.212630e-02
4.547703983822037e-03	3.601653e+00	-4.912541e-02
4.564445055250608e-03	3.608007e+00	-4.602590e-02
4.572815590964894e-03	3.611236e+00	-4.445020e-02
4.581186126679179e-03	3.614501e+00	-4.285690e-02
4.589556662393465e-03	3.617801e+00	-4.124601e-02
4.597927198107751e-03	3.621137e+00	-3.961751e-02
4.606297733822038e-03	3.624508e+00	-3.797141e-02
4.614668269536323e-03	3.627915e+00	-3.630772e-02
4.623038805250609e-03	3.631357e+00	-3.462642e-02
4.634199519536323e-03	3.635998e+00	-3.235928e-02
4.645360233822038e-03	3.640680e+00	-3.007176e-02
4.656520948107752e-03	3.645403e+00	-2.776384e-02
4.667681662393466e-03	3.650167e+00	-2.543554e-02
4.678842376679180e-03	3.654971e+00	-2.308684e-02
4.690003090964894e-03	3.659817e+00	-2.071776e-02
4.701163805250609e-03	3.664703e+00	-1.832828e-02
4.710929430250609e-03	3.668999e+00	-1.622688e-02
4.720695055250608e-03	3.673308e+00	-1.411929e-02
4.730460680250608e-03	3.677629e+00	-1.200552e-02
4.740226305250609e-03	3.681961e+00	-9.885569e-03
4.749991930250609e-03	3.686306e+00	-7.759440e-03
4.759757555250608e-03	3.690662e+00	-5.627132e-03
4.769523180250608e-03	3.695031e+00	-3.488643e-03
4.782078983822036e-03	3.700657e+00	-7.341477e-04
4.794634787393465e-03	3.706269e+00	2.013571e-03
4.807190590964894e-03	3.711865e+00	4.754512e-03
4.819746394536323e-03	3.717447e+00	7.488675e-03
4.832302198107751e-03	3.723014e+00	1.021606e-02
4.844858001679180e-03	3.728566e+00	1.293667e-02
4.857413805250608e-03	3.734103e+00	1.565050e-02
4.875549965964894e-03	3.742059e+00	1.955069e-02
4.893686126679180e-03	3.749887e+00	2.338928e-02
4.911822287393466e-03	3.757588e+00	2.716626e-02
4.929958448107750e-03	3.765161e+00	3.088164e-02
4.948094608822036e-03	3.772606e+00	3.453541e-02
4.966230769536322e-03	3.779923e+00	3.812759e-02
4.984366930250608e-03	3.787113e+00	4.165816e-02
4.998317823107751e-03	3.792506e+00	4.430740e-02
5.012268715964894e-03	3.797770e+00	4.689364e-02
5.026219608822036e-03	3.802904e+00	4.941686e-02
5.040170501679180e-03	3.807908e+00	5.187708e-02
5.054121394536323e-03	3.812783e+00	5.427429e-02
5.068072287393466e-03	3.817528e+00	5.660849e-02
5.082023180250608e-03	3.822144e+00	5.887968e-02
5.108529876679179e-03	3.830540e+00	6.301386e-02
5.135036573107751e-03	3.838280e+00	6.682751e-02
5.161543269536322e-03	3.845363e+00	7.032062e-02
5.188049965964894e-03	3.851789e+00	7.349320e-02
5.214556662393465e-03	3.857559e+00	7.634525e-02
5.241063358822037e-03	3.862671e+00	7.887677e-02
5.267570055250608e-03	3.867127e+00	8.108776e-02
5.288496394536322e-03	3.870079e+00	8.255691e-02
5.309422733822036e-03	3.872548e+00	8.378928e-02
5.330349073107751e-03	3.874532e+00	8.478488e-02
5.351275412393466e-03	3.876033e+00	8.554369e-02
5.372201751679180e-03	3.877049e+00	8.606572e-02
5.393128090964894e-03	3.877582e+00	8.635098e-02
5.414054430250608e-03	3.877631e+00	8.639946e-02
5.421029876679180e-03	3.877535e+00	8.636047e-02
5.428005323107751e-03	3.877385e+00	8.629479e-02
5.434980769536323e-03	3.877180e+00	8.620243e-02
5.441956215964894e-03	3.876920e+00	8.608337e-02
5.448931662393465e-03	3.876606e+00	8.593763e-02
5.455907108822037e-03	3.876237e+00	8.576521e-02
5.462882555250608e-03	3.875814e+00	8.556610e-02
5.475438358822036e-03	3.874914e+00	8.513950e-02
5.487994162393465e-03	3.873842e+00	8.462891e-02
5.500549965964894e-03	3.872599e+00	8.403434e-02
5.513105769536323e-03	3.871185e+00	8.335578e-02
5.525661573107751e-03	3.869600e+00	8.259324e-02
5.538217376679180e-03	3.867843e+00	8.174671e-02
5.550773180250608e-03	3.865915e+00	8.081619e-02
5.574489698107751e-03	3.861782e+00	7.881742e-02
5.598206215964894e-03	3.857120e+00	7.655886e-02
5.621922733822037e-03	3.851930e+00	7.404050e-02
5.645639251679180e-03	3.846211e+00	7.126234e-02
5.669355769536323e-03	3.839963e+00	6.822438e-02
5.693072287393466e-03	3.833187e+00	6.492662e-02
5.716788805250609e-03	3.825883e+00	6.136906e-02
5.746085680250608e-03	3.816310e+00	5.670320e-02
5.765616930250609e-03	3.809573e+00	5.341807e-02
5.775382555250608e-03	3.806105e+00	5.172608e-02
5.785148180250608e-03	3.802573e+00	5.000249e-02
5.794913805250608e-03	3.798979e+00	4.824834e-02
5.804679430250609e-03	3.795325e+00	4.646469e-02
5.814445055250608e-03	3.791613e+00	4.465261e-02
5.824210680250608e-03	3.787846e+00	4.281319e-02
5.833976305250608e-03	3.784026e+00	4.094756e-02
5.843741930250609e-03	3.780156e+00	3.905681e-02
5.853507555250608e-03	3.776237e+00	3.714211e-02
5.863273180250608e-03	3.772272e+00	3.520460e-02
5.873038805250608e-03	3.768263e+00	3.324545e-02
5.882804430250609e-03	3.764213e+00	3.126583e-02
5.892570055250609e-03	3.760124e+00	2.926696e-02
5.902335680250608e-03	3.755999e+00	2.725002e-02
5.912101305250608e-03	3.751841e+00	2.521624e-02
5.921866930250609e-03	3.747650e+00	2.316683e-02
5.931632555250609e-03	3.743431e+00	2.110304e-02
5.941398180250608e-03	3.739186e+00	1.902611e-02
5.951163805250608e-03	3.734917e+00	1.693729e-02
5.960929430250609e-03	3.730627e+00	1.483784e-02
5.970695055250609e-03	3.726319e+00	1.272902e-02
5.980460680250608e-03	3.721994e+00	1.061211e-02
5.990226305250608e-03	3.717656e+00	8.488381e-03
5.999991930250608e-03	3.713308e+00	6.359108e-03
6.009757555250609e-03	3.708951e+00	4.225584e-03
6.019523180250608e-03	3.704589e+00	2.089082e-03
6.029288805250608e-03	3.700224e+00	-4.909730e-05
6.039054430250608e-03	3.695859e+00	-2.187679e-03
6.048820055250609e-03	3.691496e+00	-4.325363e-03
6.058585680250608e-03	3.687139e+00	-6.460872e-03
6.068351305250608e-03	3.682789e+00	-8.592910e-03
6.078116930250608e-03	3.678449e+00	-1.072020e-02
6.087882555250609e-03	3.674122e+00	-1.284146e-02
6.097648180250608e-03	3.669811e+00	-1.495541e-02
6.107413805250608e-03	3.665518e+00	-1.706078e-02
6.117179430250608e-03	3.661245e+00	-1.915630e-02
6.126945055250609e-03	3.656996e+00	-2.124071e-02
6.136710680250609e-03	3.652772e+00	-2.331275e-02
6.146476305250608e-03	3.648577e+00	-2.537118e-02
6.156241930250608e-03	3.644413e+00	-2.741476e-02
6.166007555250609e-03	3.640282e+00	-2.944225e-02
6.175773180250609e-03	3.636188e+00	-3.145245e-02
6.185538805250608e-03	3.632131e+00	-3.344413e-02
6.195304430250608e-03	3.628115e+00	-3.541611e-02
6.205070055250609e-03	3.624143e+00	-3.736718e-02
6.214835680250609e-03	3.620216e+00	-3.929619e-02
6.224601305250608e-03	3.616337e+00	-4.120197e-02
6.234366930250608e-03	3.612508e+00	-4.308338e-02
6.244132555250608e-03	3.608732e+00	-4.493927e-02
6.253898180250609e-03	3.605011e+00	-4.676854e-02
6.263663805250608e-03	3.601347e+00	-4.857009e-02
6.273429430250608e-03	3.597742e+00	-5.034283e-02
6.283195055250608e-03	3.594199e+00	-5.208570e-02
6.292960680250609e-03	3.590719e+00	-5.379765e-02
6.302726305250608e-03	3.587305e+00	-5.547765e-02
6.312491930250608e-03	3.583959e+00	-5.712469e-02
6.322257555250608e-03	3.580682e+00	-5.873777e-02
6.332023180250609e-03	3.577477e+00	-6.031595e-02
6.341788805250608e-03	3.574346e+00	-6.185825e-02
6.351554430250608e-03	3.571291e+00	-6.336375e-02
6.361320055250608e-03	3.568313e+00	-6.483156e-02
6.371085680250609e-03	3.565414e+00	-6.626078e-02
6.380851305250609e-03	3.562596e+00	-6.765056e-02
6.390616930250608e-03	3.559860e+00	-6.900007e-02
6.400382555250608e-03	3.557209e+00	-7.030848e-02
6.410148180250609e-03	3.554644e+00	-7.157502e-02
6.419913805250609e-03	3.552166e+00	-7.279892e-02
6.429679430250608e-03	3.549777e+00	-7.397945e-02
6.439445055250608e-03	3.547478e+00	-7.511589e-02
6.449210680250609e-03	3.545271e+00	-7.620756e-02
6.458976305250609e-03	3.543157e+00	-7.725380e-02
6.468741930250608e-03	3.541137e+00	-7.825399e-02
6.478507555250608e-03	3.539213e+00	-7.920752e-02
6.488273180250608e-03	3.537386e+00	-8.011381e-02
6.498038805250609e-03	3.535656e+00	-8.097233e-02
6.507804430250608e-03	3.534025e+00	-8.178255e-02
6.517570055250608e-03	3.532495e+00	-8.254398e-02
6.527335680250608e-03	3.531064e+00	-8.325617e-02
6.537101305250609e-03	3.529736e+00	-8.391868e-02
6.546866930250608e-03	3.528510e+00	-8.453112e-02
6.556632555250608e-03	3.527386e+00	-8.509311e-02
6.566398180250608e-03	3.526367e+00	-8.560432e-02
6.576163805250609e-03	3.525453e+00	-8.606444e-02
6.585929430250608e-03	3.524643e+00	-8.647317e-02
6.595695055250608e-03	3.523938e+00	-8.683030e-02
6.605460680250608e-03	3.523340e+00	-8.713558e-02
6.615226305250609e-03	3.522848e+00	-8.738884e-02
6.624991930250609e-03	3.522463e+00	-8.758992e-02
6.634757555250608e-03	3.522184e+00	-8.773870e-02
6.644523180250608e-03	3.522012e+00	-8.783510e-02
6.654288805250609e-03	3.521948e+00	-8.787904e-02
6.664054430250609e-03	3.521990e+00	-8.787051e-02
6.683585680250608e-03	3.522397e+00	-8.769605e-02
6.703116930250609e-03	3.523231e+00	-8.731215e-02
6.712882555250608e-03	3.523808e+00	-8.704191e-02
6.722648180250608e-03	3.524492e+00	-8.671901e-02
6.732413805250609e-03	3.525280e+00	-8.634499e-02
6.742179430250609e-03	3.526173e+00	-8.591982e-02
6.751945055250608e-03	3.527170e+00	-8.544352e-02
6.761710680250608e-03	3.528271e+00	-8.491608e-02
6.771476305250609e-03	3.529476e+00	-8.433751e-02
6.781241930250609e-03	3.530786e+00	-8.370780e-02
6.804958448107751e-03	3.534430e+00	-8.195132e-02
6.828674965964895e-03	3.538619e+00	-7.992718e-02
6.852391483822037e-03	3.543353e+00	-7.763538e-02
6.876108001679180e-03	3.548631e+00	-7.507593e-02
6.899824519536323e-03	3.554454e+00	-7.224882e-02
6.923541037393466e-03	3.560822e+00	-6.915405e-02
6.947257555250609e-03	3.567734e+00	-6.579163e-02
6.963998626679180e-03	3.572888e+00	-6.328296e-02
6.980739698107752e-03	3.578242e+00	-6.067569e-02
6.997480769536323e-03	3.583795e+00	-5.796981e-02
7.014221840964894e-03	3.589549e+00	-5.516532e-02
7.030962912393465e-03	3.595502e+00	-5.226223e-02
7.047703983822038e-03	3.601656e+00	-4.926052e-02
7.064445055250609e-03	3.608010e+00	-4.616021e-02
7.072815590964895e-03	3.611239e+00	-4.458411e-02
7.081186126679180e-03	3.614503e+00	-4.299041e-02
7.089556662393466e-03	3.617804e+00	-4.137911e-02
7.097927198107751e-03	3.621139e+00	-3.975021e-02
7.106297733822037e-03	3.624511e+00	-3.810372e-02
7.114668269536322e-03	3.627917e+00	-3.643962e-02
7.123038805250608e-03	3.631360e+00	-3.475793e-02
7.134199519536323e-03	3.636001e+00	-3.249026e-02
7.145360233822037e-03	3.640683e+00	-3.020220e-02
7.156520948107752e-03	3.645406e+00	-2.789376e-02
7.167681662393465e-03	3.650169e+00	-2.556492e-02
7.178842376679180e-03	3.654974e+00	-2.321570e-02
7.190003090964894e-03	3.659819e+00	-2.084609e-02
7.201163805250608e-03	3.664706e+00	-1.845610e-02
7.210929430250608e-03	3.669002e+00	-1.635423e-02
7.220695055250609e-03	3.673311e+00	-1.424618e-02
7.230460680250609e-03	3.677631e+00	-1.213196e-02
7.240226305250608e-03	3.681964e+00	-1.001155e-02
7.249991930250608e-03	3.686309e+00	-7.884967e-03
7.259757555250609e-03	3.690665e+00	-5.752204e-03
7.269523180250609e-03	3.695034e+00	-3.613262e-03
7.282078983822037e-03	3.700660e+00	-8.581850e-04
7.294634787393466e-03	3.706271e+00	1.890113e-03
7.307190590964894e-03	3.711868e+00	4.631632e-03
7.319746394536323e-03	3.717450e+00	7.366373e-03
7.332302198107751e-03	3.723016e+00	1.009434e-02
7.344858001679180e-03	3.728568e+00	1.281552e-02
7.357413805250609e-03	3.734106e+00	1.552992e-02
7.375549965964894e-03	3.742062e+00	1.943094e-02
7.393686126679180e-03	3.749890e+00	2.327035e-02
7.411822287393466e-03	3.757590e+00	2.704815e-02
7.429958448107751e-03	3.765163e+00	3.076435e-02
7.448094608822037e-03	3.772608e+00	3.441894e-02
7.466230769536323e-03	3.779926e+00	3.801193e-02
7.484366930250608e-03	3.787115e+00	4.154332e-02
7.498317823107751e-03	3.792509e+00	4.419318e-02
7.512268715964894e-03	3.797772e+00	4.678003e-02
7.526219608822037e-03	3.802907e+00	4.930388e-02
7.540170501679180e-03	3.807911e+00	5.176471e-02
7.554121394536322e-03	3.812786e+00	5.416253e-02
7.568072287393465e-03	3.817531e+00	5.649735e-02
7.582023180250608e-03	3.822146e+00	5.876916e-02
7.608529876679180e-03	3.830543e+00	6.290449e-02
7.635036573107751e-03	3.838283e+00	6.671929e-02
7.661543269536323e-03	3.845366e+00	7.021355e-02
7.688049965964894e-03	3.851792e+00	7.338728e-02
7.714556662393466e-03	3.857562e+00	7.624046e-02
7.741063358822037e-03	3.862674e+00	7.877312e-02
7.767570055250608e-03	3.867130e+00	8.098523e-02
7.788496394536323e-03	3.870082e+00	8.245527e-02
7.809422733822037e-03	3.872550e+00	8.368852e-02
7.830349073107751e-03	3.874535e+00	8.468499e-02
7.851275412393466e-03	3.876036e+00	8.544468e-02
7.872201751679180e-03	3.877052e+00	8.596758e-02
7.893128090964895e-03	3.877585e+00	8.625371e-02
7.914054430250608e-03	3.877634e+00	8.630306e-02
7.921029876679180e-03	3.877538e+00	8.626435e-02
7.928005323107751e-03	3.877387e+00	8.619896e-02
7.934980769536323e-03	3.877182e+00	8.610688e-02
7.941956215964894e-03	3.876923e+00	8.598812e-02
7.948931662393466e-03	3.876609e+00	8.584267e-02
7.955907108822036e-03	3.876240e+00	8.567053e-02
7.962882555250609e-03	3.875817e+00	8.547170e-02
7.975438358822038e-03	3.874917e+00	8.504561e-02
7.987994162393465e-03	3.873845e+00	8.453554e-02
8.000549965964894e-03	3.872602e+00	8.394147e-02
8.013105769536323e-03	3.871188e+00	8.326343e-02
8.025661573107752e-03	3.869602e+00	8.250139e-02
8.038217376679179e-03	3.867846e+00	8.165537e-02
8.050773180250608e-03	3.865918e+00	8.072536e-02
8.073094608822037e-03	3.862050e+00	7.885586e-02
8.095416037393466e-03	3.857709e+00	7.675432e-02
8.117737465964895e-03	3.852897e+00	7.442075e-02
8.140058894536322e-03	3.847613e+00	7.185514e-02
8.162380323107751e-03	3.841856e+00	6.905750e-02
8.184701751679180e-03	3.835628e+00	6.602782e-02
8.207023180250609e-03	3.828927e+00	6.276611e-02
8.236320055250608e-03	3.819576e+00	5.821086e-02
8.255851305250608e-03	3.812978e+00	5.499471e-02
8.265616930250609e-03	3.809576e+00	5.333571e-02
8.275382555250609e-03	3.806108e+00	5.164409e-02
8.285148180250609e-03	3.802576e+00	4.992088e-02
8.294913805250608e-03	3.798981e+00	4.816711e-02
8.304679430250608e-03	3.795327e+00	4.638383e-02
8.314445055250608e-03	3.791616e+00	4.457213e-02
8.324210680250608e-03	3.787849e+00	4.273309e-02
8.333976305250608e-03	3.784029e+00	4.086782e-02
8.343741930250609e-03	3.780158e+00	3.897745e-02
8.353507555250609e-03	3.776239e+00	3.706312e-02
8.363273180250609e-03	3.772274e+00	3.512598e-02
8.373038805250609e-03	3.768265e+00	3.316719e-02
8.382804430250608e-03	3.764216e+00	3.118795e-02
8.392570055250608e-03	3.760127e+00	2.918945e-02
8.402335680250608e-03	3.756002e+00	2.717287e-02
8.412101305250608e-03	3.751843e+00	2.513946e-02
8.421866930250609e-03	3.747653e+00	2.309042e-02
8.431632555250609e-03	3.743434e+00	2.102700e-02
8.441398180250609e-03	3.739189e+00	1.895043e-02
8.451163805250609e-03	3.734920e+00	1.686198e-02
8.460929430250608e-03	3.730630e+00	1.476289e-02
8.470695055250608e-03	3.726321e+00	1.265444e-02
8.480460680250608e-03	3.721997e+00	1.053789e-02
8.490226305250608e-03	3.717659e+00	8.414521e-03
8.499991930250608e-03	3.713311e+00	6.285612e-03
8.509757555250609e-03	3.708954e+00	4.152446e-03
8.519523180250609e-03	3.704592e+00	2.016308e-03
8.529288805250609e-03	3.700227e+00	-1.215154e-04
8.539054430250608e-03	3.695862e+00	-2.259735e-03
8.548820055250608e-03	3.691499e+00	-4.397063e-03
8.558585680250608e-03	3.687141e+00	-6.532212e-03
8.568351305250608e-03	3.682791e+00	-8.663896e-03
8.578116930250608e-03	3.678452e+00	-1.079083e-02
8.587882555250609e-03	3.674125e+00	-1.291173e-02
8.597648180250609e-03	3.669813e+00	-1.502533e-02
8.607413805250609e-03	3.665520e+00	-1.713034e-02
8.617179430250609e-03	3.661248e+00	-1.922551e-02
8.626945055250608e-03	3.656998e+00	-2.130956e-02
8.636710680250608e-03	3.652775e+00	-2.338125e-02
8.646476305250608e-03	3.648580e+00	-2.543933e-02
8.656241930250608e-03	3.644416e+00	-2.748256e-02
8.666007555250609e-03	3.640285e+00	-2.950970e-02
8.675773180250609e-03	3.636190e+00	-3.151955e-02
8.685538805250609e-03	3.632134e+00	-3.351089e-02
8.695304430250609e-03	3.628118e+00	-3.548251e-02
8.705070055250608e-03	3.624145e+00	-3.743324e-02
8.714835680250608e-03	3.620219e+00	-3.936190e-02
8.724601305250608e-03	3.616339e+00	-4.126733e-02
8.734366930250608e-03	3.612511e+00	-4.314839e-02
8.744132555250608e-03	3.608735e+00	-4.500394e-02
8.753898180250609e-03	3.605014e+00	-4.683286e-02
8.763663805250609e-03	3.601349e+00	-4.863407e-02
8.773429430250609e-03	3.597745e+00	-5.040647e-02
8.783195055250608e-03	3.594201e+00	-5.214899e-02
8.792960680250608e-03	3.590722e+00	-5.386060e-02
8.802726305250608e-03	3.587308e+00	-5.554026e-02
8.812491930250608e-03	3.583961e+00	-5.718695e-02
8.822257555250608e-03	3.580685e+00	-5.879970e-02
8.832023180250609e-03	3.577480e+00	-6.037753e-02
8.841788805250609e-03	3.574349e+00	-6.191950e-02
8.851554430250609e-03	3.571294e+00	-6.342466e-02
8.861320055250609e-03	3.568315e+00	-6.489214e-02
8.871085680250608e-03	3.565416e+00	-6.632102e-02
8.880851305250608e-03	3.562598e+00	-6.771047e-02
8.890616930250608e-03	3.559863e+00	-6.905963e-02
8.900382555250608e-03	3.557212e+00	-7.036772e-02
8.910148180250609e-03	3.554646e+00	-7.163392e-02
8.919913805250609e-03	3.552168e+00	-7.285748e-02
8.929679430250609e-03	3.549779e+00	-7.403767e-02
8.939445055250609e-03	3.547481e+00	-7.517378e-02
8.949210680250608e-03	3.545274e+00	-7.626512e-02
8.958976305250608e-03	3.543160e+00	-7.731103e-02
8.968741930250608e-03	3.541140e+00	-7.831088e-02
8.978507555250608e-03	3.539216e+00	-7.926409e-02
8.988273180250608e-03	3.537389e+00	-8.017005e-02
8.998038805250609e-03	3.535659e+00	-8.102824e-02
9.007804430250609e-03	3.534028e+00	-8.183813e-02
9.017570055250609e-03	3.532497e+00	-8.259924e-02
9.027335680250608e-03	3.531067e+00	-8.331110e-02
9.037101305250608e-03	3.529738e+00	-8.397328e-02
9.046866930250608e-03	3.528512e+00	-8.458539e-02
9.056632555250608e-03	3.527389e+00	-8.514706e-02
9.066398180250608e-03	3.526370e+00	-8.565794e-02
9.076163805250609e-03	3.525455e+00	-8.611773e-02
9.085929430250609e-03	3.524645e+00	-8.652615e-02
9.095695055250609e-03	3.523941e+00	-8.688294e-02
9.105460680250609e-03	3.523343e+00	-8.718790e-02
9.115226305250608e-03	3.522851e+00	-8.744084e-02
9.124991930250608e-03	3.522465e+00	-8.764160e-02
9.134757555250608e-03	3.522187e+00	-8.779006e-02
9.144523180250608e-03	3.522015e+00	-8.788614e-02
9.154288805250609e-03	3.521950e+00	-8.792976e-02
9.164054430250609e-03	3.521993e+00	-8.792091e-02
9.183585680250609e-03	3.522399e+00	-8.774582e-02
9.203116930250608e-03	3.523233e+00	-8.736128e-02
9.212882555250608e-03	3.523810e+00	-8.709073e-02
9.222648180250608e-03	3.524494e+00	-8.676752e-02
9.232413805250608e-03	3.525283e+00	-8.639317e-02
9.242179430250607e-03	3.526175e+00	-8.596769e-02
9.251945055250609e-03	3.527172e+00	-8.549108e-02
9.261710680250609e-03	3.528273e+00	-8.496333e-02
9.271476305250608e-03	3.529479e+00	-8.438444e-02
9.281241930250608e-03	3.530789e+00	-8.375443e-02
9.304958448107751e-03	3.534433e+00	-8.199719e-02
9.328674965964893e-03	3.538622e+00	-7.997229e-02
9.352391483822036e-03	3.543355e+00	-7.767975e-02
9.376108001679180e-03	3.548634e+00	-7.511955e-02
9.399824519536323e-03	3.554457e+00	-7.229170e-02
9.423541037393466e-03	3.560824e+00	-6.919620e-02
9.447257555250608e-03	3.567737e+00	-6.583305e-02
9.463998626679180e-03	3.572891e+00	-6.332387e-02
9.480739698107751e-03	3.578244e+00	-6.071608e-02
9.497480769536323e-03	3.583798e+00	-5.800968e-02
9.514221840964895e-03	3.589551e+00	-5.520468e-02
9.530962912393467e-03	3.595505e+00	-5.230108e-02
9.547703983822037e-03	3.601659e+00	-4.929887e-02
9.564445055250609e-03	3.608012e+00	-4.619805e-02
9.572815590964895e-03	3.611241e+00	-4.462169e-02
9.581186126679180e-03	3.614506e+00	-4.302774e-02
9.589556662393466e-03	3.617806e+00	-4.141619e-02
9.597927198107752e-03	3.621142e+00	-3.978704e-02
9.606297733822038e-03	3.624513e+00	-3.814030e-02
9.614668269536322e-03	3.627920e+00	-3.647595e-02
9.623038805250608e-03	3.631362e+00	-3.479401e-02
9.634199519536321e-03	3.636003e+00	-3.252600e-02
9.645360233822037e-03	3.640685e+00	-3.023762e-02
9.656520948107750e-03	3.645408e+00	-2.792884e-02
9.667681662393466e-03	3.650172e+00	-2.559968e-02
9.678842376679179e-03	3.654976e+00	-2.325013e-02
9.690003090964894e-03	3.659822e+00	-2.088019e-02
9.701163805250608e-03	3.664708e+00	-1.848986e-02
9.710929430250608e-03	3.669005e+00	-1.638771e-02
9.720695055250608e-03	3.673313e+00	-1.427938e-02
9.730460680250607e-03	3.677634e+00	-1.216486e-02
9.740226305250609e-03	3.681967e+00	-1.004417e-02
9.749991930250609e-03	3.686311e+00	-7.917305e-03
9.759757555250608e-03	3.690668e+00	-5.784258e-03
9.769523180250608e-03	3.695036e+00	-3.645032e-03
9.789054430250608e-03	3.703767e+00	6.307884e-04
9.804400412393464e-03	3.710646e+00	4.000748e-03
9.819746394536323e-03	3.717483e+00	7.351126e-03
9.835092376679179e-03	3.724279e+00	1.068192e-02
9.850438358822038e-03	3.731034e+00	1.399314e-02
9.865784340964894e-03	3.737747e+00	1.728477e-02
9.881130323107752e-03	3.744419e+00	2.055683e-02
9.896476305250609e-03	3.751049e+00	2.380930e-02
9.911265404500522e-03	3.757363e+00	2.690754e-02
9.926054503750436e-03	3.763577e+00	2.995713e-02
9.940843603000349e-03	3.769690e+00	3.295805e-02
9.955632702250260e-03	3.775703e+00	3.591032e-02
9.970421801500174e-03	3.781615e+00	3.881393e-02
9.985210900750087e-03	3.787426e+00	4.166889e-02
1.000000000000000e-02	3.793137e+00	4.447518e-02
